0.02  -0.03396348969264442  0.0012793964690336233
0.04  -0.07632098623384362  0.0021590853319664108
0.06  -0.11372881526321457  0.0024439822656948736
0.08  -0.14703134379521793  0.0023711634058136487
0.1  -0.17672319498567032  0.0020978610908677976
0.12  -0.2031188041421843  0.0017231956129127096
0.14  -0.22644376563522062  0.0013077805605069925
0.16  -0.24688096248658684  0.0008871934798921962
0.18  -0.26459259585176337  0.00048141425664511634
0.2  -0.2797292127552031  0.00010099445809070727
0.22  -0.29243294914672596  -0.0002491035793175548
0.24  -0.30283876833508994  -0.0005666247859960304
0.26  -0.3110752781294172  -0.0008509248215599501
0.28  -0.3172652383751269  -0.0011023813676112842
0.3  -0.32152664277279164  -0.0013215253998976981
0.32  -0.32397364594992756  -0.0015090961193129052
0.34  -0.3247177460074176  -0.0016658693595534588
0.36  -0.32386901847795635  -0.0017927705536419868
0.38  -0.3215371910500825  -0.001890837903483716
0.4  -0.3178321007596251  -0.0019609870306718886
0.42  -0.3128642543635201  -0.0020042745960791386
0.44  -0.30674517582549915  -0.002021734235075504
0.46  -0.2995872777058327  -0.002014774224394686
0.48  -0.2915039456984144  -0.001985289558366967
0.5  -0.28260921623629565  -0.00193510630453325
0.52  -0.27301661940574373  -0.0018661505369323749
0.54  -0.26283847665093235  -0.0017805269783765368
0.56  -0.2521856823405335  -0.0016804629802604496
0.58  -0.24116693553937288  -0.0015681833245636146
0.6  -0.2298877253104072  -0.0014458226503572323
0.62  -0.21844948738243042  -0.0013154156662136419
0.64  -0.2069488976713223  -0.0011789171713204071
0.66  -0.1954772639189904  -0.0010382157968427774
0.68  -0.1841199897413743  -0.0008951308799506432
0.7000000000000001  -0.1729560972491655  -0.0007513968019927393
0.72  -0.16205781418624948  -0.0006086424839193759
0.74  -0.15149024152070478  -0.00046837155179137564
0.76  -0.14131111496555815  -0.0003319481264767156
0.78  -0.13157065209745464  -0.000200594112179581
0.8  -0.12231146947019025  -7.540059721021817e-05
0.8200000000000001  -0.1135686332230874  4.2655135873969306e-05
0.84  -0.10536995585297229  0.00015271746994894052
0.86  -0.09773627906196569  0.0002540845347382998
0.88  -0.0906815876202176  0.0003462228237784461
0.9  -0.08421321204219545  0.00042874788716584864
0.92  -0.07833217204417028  0.0005014023122734815
0.9400000000000001  -0.07303359754971701  0.0005640394896345726
0.96  -0.06830718605856562  0.000616612486283098
0.98  -0.06413767835922839  0.0006591679754038749
1.0  -0.060505346476501264  0.0006918436492190475
1.02  -0.05738649212339294  0.000714865454334268
1.04  -0.05475395285115517  0.0007285429030973838
1.06  -0.052577612116433435  0.000733262903141772
1.08  -0.050824908527003075  0.0007294822493488481
1.1  -0.04946133971284434  0.0007177194123494258
1.12  -0.04845095639004673  0.0006985460066432533
1.1400000000000001  -0.04775684244177984  0.0006725780468579911
1.16  -0.04734157723643141  0.0006404671260478081
1.18  -0.04716767615301209  0.0006028923056125892
1.2  -0.0471980060714462  0.0005605532720980048
1.22  -0.04739617276580162  0.0005141645517297328
1.24  -0.04772687741204405  0.0004644500099996073
1.26  -0.04815623953400767  0.0004121366339727212
1.28  -0.04865208364119118  0.0003579474785013725
1.3  -0.049184187614305576  0.0003025945256326803
1.32  -0.049724492639007994  0.00024677168544968097
1.34  -0.05024727506186039  0.00019114753244491657
1.36  -0.05072928238787002  0.00013636038387914497
1.3800000000000001  -0.051149836620297665  8.301338615872896e-05
1.4000000000000001  -0.05149090313169057  3.16659535495361e-05
1.42  -0.05173712334709605  -1.717274823229587e-05
1.44  -0.05187581284524452  -6.304989721982076e-05
1.46  -0.05189692866945987  -0.00010557358490681734
1.48  -0.051793008706591044  -0.00014441564000488758
1.5  -0.05155908572518129  -0.00017931290105858576
1.52  -0.05119257864433026  -0.0002100671376933047
1.54  -0.050693163578783285  -0.00023654386347653618
1.56  -0.050062627159160704  -0.0002586703060054596
1.58  -0.04930470461207975  -0.0002764327621478634
1.6  -0.04842490510146171  -0.00028987349046853347
1.62  -0.04743032686093884  -0.00029908721295780077
1.6400000000000001  -0.0463294646582017  -0.0003042172477539278
1.6600000000000001  -0.04513201210973404  -0.00030545129001330015
1.68  -0.0438486613915246  -0.00030301685878107883
1.7  -0.04249090291782723  -0.000297176422598408
1.72  -0.04107082730930858  -0.00028822223544659444
1.74  -0.039600931702494915  -0.00027647093749983884
1.76  -0.038093932398940065  -0.00026225803765523664
1.78  -0.03656258573681511  -0.0002459324245380259
1.8  -0.03501951882676112  -0.00022785101427564533
1.82  -0.033477071549584535  -0.00020837359568161146
1.84  -0.03194715101508173  -0.00018785791008041176
1.86  -0.03044109950741262  -0.0001666550078045302
1.8800000000000001  -0.02896957675757354  -0.0001451049368772567
1.9000000000000001  -0.027542457179801257  -0.000123532820105352
1.92  -0.026168742500978927  -0.0001022453649427635
1.94  -0.02485649001104944  -8.152783448932959e-05
1.96  -0.02361275647129065  -6.164148871325535e-05
1.98  -0.022443557533865656  -4.282148306344001e-05
2.0  -0.021353842321721016  -2.527523253510771e-05
2.02  -0.020347482666654936  -9.18136971244228e-06
2.04  -0.019427276552701014  5.310744500740207e-06
2.06  -0.018594964972263477  1.8081299245582258e-05
2.08  -0.017851261116046388  2.9039984637959618e-05
2.1  -0.017195890945574163  3.8125474808457164e-05
2.12  -0.01662764413087394  4.5304521094795215e-05
2.14  -0.016144434204971053  5.057072617789527e-05
2.16  -0.01574336670884563  5.394304716156744e-05
2.18  -0.01542081405968133  5.5464071863646676e-05
2.2  -0.015172495855449837  5.5198108928374684e-05
2.22  -0.014993563323417752  5.322912303394557e-05
2.24  -0.01487868662742389  4.965853180789357e-05
2.2600000000000002  -0.014822143770531489  4.4602867284753594e-05
2.2800000000000002  -0.014817909868770502  3.819130561861421e-05
2.3000000000000003  -0.014859745629917275  3.056309673715068e-05
2.32  -0.0149412839512135  2.186496974278658e-05
2.34  -0.015056113654333857  1.2248616261395723e-05
2.36  -0.015197859494573598  1.8683419479508336e-06
2.38  -0.015360257681391754  -9.121062587974093e-06
2.4  -0.01553722620469854  -2.056622409177131e-05
2.42  -0.015722929307479254  -3.231688731009932e-05
2.44  -0.01591183553049709  -4.422745333688895e-05
2.46  -0.016098768878017575  -5.615839665691169e-05
2.48  -0.016278952774608522  -6.797759444043106e-05
2.5  -0.016448046597284167  -7.956156529057403e-05
2.52  -0.016602174716081733  -9.07965691379466e-05
2.54  -0.01673794812827062  -0.00010157952991359778
2.56  -0.016852478852547703  -0.00011181877902713985
2.58  -0.016943387284799747  -0.00012143461936130163
2.6  -0.017008802778628755  -0.00013035969352466112
2.62  -0.017047357794018166  -0.00013853914937042756
2.64  -0.01705817602452655  -0.00014593061460602716
2.66  -0.017040854965870572  -0.00015250400071503993
2.68  -0.016995443431555915  -0.00015824115588468119
2.7  -0.016922414557274078  -0.00016313538388766348
2.72  -0.016822634864941403  -0.00016719084419634673
2.74  -0.01669732997857704  -0.0001704218482303549
2.7600000000000002  -0.016548047597086005  -0.00017285206684614183
2.7800000000000002  -0.016376618333626986  -0.0001745136644183059
2.8000000000000003  -0.016185115027935838  -0.00017544637480744436
2.82  -0.01597581112710925  -0.00017569653426789423
2.84  -0.015751138712030644  -0.00017531608609945185
2.86  -0.01551364672137525  -0.00017436157183286464
2.88  -0.015265959894357604  -0.00017289312340005187
2.9  -0.015010738918562357  -0.00017097346980567976
2.92  -0.01475064223058685  -0.0001686669704350821
2.94  -0.014488289874416947  -0.00016603868590533277
2.96  -0.014226229775983232  -0.00016315349624627527
2.98  -0.013966906743362269  -0.00016007527509800652
3.0  -0.013712634451845725  -0.00015686612732786502
3.02  -0.013465570622253354  -0.0001535856962450856
3.04  -0.013227695550035033  -0.00015029054531834612
3.06  -0.013000794092327421  -0.0001470336181357169
3.08  -0.012786441170771514  -0.00014386377908915987
3.1  -0.012585990800087082  -0.00014082543602629007
3.12  -0.012400568606713815  -0.0001379582448697331
3.14  -0.012231067758790556  -0.0001352968950629495
3.16  -0.012078148188833713  -0.00013287097364282185
3.18  -0.011942238953976267  -0.00013070490493838544
3.2  -0.011823543545893149  -0.0001288179620705289
3.22  -0.011722047933702516  -0.0001272243457197999
3.24  -0.011637531098460028  -0.00012593332492252904
3.2600000000000002  -0.011569577797552508  -0.00012494943404963956
3.2800000000000002  -0.011517593281301855  -0.00012427271977599448
3.3000000000000003  -0.011480819672465403  -0.00012389903174197685
3.3200000000000003  -0.011458353711667315  -0.0001238203507032006
3.34  -0.011449165568131327  -0.00012402514792720975
3.36  -0.011452118415389179  -0.0001244987693767771
3.38  -0.011465988475922789  -0.0001252238379288154
3.4  -0.011489485246916405  -0.000126180666730605
3.42  -0.011521271630943235  -0.0001273476769482295
3.44  -0.011559983710135762  -0.00012870181355559946
3.46  -0.011604249919722481  -0.0001302189533582821
3.48  -0.011652709396473816  -0.00013187430003329127
3.5  -0.011704029299193989  -0.00013364276154457117
3.52  -0.011756920921439453  -0.00013549930600013384
3.54  -0.011810154441017438  -0.00013741929258804218
3.56  -0.011862572176052034  -0.00013937877481931565
3.58  -0.011913100243111912  -0.00014135477386240715
3.6  -0.011960758538808585  -0.0001433255203387489
3.62  -0.012004668991969735  -0.00014527066354360442
3.64  -0.012044062058658626  -0.00014717144757877204
3.66  -0.012078281456689328  -0.00014901085445062336
3.68  -0.01210678715953906  -0.00015077371463866572
3.7  -0.012129156691453934  -0.00015244678608568438
3.72  -0.012145084785864464  -0.0001540188028417523
3.74  -0.012154381487898089  -0.00015548049485588917
3.7600000000000002  -0.012156968798642427  -0.00015682458050544977
3.7800000000000002  -0.0121528759738428  -0.00015804573370462646
3.8000000000000003  -0.012142233602555464  -0.00015914052770090923
3.8200000000000003  -0.012125266601717144  -0.0001601073580075117
3.84  -0.012102286270558413  -0.00016094634707562055
3.86  -0.012073681554482713  -0.00016165923332281634
3.88  -0.012039909671603856  -0.00016224924694367249
3.9  -0.012001486256700267  -0.00016272097488630004
3.92  -0.011958975176859548  -0.00016308021725805537
3.94  -0.011912978170573536  -0.00016333383738935408
3.96  -0.011864124457637047  -0.00016348960775708945
3.98  -0.011813060461004585  -0.00016355605385544515
4.0  -0.011760439773950842  -0.0001635422980327329
4.0200000000000005  -0.011706913496679516  -0.00016345790516057414
4.04  -0.011653121056072843  -0.0001633127318890017
4.0600000000000005  -0.011599681610803294  -0.0001631167810977237
4.08  -0.011547186131700405  -0.0001628800630003576
4.1  -0.011496190234328435  -0.0001626124642106362
4.12  -0.011447207827296873  -0.00016232362591059405
4.14  -0.01140070562619169  -0.00016202283209989376
4.16  -0.011357098569255226  -0.00016171890869327437
4.18  -0.01131674615731544  -0.0001614201340799794
4.2  -0.011279949727092672  -0.00016113416158522242
4.22  -0.011246950654058122  -0.00016086795411358125
4.24  -0.011217929468671957  -0.00016062773111502518
4.26  -0.011193005858178324  -0.00016041892791876462
4.28  -0.011172239515394523  -0.00016024616730980795
4.3  -0.011155631786131034  -0.00016011324311432845
4.32  -0.011143128058214791  -0.00016002311541915744
4.34  -0.011134620827476127  -0.000159977916894345
4.36  -0.011129953369720447  -0.00015997896955942772
4.38  -0.011128923942490796  -0.00016002681123154837
4.4  -0.011131290436483188  -0.0001601212307682224
4.42  -0.011136775393741645  -0.00016026131118101496
4.44  -0.011145071308238823  -0.00016044547960773617
4.46  -0.01115584612412002  -0.00016067156312631162
4.48  -0.011168748847754664  -0.00016093684938608114
4.5  -0.011183415191652581  -0.00016123815102441342
4.5200000000000005  -0.01119947317131301  -0.00016157187286664626
4.54  -0.011216548579973094  -0.00016193408094775764
4.5600000000000005  -0.011234270270982795  -0.00016232057240013752
4.58  -0.01125227518304274  -0.0001627269453276093
4.6000000000000005  -0.01127021304967027  -0.00016314866777800407
4.62  -0.011287750740934738  -0.00016358114500273247
4.64  -0.01130457619261951  -0.0001640197841974876
4.66  -0.011320401885396255  -0.00016446005602708635
4.68  -0.011334967844238507  -0.00016489755230005292
4.7  -0.01134804413606317  -0.00016532803926445487
4.72  -0.011359432851340362  -0.0001657475060474573
4.74  -0.011368969563031718  -0.00016615220788594043
4.76  -0.011376524263685763  -0.00016653870383896957
4.78  -0.011382001788599837  -0.00016690388876754088
4.8  -0.011385341739712005  -0.00016724501945754278
4.82  -0.011386517931101611  -0.00016755973482225173
4.84  -0.011385537382641019  -0.00016784607024067805
4.86  -0.01138243889342536  -0.00016810246613809513
4.88  -0.011377291231012464  -0.00016832777104156427
4.9  -0.011370190976318823  -0.000168521239392379
4.92  -0.011361260067183507  -0.00016868252441017118
4.94  -0.011350643086089896  -0.00016881166635773765
4.96  -0.011338504339349194  -0.00016890907652097837
4.98  -0.011325024776107355  -0.0001689755172193569
5.0  -0.011310398795862209  -0.0001690120782185838
5.0200000000000005  -0.0112948309928129  -0.0001690201499319535
5.04  -0.011278532884322089  -0.00016900139385285978
5.0600000000000005  -0.011261719669131167  -0.00016895771069181043
5.08  -0.011244607058788658  -0.00016889120671453813
5.1000000000000005  -0.011227408223046138  -0.00016880415878428232
5.12  -0.011210330886859871  -0.00016869897862024815
5.14  -0.011193574613085497  -0.00016857817675489632
5.16  -0.011177328301128059  -0.00016844432668338153
5.18  -0.011161767927668032  -0.00016830002963537583
5.2  -0.011147054551294909  -0.00016814788041710695
5.22  -0.011133332598411386  -0.00016799043468717067
5.24  -0.011120728443284923  -0.00016783017802839085
5.26  -0.011109349290570905  -0.00016766949712661246
5.28  -0.011099282364225665  -0.00016751065331547182
5.3  -0.011090594402347595  -0.00016735575874826414
5.32  -0.011083331453344086  -0.00016720675537063235
5.34  -0.011077518964890272  -0.00016706539686698837
5.36  -0.011073162153437587  -0.0001669332337267572
5.38  -0.011070246638704923  -0.0001668116014836068
5.4  -0.011068739324507554  -0.00016670161219466486
5.42  -0.011068589504663218  -0.00016660414914463858
5.44  -0.011069730170377733  -0.00016651986473169235
5.46  -0.011072079493700654  -0.00016644918144152494
5.48  -0.011075542460156079  -0.00016639229578509467
5.5  -0.01108001262263415  -0.00016634918504201013
5.5200000000000005  -0.011085373948020897  -0.00016631961662524425
5.54  -0.011091502727873372  -0.00016630315984135675
5.5600000000000005  -0.011098269524620858  -0.0001662991998218905
5.58  -0.011105541125391352  -0.0001663069533570376
5.6000000000000005  -0.011113182476496907  -0.00016632548636013472
5.62  -0.011121058572902316  -0.00016635373267445274
5.64  -0.011129036278574877  -0.00016639051392361806
5.66  -0.01113698605545145  -0.00016643456010427592
5.68  -0.01114478358088382  -0.00016648453062238653
5.7  -0.011152311235639525  -0.00016653903548876313
5.72  -0.011159459447020076  -0.00016659665637263233
5.74  -0.011166127874183772  -0.00016665596727171654
5.76  -0.011172226425388333  -0.00016671555452484114
5.78  -0.011177676099533778  -0.00016677403594631495
5.8  -0.011182409647046785  -0.00016683007885873944
5.82  -0.011186372047785043  -0.00016688241680471035
5.84  -0.01118952080621647  -0.0001669298647596696
5.86  -0.011191826066667403  -0.0001669713326052389
5.88  -0.011193270553924614  -0.00016700583665992208
5.9  -0.01119384934682639  -0.0001670325090710715
5.92  -0.011193569494563172  -0.0001670506050001417
5.94  -0.011192449486910169  -0.0001670595077914726
5.96  -0.011190518590656024  -0.00016705873252649295
5.98  -0.011187816065388718  -0.00016704792830734232
6.0  -0.011184390273098591  -0.00016702687929829728
6.0200000000000005  -0.011180297697522008  -0.00016699550417070488
6.04  -0.011175601890205163  -0.0001669538536014949
6.0600000000000005  -0.011170372360638902  -0.00016690210575834405
6.08  -0.011164683427737628  -0.00016684055996793337
6.1000000000000005  -0.011158613049650507  -0.00016676962893416792
6.12  -0.01115224164846465  -0.0001666898298006386
6.140000000000001  -0.011145650945767496  -0.00016660177431130333
6.16  -0.011138922824249846  -0.00016650615819553205
6.18  -0.01113213822957034  -0.00016640374985205748
6.2  -0.011125376125634877  -0.00016629537840348672
6.22  -0.011118712515257437  -0.00016618192122197327
6.24  -0.011112219536869175  -0.0001660642910917313
6.26  -0.011105964646564888  -0.00016594342321569967
6.28  -0.011100009893277467  -0.00016582026231271897
6.3  -0.011094411293279031  -0.00016569575000608615
6.32  -0.011089218308654836  -0.0001655708127212742
6.34  -0.011084473432755478  -0.00016544635023335678
6.36  -0.011080211884098575  -0.00016532322498922602
6.38  -0.011076461408653804  -0.00016520225232167634
6.4  -0.011073242189003518  -0.00016508419161463862
6.42  -0.011070566857491053  -0.0001649697385192515
6.44  -0.011068440609179213  -0.00016485951825134283
6.46  -0.011066861409284205  -0.00016475408001647253
6.48  -0.011065820288671816  -0.00016465389260218938
6.5  -0.011065301720082871  -0.00016455934113512118
6.5200000000000005  -0.011065284066966757  -0.00016447072501199657
6.54  -0.011065740096113724  -0.00016438825698517295
6.5600000000000005  -0.011066637544808001  -0.00016431206336851975
6.58  -0.011067939732830392  -0.00016424218533140316
6.6000000000000005  -0.011069606209410192  -0.00016417858121267452
6.62  -0.011071593425185777  -0.00016412112980274866
6.640000000000001  -0.011073855419243075  -0.00016406963450650504
6.66  -0.011076344511518028  -0.00016402382830507558
6.68  -0.011079011991166263  -0.00016398337942873467
6.7  -0.01108180879190172  -0.00016394789764017547
6.72  -0.011084686145865967  -0.0001639169410220616
6.74  -0.011087596208185876  -0.0001638900231829956
6.76  -0.011090492645107607  -0.00016386662074482835
6.78  -0.011093331179332528  -0.0001638461810410997
6.8  -0.011096070087037398  -0.00016382812989493485
6.82  -0.011098670641892808  -0.00016381187938668064
6.84  -0.011101097502324934  -0.00016379683551868832
6.86  -0.011103319039126675  -0.0001637824056774697
6.88  -0.01110530760148547  -0.00016376800580668674
6.9  -0.011107039720342389  -0.00016375306721854729
6.92  -0.011108496248910218  -0.00016373704296771745
6.94  -0.011109662441001578  -0.0001637194137265186
6.96  -0.0111105279686318  -0.00016369969310438048
6.98  -0.011111086881088202  -0.0001636774323724763
7.0  -0.011111337508365078  -0.00016365222455299607
7.0200000000000005  -0.011111282312476736  -0.00016362370785092382
7.04  -0.011110927690707838  -0.00016359156840810578
7.0600000000000005  -0.011110283735327154  -0.00016355554237897275
7.08  -0.011109363954698345  -0.00016351541731891004
7.1000000000000005  -0.011108184961012634  -0.0001634710329160456
7.12  -0.011106766130105035  -0.00016342228105730707
7.140000000000001  -0.011105129238964527  -0.00016336910528196285
7.16  -0.011103298086596007  -0.0001633114996386547
7.18  -0.011101298103900394  -0.00016324950699174153
7.2  -0.011099155958138743  -0.00016318321682060722
7.22  -0.011096899157378833  -0.00016311276255737085
7.24  -0.011094555660121148  -0.00016303831852283398
7.26  -0.01109215349499934  -0.00016296009650416916
7.28  -0.01108972039511449  -0.00016287834204204164
7.3  -0.011087283451199713  -0.0001627933304796559
7.32  -0.011084868787355807  -0.00016270536283024905
7.34  -0.011082501262680365  -0.0001626147615232494
7.36  -0.011080204201603449  -0.00016252186608469035
7.38  -0.011077999155270529  -0.00016242702879804336
7.4  -0.011075905695794131  -0.0001623306104165099
7.42  -0.0110739412446878  -0.00016223297594684873
7.44  -0.011072120936299543  -0.00016213449057997186
7.46  -0.011070457516561608  -0.00016203551577902836
7.48  -0.011068961276900692  -0.00016193640559100528
7.5  -0.0110676400226958  -0.00016183750319070283
7.5200000000000005  -0.011066499075243113  -0.0001617391376996087
7.54  -0.011065541305797844  -0.00016164162129389173
7.5600000000000005  -0.011064767199899652  -0.00016154524663168326
7.58  -0.011064174949864962  -0.00016145028459412268
7.6000000000000005  -0.01106376057306177  -0.00016135698237700248
7.62  -0.011063518053336757  -0.000161265561907687
7.640000000000001  -0.011063439502769412  -0.00016117621861314193
7.66  -0.011063515340806388  -0.00016108912052332152
7.68  -0.011063734487707418  -0.000161004407705702
7.7  -0.011064084569169928  -0.00016092219202019274
7.72  -0.011064552129023207  -0.00016084255718275237
7.74  -0.011065122846874146  -0.00016076555911903113
7.76  -0.011065781757677709  -0.00016069122659028638
7.78  -0.011066513470302096  -0.0001606195620773698
7.8  -0.011067302382297972  -0.00016055054288347507
7.82  -0.011068132888254326  -0.00016048412245569046
7.84  -0.011068989579310856  -0.00016042023187937425
7.86  -0.011069857431632099  -0.00016035878153570685
7.88  -0.011070721981867253  -0.00016029966288777677
7.9  -0.011071569487894216  -0.00016024275037159976
7.92  -0.011072387073392195  -0.0001601879033754754
7.94  -0.011073162855073083  -0.00016013496827051128
7.96  -0.011073886051674618  -0.00016008378047771484
7.98  -0.011074547074089128  -0.0001600341665454733
8.0  -0.01107513759628223  -0.00015998594622245078
8.02  -0.011075650606898503  -0.000159938934504497
8.040000000000001  -0.01107608044174862  -0.00015989294363100625
8.06  -0.011076422797549713  -0.00015984778502553
8.08  -0.011076674727581969  -0.0001598032711611025
8.1  -0.011076834620074649  -0.0001597592173377854
8.120000000000001  -0.011076902160360988  -0.0001597154433624474
8.14  -0.011076878277984929  -0.000159671775120967
8.16  -0.011076765080092293  -0.00015962804603344776
8.18  -0.011076565772559374  -0.0001595840983856276
8.2  -0.01107628457039869  -0.0001595397845320352
8.22  -0.011075926599067948  -0.0001594949679701824
8.24  -0.011075497788344487  -0.00015944952427055713
8.26  -0.011075004760442948  -0.0001594033418700335
8.28  -0.01107445471408077  -0.0001593563227321323
8.3  -0.011073855306143751  -0.00015930838285632898
8.32  -0.01107321453259125  -0.00015925945265858556
8.34  -0.011072540610152237  -0.00015920947720593953
8.36  -0.011071841860310568  -0.00015915841632091064
8.38  -0.011071126596970324  -0.00015910624455437627
8.4  -0.011070403019082357  -0.00015905295102775554
8.42  -0.011069679109401695  -0.00015899853916383997
8.44  -0.011068962540415516  -0.00015894302628049784
8.46  -0.01106826058833043  -0.00015888644309971708
8.48  -0.011067580055897835  -0.0001588288331304648
8.5  -0.01106692720466578  -0.00015877025197104508
8.52  -0.011066307697135808  -0.0001587107665145676
8.540000000000001  -0.011065726549138939  -0.00015865045407528685
8.56  -0.011065188092600771  -0.00015858940144707496
8.58  -0.011064695948733579  -0.00015852770389305799
8.6  -0.011064253011545568  -0.00015846546408626827
8.620000000000001  -0.011063861441440209  -0.00015840279100539734
8.64  -0.011063522668553536  -0.0001583397987921447
8.66  -0.011063237405375815  -0.00015827660559215905
8.68  -0.011063005668084895  -0.00015821333236882976
8.700000000000001  -0.011062826805961157  -0.0001581501017277359
8.72  -0.01106269953814763  -0.0001580870367351432
8.74  -0.011062621996977013  -0.0001580242597545913
8.76  -0.011062591777024327  -0.00015796189131327452
8.78  -0.011062605989014766  -0.00015790004899956178
8.8  -0.011062661317683378  -0.00015783884640851493
8.82  -0.011062754082678875  -0.00015777839213581912
8.84  -0.011062880301592005  -0.00015771878884161496
8.86  -0.01106303575421555  -0.00015766013237908665
8.88  -0.011063216047150309  -0.0001576025110041137
8.9  -0.011063416677915413  -0.00015754600466917672
8.92  -0.011063633097752065  -0.00015749068441095265
8.94  -0.011063860772369864  -0.00015743661182992435
8.96  -0.011064095239942237  -0.00015738383867735378
8.98  -0.011064332165712603  -0.00015733240653804606
9.0  -0.011064567392650389  -0.00015728234662880662
9.02  -0.011064796987668506  -0.00015723367969483834
9.040000000000001  -0.011065017282996529  -0.00015718641602622115
9.06  -0.01106522491236185  -0.0001571405555701216
9.08  -0.011065416841741199  -0.00015709608815569326
9.1  -0.011065590394506867  -0.00015705299381435788
9.120000000000001  -0.011065743270862717  -0.00015701124320316126
9.14  -0.011065873561570565  -0.0001569707981138681
9.16  -0.011065979756011871  -0.00015693161207238758
9.18  -0.011066060744718654  -0.00015689363101164709
9.200000000000001  -0.011066115816561613  -0.00015685679401698544
9.22  -0.0110661446508529  -0.00015682103412575742
9.24  -0.011066147304673835  -0.0001567862791906797
9.26  -0.011066124195786028  -0.00015675245276055617
9.28  -0.011066076081520672  -0.00015671947501649114
9.3  -0.011066004034082325  -0.0001566872637118086
9.32  -0.011065909412746041  -0.000156655735118148
9.34  -0.011065793833412033  -0.00015662480497927037
9.36  -0.011065659136038497  -0.00015659438944251255
9.38  -0.011065507350445812  -0.00015656440597120434
9.4  -0.01106534066101129  -0.00015653477422245476
9.42  -0.011065161370757174  -0.00015650541688215714
9.44  -0.011064971865318136  -0.00015647626045255586
9.46  -0.011064774577270658  -0.00015644723597344997
9.48  -0.011064571951268606  -0.00015641827968696843
9.5  -0.01106436641041505  -0.00015638933362210926
9.52  -0.011064160324256504  -0.00015636034611381038
9.540000000000001  -0.011063955978762065  -0.00015633127222586826
9.56  -0.011063755548594907  -0.00015630207410389504
9.58  -0.011063561071961674  -0.00015627272123523727
9.6  -0.011063374428264543  -0.00015624319061952594
9.620000000000001  -0.011063197318745487  -0.00015621346685676943
9.64  -0.01106303125026158  -0.00015618354214516037
9.66  -0.011062877522289568  -0.0001561534161882421
9.68  -0.011062737217207783  -0.00015612309602489738
9.700000000000001  -0.011062611193859293  -0.00015609259577505351
9.72  -0.011062500084366118  -0.00015606193630627354
9.74  -0.011062404294102707  -0.00015603114482948488
9.76  -0.011062324004724651  -0.00015600025442568104
9.78  -0.01106225918010036  -0.0001559693035112333
9.8  -0.01106220957494394  -0.0001559383352466996
9.82  -0.011062174745961604  -0.00015590739689380628
9.84  -0.011062154065247343  -0.00015587653913431103
9.86  -0.011062146735686266  -0.00015584581535262645
9.88  -0.011062151808081903  -0.00015581528089181855
9.9  -0.011062168199715998  -0.00015578499228897377
9.92  -0.011062194714041525  -0.00015575500650384438
9.94  -0.011062230061214292  -0.00015572538014498104
9.96  -0.011062272879144904  -0.00015569616870042606
9.98  -0.011062321754788747  -0.00015566742578885682
10.0  -0.011062375245363899  -0.0001556392024292883
10.02  -0.01106243189923054  -0.00015561154634774444
10.040000000000001  -0.011062490276155256  -0.0001555845013178785
10.06  -0.011062548966709548  -0.0001555581065562021
10.08  -0.011062606610581137  -0.00015553239616726685
10.1  -0.011062661913581791  -0.00015550739864865764
10.120000000000001  -0.011062713663171297  -0.00015548313646543313
10.14  -0.011062760742343875  -0.00015545962569771634
10.16  -0.011062802141738558  -0.0001554368757549126
10.18  -0.011062836969880273  -0.00015541488917927257
10.200000000000001  -0.011062864461472864  -0.00015539366152712923
10.22  -0.011062883983696196  -0.00015537318132395172
10.24  -0.011062895040502245  -0.00015535343011659984
10.26  -0.01106289727490203  -0.00015533438259639838
10.28  -0.01106289046929712  -0.00015531600680686265
10.3  -0.011062874543908325  -0.00015529826442591937
10.32  -0.011062849553385181  -0.00015528111112245039
10.34  -0.011062815681713863  -0.00015526449698869804
10.36  -0.011062773235532133  -0.00015524836701906323
10.38  -0.011062722636016029  -0.00015523266166565672
10.4  -0.011062664409471384  -0.0001552173174285701
10.42  -0.011062599176822424  -0.00015520226749895534
10.44  -0.011062527642159628  -0.00015518744242805994
10.46  -0.011062450580547733  -0.0001551727708291611
10.48  -0.0110623688252648  -0.0001551581800911974
10.5  -0.011062283254684085  -0.00015514359710758565
10.52  -0.011062194778969692  -0.00015512894899526544
10.540000000000001  -0.011062104326782715  -0.00015511416381227254
10.56  -0.01106201283217809  -0.0001550991712550181
10.58  -0.011061921221854329  -0.00015508390333265833
10.6  -0.011061830402929757  -0.00015506829499979837
10.620000000000001  -0.011061741251372877  -0.00015505228475973855
10.64  -0.011061654601253773  -0.00015503581521630633
10.66  -0.011061571234897864  -0.00015501883356801728
10.68  -0.01106149187407791  -0.00015500129205288772
10.700000000000001  -0.011061417172305197  -0.0001549831483336386
10.72  -0.011061347708307679  -0.00015496436580755477
10.74  -0.011061283980727582  -0.00015494491386265993
10.76  -0.011061226404082917  -0.0001549247680596657
10.78  -0.011061175305999212  -0.0001549039102484424
10.8  -0.011061130925708516  -0.00015488232861702542
10.82  -0.011061093413792935  -0.00015486001767847684
10.84  -0.011061062833142392  -0.000154836978193665
10.86  -0.011061039161067742  -0.00015481321703178052
10.88  -0.011061022292499471  -0.0001547887469782141
10.9  -0.011061012044203303  -0.00015476358649192396
10.92  -0.01106100815991826  -0.00015473775941833394
10.94  -0.011061010316313208  -0.00015471129464904787
10.96  -0.01106101812965957  -0.0001546842257639423
10.98  -0.01106103116311173  -0.00015465659062576924
11.0  -0.01106104893446884  -0.00015462843095703484
11.02  -0.01106107092429975  -0.00015459979189425064
11.040000000000001  -0.011061096584318485  -0.00015457072152436725
11.06  -0.011061125345876763  -0.0001545412704111367
11.08  -0.011061156628462306  -0.00015451149110791765
11.1  -0.011061189848085165  -0.00015448143766793747
11.120000000000001  -0.011061224425445323  -0.00015445116514951852
11.14  -0.011061259793766803  -0.0001544207291213984
11.16  -0.011061295406214882  -0.00015439018516792084
11.18  -0.01106133074278828  -0.0001543595883930602
11.200000000000001  -0.011061365316630906  -0.0001543289929370952
11.22  -0.01106139867966672  -0.00015429845149085808
11.24  -0.011061430427515445  -0.00015426801482858258
11.26  -0.01106146020363806  -0.00015423773134519295
11.28  -0.011061487702673335  -0.0001542076466157371
11.3  -0.011061512672946779  -0.00015417780297670864
11.32  -0.011061534918141713  -0.00015414823912961742
11.34  -0.011061554298127774  -0.00015411898978243263
11.36  -0.011061570728975482  -0.00015409008532959567
11.38  -0.01106158418216632  -0.00015406155157285753
11.4  -0.011061594683050444  -0.00015403340950138677
11.42  -0.011061602308595084  -0.0001540056751244401
11.44  -0.011061607184472272  -0.00015397835937131773
11.46  -0.011061609481560142  -0.00015395146805303566
11.48  -0.01106160941192395  -0.00015392500189997688
11.5  -0.011061607224351587  -0.0001538989566664864
11.52  -0.01106160319952593  -0.00015387332331399
11.540000000000001  -0.01106159764491146  -0.00015384808825577546
11.56  -0.01106159088943598  -0.00015382323367992066
11.58  -0.011061583278060439  -0.0001537987379214675
11.6  -0.01106157516630285  -0.00015377457590568292
11.620000000000001  -0.01106156691480477  -0.00015375071963257773
11.64  -0.011061558884014208  -0.0001537271386997079
11.66  -0.011061551429050989  -0.00015370380086232165
11.68  -0.011061544894819357  -0.0001536806726083714
11.700000000000001  -0.011061539611436022  -0.0001536577197518103
11.72  -0.011061535890011544  -0.00015363490801562275
11.74  -0.011061534018847853  -0.00015361220360647052
11.76  -0.011061534260074677  -0.0001535895737754661
11.78  -0.011061536846769294  -0.0001535669873323565
11.8  -0.011061541980566341  -0.00015354441513285824
11.82  -0.01106154982979423  -0.00015352183050959805
11.84  -0.011061560528124403  -0.00015349920965173264
11.86  -0.011061574173753072  -0.000153476531915879
11.88  -0.011061590829091326  -0.0001534537800819964
11.9  -0.011061610520967175  -0.0001534309405309272
11.92  -0.01106163324129806  -0.0001534080033586095
11.94  -0.011061658948232566  -0.00015338496241354405
11.96  -0.011061687567707208  -0.00015336181527084305
11.98  -0.01106171899540035  -0.0001533385631318519
12.0  -0.01106175309903093  -0.00015331521066756353
12.02  -0.0110617897209653  -0.0001532917657956689
12.040000000000001  -0.011061828681086976  -0.00015326823940946092
12.06  -0.01106186977987233  -0.00015324464505205504
12.08  -0.011061912801636004  -0.00015322099855418528
12.1  -0.011061957517890988  -0.00015319731763893793
12.120000000000001  -0.01106200369077073  -0.00015317362149297432
12.14  -0.011062051076473569  -0.00015314993032403964
12.16  -0.011062099428673935  -0.0001531262649069294
12.18  -0.01106214850186348  -0.00015310264612329952
12.200000000000001  -0.011062198054575357  -0.00015307909450244708
12.22  -0.011062247852457538  -0.0001530556297759764
12.24  -0.011062297671157326  -0.0001530322704461494
12.26  -0.011062347298984304  -0.00015300903337828555
12.280000000000001  -0.011062396539328384  -0.0001529859334186956
12.3  -0.0110624452128096  -0.00015296298304036458
12.32  -0.011062493159139385  -0.00015294019203260852
12.34  -0.011062540238680686  -0.0001529175672176134
12.36  -0.011062586333702716  -0.00015289511221880468
12.38  -0.011062631349312528  -0.0001528728272620434
12.4  -0.0110626752140871  -0.00015285070902291845
12.42  -0.011062717880379686  -0.0001528287505141892
12.44  -0.011062759324340019  -0.00015280694101647661
12.46  -0.011062799545638631  -0.00015278526604958054
12.48  -0.011062838566916325  -0.00015276370737530166
12.5  -0.011062876432985229  -0.00015274224304487783
12.52  -0.011062913209795786  -0.0001527208474698919
12.540000000000001  -0.01106294898319331  -0.00015269949152927693
12.56  -0.011062983857497467  -0.00015267814269595575
12.58  -0.011063017953922517  -0.00015265676518674457
12.6  -0.01106305140887651  -0.00015263532012586487
12.620000000000001  -0.011063084372160688  -0.00015261376573048728
12.64  -0.011063117005106642  -0.00015259205749147898
12.66  -0.011063149478675215  -0.00015257014836685177
12.68  -0.01106318197154639  -0.00015254798897336365
12.700000000000001  -0.011063214668237266  -0.00015252552777304275
12.72  -0.011063247757257881  -0.00015250271125467256
12.74  -0.011063281429348358  -0.00015247948409464004
12.76  -0.011063315875811636  -0.00015245578931706268
12.780000000000001  -0.011063351286967026  -0.000152431568425885
12.8  -0.01106338785073251  -0.00015240676152179338
12.82  -0.011063425751375242  -0.00015238130739478117
12.84  -0.011063465168421889  -0.0001523551435974703
12.86  -0.011063506275748258  -0.00015232820648851923
12.88  -0.01106354924086577  -0.0001523004312557102
12.9  -0.011063594224393843  -0.0001522717519082891
12.92  -0.011063641379731776  -0.00015224210125364037
12.94  -0.011063690852930087  -0.00015221141083508717
12.96  -0.011063742782748609  -0.00015217961085903372
12.98  -0.011063797300912689  -0.00015214663010147434
13.0  -0.0110638545325427  -0.00015211239578873478
13.02  -0.011063914596756952  -0.00015207683346662282
13.040000000000001  -0.011063977607426962  -0.00015203986685798863
13.06  -0.011064043674085856  -0.00015200141771370328
13.08  -0.011064112902951973  -0.000151961405653426
13.1  -0.011064185398069548  -0.00015191974801745433
13.120000000000001  -0.011064261262531952  -0.00015187635971659772
13.14  -0.011064340599779333  -0.00015183115310612918
13.16  -0.011064423514939317  -0.00015178403786568202
13.18  -0.011064510116197301  -0.00015173492091678494
13.200000000000001  -0.011064600516166595  -0.00015168370636760097
13.22  -0.011064694833240333  -0.0001516302955024419
13.24  -0.01106479319289987  -0.00015157458681411284
13.26  -0.011064895728963974  -0.00015151647609825785
13.280000000000001  -0.011065002584747106  -0.00015145585660890907
13.3  -0.01106511391411368  -0.00015139261928042542
13.32  -0.011065229882407854  -0.0001513266530338242
13.34  -0.011065350667236922  -0.000151257845162632
13.36  -0.011065476459091714  -0.00015118608180115676
13.38  -0.011065607461790443  -0.00015111124849530566
13.4  -0.011065743892737085  -0.00015103323085975754
13.42  -0.011065885982969557  -0.00015095191533312383
13.44  -0.0110660339769968  -0.00015086719002524863
13.46  -0.011066188132426687  -0.0001507789456512876
13.48  -0.011066348719356252  -0.00015068707655592934
13.5  -0.011066516019552176  -0.0001505914818019789
13.52  -0.011066690325395813  -0.00015049206633344683
13.540000000000001  -0.011066871938616576  -0.00015038874217523424
13.56  -0.011067061168810427  -0.00015028142967166836
13.58  -0.011067258331756655  -0.00015017005873323614
13.6  -0.011067463747548637  -0.0001500545700711745
13.620000000000001  -0.011067677738550665  -0.00014993491640582292
13.64  -0.011067900627205366  -0.0001498110635984735
13.66  -0.011068132733703075  -0.00014968299170930397
13.68  -0.011068374373556952  -0.0001495506959356555
13.700000000000001  -0.011068625855085133  -0.0001494141874048642
13.72  -0.011068887476851159  -0.00014927349380448553
13.74  -0.011069159525078861  -0.0001491286598148758
13.76  -0.011069442271077359  -0.00014897974732641265
13.780000000000001  -0.011069735968708664  -0.00014882683542279763
13.8  -0.011070040851927837  -0.00014867002011637818
13.82  -0.011070357132433034  -0.0001485094138227152
13.84  -0.011070684997452545  -0.00014834514456853816
13.86  -0.011071024607700337  -0.0001481773549316053
13.88  -0.01107137609553427  -0.00014800620073211702
13.9  -0.011071739563339789  -0.00014783184946749148
13.92  -0.011072115082163086  -0.0001476544785198225
13.94  -0.011072502690614834  -0.00014747427315332643
13.96  -0.011072902394058993  -0.00014729142432582103
13.98  -0.01107331416409757  -0.00014710612634836453
14.0  -0.011073737938353489  -0.00014691857441289204
14.02  -0.01107417362055911  -0.00014672896202095947
14.040000000000001  -0.011074621080931397  -0.00014653747835887678
14.06  -0.011075080156831575  -0.0001463443056366601
14.08  -0.01107555065369055  -0.0001461496164234168
14.1  -0.011076032346168507  -0.00014595357101618853
14.120000000000001  -0.011076524979524934  -0.00014575631486720743
14.14  -0.01107702827116058  -0.0001455579760916149
14.16  -0.011077541912274037  -0.00014535866308512912
14.18  -0.011078065569579673  -0.00014515846226966015
14.200000000000001  -0.011078598887015668  -0.0001449574359774483
14.22  -0.011079141487349592  -0.00014475562050573408
14.24  -0.011079692973574768  -0.00014455302433267976
14.26  -0.011080252929961626  -0.00014434962652139292
14.280000000000001  -0.011080820922596095  -0.0001441453753139696
14.3  -0.011081396499189874  -0.0001439401869358031
14.32  -0.011081979187875382  -0.0001437339446182887
14.34  -0.011082568494650058  -0.00014352649787062834
14.36  -0.011083163898963012  -0.00014331766205572617
14.38  -0.011083764846834536  -0.00014310721831837896
14.4  -0.011084370740636758  -0.000142894913985012
14.42  -0.01108498092438168  -0.00014268046360033977
14.44  -0.011085594662903191  -0.00014246355082568336
14.46  -0.011086211112736782  -0.00014224383156929868
14.48  -0.011086829281643139  -0.00014202093883564803
14.5  -0.011087447972532548  -0.00014179449001612175
14.52  -0.011088065705950674  -0.00014156409756318377
14.540000000000001  -0.011088680613106333  -0.00014132938433704194
14.56  -0.011089290288658876  -0.00014109000513827047
14.58  -0.011089891589147374  -0.00014084567618254996
14.6  -0.011090480359548873  -0.00014059621398484958
14.620000000000001  -0.011091051068166768  -0.0001403415840745397
14.64  -0.011091596331436233  -0.00014008195718568473
14.66  -0.011092106319757405  -0.00013981776509611616
14.68  -0.011092568058972439  -0.00013954973908639537
14.700000000000001  -0.011092964683925179  -0.0001392789014005143
14.72  -0.011093274756258044  -0.00013900646803307026
14.74  -0.011093471807303436  -0.00013873361968456244
14.76  -0.01109352427716516  -0.0001384611228897898
14.780000000000001  -0.01109339598364862  -0.00013818884698865394
14.8  -0.01109304721436459  -0.00013791531103083857
14.82  -0.011092436548635488  -0.0001376374538160452
14.84  -0.01109152353679714  -0.00013735078151183556
14.86  -0.011090272229531701  -0.00013704989415733626
14.88  -0.011088655173493677  -0.00013672920301426012
14.9  -0.011086657056424844  -0.00013638355349810153
14.92  -0.011084277047183948  -0.00013600853685241334
14.94  -0.011081529216678241  -0.00013560046006762152
14.96  -0.011078441064883066  -0.00013515611823754626
14.98  -0.011075050736627338  -0.00013467257458754688
15.0  -0.011071403723769831  -0.0001341470958646535
15.02  -0.011067549730047165  -0.0001335772822596898
15.040000000000001  -0.01106354009115551  -0.00013296134198445835
15.06  -0.011059425869236946  -0.00013229842171775326
15.08  -0.011055256562615136  -0.0001315889087499637
15.1  -0.011051079293522965  -0.0001308346477890606
15.120000000000001  -0.0110469383271471  -0.00013003904648227536
15.14  -0.011042874799754252  -0.00012920706850156293
15.16  -0.011038926567742968  -0.00012834512862510122
15.18  -0.011035128120692392  -0.00012746091166897217
15.200000000000001  -0.011031510525275501  -0.00012656313879520021
15.22  -0.011028101383281481  -0.00012566130299397876
15.24  -0.011024924797238156  -0.00012476539223505226
15.26  -0.011022001343145932  -0.0001238856149013524
15.280000000000001  -0.011019348053020218  -0.0001230321384679396
15.3  -0.011016978411309037  -0.00012221484917401495
15.32  -0.011014902369563772  -0.00012144313779492727
15.34  -0.011013126383331205  -0.00012072571447416383
15.36  -0.011011653474455122  -0.00012007045394850884
15.38  -0.011010483320995555  -0.00011948427119933078
15.4  -0.011009612375981748  -0.00011897302673185054
15.42  -0.011009034015225226  -0.00011854146002517735
15.44  -0.011008738713579441  -0.00011819314930905215
15.46  -0.011008714248255218  -0.00011793049555174296
15.48  -0.011008945927085918  -0.00011775472843780771
15.5  -0.011009416839061278  -0.00011766593203495532
15.52  -0.011010108123872995  -0.00011766308788963931
15.540000000000001  -0.011010999256828424  -0.00011774413329936723
15.56  -0.011012068345197853  -0.00011790603256398491
15.58  -0.01101329243191345  -0.00011814485904952627
15.6  -0.011014647802538809  -0.00011845588598217007
15.620000000000001  -0.011016110291448234  -0.00011883368395728132
15.64  -0.011017655583284764  -0.00011927222332250965
15.66  -0.01101925950594428  -0.00011976497966926407
15.68  -0.011020898311524856  -0.00012030504082769433
15.700000000000001  -0.011022548941973319  -0.00012088521385599568
15.72  -0.011024189276487299  -0.00012149813061520734
15.74  -0.011025798358068516  -0.00012213635062740662
15.76  -0.01102735659703951  -0.00012279245998319329
15.780000000000001  -0.011028845949721578  -0.00012345916523345948
15.8  -0.011030250070907915  -0.00012412938123477655
15.82  -0.011031554439170099  -0.00012479631210097705
15.84  -0.011032746454448955  -0.00012545352451361367
15.860000000000001  -0.011033815507781318  -0.0001260950127820971
15.88  -0.011034753023403277  -0.0001267152551696568
15.9  -0.011035552473809884  -0.00012730926115501155
15.92  -0.011036209368698046  -0.000127872609416826
15.94  -0.011036721219028328  -0.000128401476461557
15.96  -0.011037087477700472  -0.0001288926559650339
15.98  -0.011037309458575931  -0.00012934356896865997
16.0  -0.011037390235808279  -0.00012975226524340391
16.02  -0.011037334525582995  -0.0001301174161979915
16.04  -0.011037148552523312  -0.00013043829982020553
16.06  -0.01103683990309276  -0.0001307147782380064
16.080000000000002  -0.011036417368426754  -0.00013094726853511132
16.1  -0.01103589077902406  -0.00013113670756822343
16.12  -0.011035270833733068  -0.00013128451156115407
16.14  -0.011034568925448775  -0.00013139253130863796
16.16  -0.01103379696584777  -0.00013146300384890206
16.18  -0.011032967211432754  -0.00013149850145590476
16.2  -0.011032092093000753  -0.0001315018788175842
16.22  -0.011031184050549994  -0.00013147621922925194
16.240000000000002  -0.011030255375462861  -0.00013142478059801916
16.26  -0.01102931806162372  -0.00013135094203166027
16.28  -0.011028383666940141  -0.00013125815170285209
16.3  -0.011027463186534244  -0.00013114987665378597
16.32  -0.011026566938669144  -0.00013102955512125648
16.34  -0.011025704464274663  -0.0001309005519142291
16.36  -0.011024884440725982  -0.00013076611729258904
16.38  -0.01102411461033114  -0.0001306293497407857
16.4  -0.01102340172378191  -0.00013049316295537247
16.42  -0.011022751498626564  -0.00013036025728361346
16.44  -0.011022168592628969  -0.00013023309578078028
16.46  -0.011021656591710522  -0.00013011388498246893
16.48  -0.011021218011993777  -0.00013000456040190015
16.5  -0.011020854315312141  -0.00012990677670643924
16.52  -0.011020565937421109  -0.00012982190244840812
16.54  -0.011020352328006633  -0.0001297510191764955
16.56  -0.011020212001494029  -0.00012969492468226345
16.580000000000002  -0.011020142597555222  -0.00012965414011434834
16.6  -0.01102014095014692  -0.00012962892061065136
16.62  -0.011020203163855817  -0.0001296192691130536
16.64  -0.01102032469627864  -0.00012962495295318327
16.66  -0.011020500445158309  -0.00012964552281948612
16.68  -0.011020724838970635  -0.00012968033367178168
16.7  -0.011020991929689635  -0.0001297285671861095
16.72  -0.011021295486454504  -0.00012978925530131167
16.740000000000002  -0.011021629088937342  -0.0001298613044433741
16.76  -0.011021986219228236  -0.00012994352004384185
16.78  -0.011022360351144164  -0.00013003463094429698
16.8  -0.011022745035924618  -0.00013013331334596923
16.82  -0.011023133983379464  -0.00013023821396263165
16.84  -0.011023521137631633  -0.00013034797207989217
16.86  -0.011023900746717882  -0.000130461240257918
16.88  -0.011024267425388012  -0.00013057670344144065
16.9  -0.011024616210582235  -0.00013069309629986297
16.92  -0.011024942609158563  -0.0001308092186350986
16.94  -0.0110252426375715  -0.00013092394874741024
16.96  -0.011025512853292795  -0.00013103625468758895
16.98  -0.011025750377909354  -0.00013114520336351222
17.0  -0.011025952911907704  -0.0001312499674952502
17.02  -0.011026118741283158  -0.00013134983045253812
17.04  -0.011026246736209722  -0.00013144418904681248
17.06  -0.011026336342071497  -0.00013153255436395352
17.080000000000002  -0.011026387563286203  -0.0001316145507618265
17.1  -0.011026400940383221  -0.00013168991316947595
17.12  -0.011026377520909632  -0.00013175848285430634
17.14  -0.01102631882475797  -0.00013182020181560155
17.16  -0.011026226804593704  -0.000131875106005205
17.18  -0.011026103802064506  -0.00013192331755659679
17.2  -0.01102595250053811  -0.00013196503622264847
17.22  -0.011025775875113778  -0.0001320005302137991
17.240000000000002  -0.011025577140654871  -0.00013203012662923595
17.26  -0.011025359698617385  -0.00013205420166889956
17.28  -0.011025127083404637  -0.00013207317080308752
17.3  -0.011024882908980167  -0.00013208747906772134
17.32  -0.011024630816440714  -0.00013209759163454194
17.34  -0.011024374423203972  -0.00013210398479371576
17.36  -0.01102411727443457  -0.00013210713747684492
17.38  -0.011023862797267017  -0.00013210752341546615
17.400000000000002  -0.01102361425834889  -0.00013210560403189664
17.42  -0.011023374725137348  -0.0001321018221127156
17.44  -0.011023147031344636  -0.0001320965963356541
17.46  -0.011022933746840546  -0.00013209031665901874
17.48  -0.011022737152248854  -0.0001320833406014196
17.5  -0.011022559218418358  -0.00013207599040063965
17.52  -0.011022401590861503  -0.00013206855103882215
17.54  -0.011022265579188797  -0.00013206126909327462
17.56  -0.011022152151509777  -0.00013205435238203885
17.580000000000002  -0.011022061933685285  -0.00013204797033386273
17.6  -0.011021995213286595  -0.00013204225503808355
17.62  -0.011021951948019165  -0.00013203730288049575
17.64  -0.011021931778356572  -0.00013203317671196325
17.66  -0.011021934044055881  -0.00013202990844913127
17.68  -0.011021957804201659  -0.0001320275020377621
17.7  -0.011022001860370008  -0.00013202593668614209
17.72  -0.011022064782503022  -0.0001320251702904588
17.740000000000002  -0.011022144937040812  -0.00013202514296758322
17.76  -0.011022240516840708  -0.00013202578062683745
17.78  -0.011022349572429877  -0.0001320269984994397
17.8  -0.011022470044098252  -0.00013202870456835664
17.82  -0.011022599794378307  -0.00013203080283641664
17.84  -0.011022736640441707  -0.00013203319638777723
17.86  -0.01102287838598177  -0.00013203579018393295
17.88  -0.011023022852152538  -0.00013203849358244744
17.900000000000002  -0.01102316790717392  -0.0001320412225322043
17.92  -0.011023311494246069  -0.00013204390143934107
17.94  -0.011023451657440456  -0.00013204646468489958
17.96  -0.011023586565285588  -0.00013204885780157007
17.98  -0.011023714531797478  -0.00013205103830030168
18.0  -0.011023834034756064  -0.00013205297617224966
18.02  -0.011023943731066087  -0.0001320546540762679
18.04  -0.011024042469098608  -0.00013205606723126165
18.06  -0.01102412929793119  -0.00013205722304850316
18.080000000000002  -0.011024203473486476  -0.00013205814052734047
18.1  -0.011024264461568475  -0.00013205884944649703
18.12  -0.011024311937880057  -0.00013205938939030002
18.14  -0.011024345785111874  -0.0001320598086438102
18.16  -0.011024366087255925  -0.0001320601629799779
18.18  -0.011024373121302188  -0.0001320605143922834
18.2  -0.01102436734654403  -0.00013206092977555026
18.22  -0.011024349391702251  -0.0001320614796108714
18.240000000000002  -0.011024320040134898  -0.00013206223665898794
18.26  -0.011024280213402628  -0.00013206327468920397
18.28  -0.01102423095347  -0.00013206466725543075
18.3  -0.011024173403842645  -0.00013206648653231278
18.32  -0.011024108789935113  -0.00013206880221949997
18.34  -0.011024038398980055  -0.0001320716805098113
18.36  -0.011023963559760302  -0.0001320751831266844
18.38  -0.011023885622476935  -0.0001320793664303444
18.400000000000002  -0.011023805939005657  -0.00013208428058778687
18.42  -0.011023725843839129  -0.00013208996880538894
18.44  -0.011023646635937972  -0.00013209646663564663
18.46  -0.011023569561734566  -0.00013210380135026615
18.48  -0.011023495799480917  -0.00013211199141011407
18.5  -0.011023426445127413  -0.000132121046018353
18.52  -0.011023362499881482  -0.0001321309647990333
18.54  -0.011023304859551861  -0.00013214173759979684
18.56  -0.011023254305777264  -0.00013215334443161884
18.580000000000002  -0.011023211499184078  -0.00013216575557519552
18.6  -0.01102317697449197  -0.00013217893183677364
18.62  -0.011023151137564247  -0.00013219282496462932
18.64  -0.011023134264354095  -0.00013220737823146705
18.66  -0.011023126501683198  -0.00013222252715420373
18.68  -0.011023127869765725  -0.00013223820036428106
18.7  -0.011023138266362385  -0.00013225432057785896
18.72  -0.011023157472448765  -0.00013227080569505053
18.740000000000002  -0.011023185159240004  -0.00013228756995512604
18.76  -0.01102322089644367  -0.00013230452517782904
18.78  -0.011023264161560003  -0.00013232158203108665
18.8  -0.011023314350083233  -0.00013233865132140433
18.82  -0.01102337078642414  -0.00013235564527196825
18.84  -0.011023432735393187  -0.00013237247878073702
18.86  -0.01102349941405696  -0.00013238907061777374
18.88  -0.011023570003821197  -0.00013240534454590194
18.900000000000002  -0.011023643662555784  -0.00013242123034977655
18.92  -0.011023719536612728  -0.00013243666474437819
18.94  -0.011023796772570591  -0.0001324515921527781
18.96  -0.011023874528575492  -0.00013246596533398865
18.98  -0.011023951985127456  -0.00013247974585649204
19.0  -0.01102402835518938  -0.00013249290440558873
19.02  -0.01102410289351431  -0.00013250542092392662
19.04  -0.011024174905078444  -0.00013251728458363353
19.06  -0.011024243752556092  -0.00013252849359713688
19.080000000000002  -0.011024308862736623  -0.00013253905486889088
19.1  -0.011024369731864717  -0.00013254898350535189
19.12  -0.011024425929840792  -0.00013255830219629562
19.14  -0.011024477103277957  -0.00013256704046966022
19.16  -0.011024522977410932  -0.0001325752338556768
19.18  -0.011024563356857784  -0.00013258292296864358
19.2  -0.011024598125279785  -0.00013259015252120387
19.22  -0.011024627243972778  -0.00013259697030386857
19.240000000000002  -0.011024650749444526  -0.0001326034261339356
19.26  -0.011024668750059937  -0.00013260957080226852
19.28  -0.011024681421814477  -0.00013261545503573434
19.3  -0.011024689003353821  -0.0001326211284876736
19.32  -0.011024691790309168  -0.0001326266387734226
19.34  -0.01102469012907133  -0.00013263203057118397
19.36  -0.0110246844101099  -0.00013263734479558364
19.38  -0.011024675060949608  -0.0001326426178601744
19.400000000000002  -0.011024662538912358  -0.0001326478810409268
19.42  -0.011024647323747954  -0.00013265315994418105
19.44  -0.011024629910260302  -0.00013265847409532513
19.46  -0.011024610801024386  -0.00013266383665706556
19.48  -0.011024590499312953  -0.00013266925426993727
19.5  -0.01102456950229573  -0.00013267472703250397
19.52  -0.011024548294612246  -0.00013268024860971342
19.54  -0.011024527342377435  -0.00013268580647470435
19.56  -0.011024507087683889  -0.00013269138226607334
19.580000000000002  -0.01102448794365016  -0.0001326969522531236
19.6  -0.011024470290065822  -0.00013270248790261686
19.62  -0.011024454469663467  -0.00013270795651377755
19.64  -0.01102444078503758  -0.00013271332192892104
19.66  -0.011024429496243274  -0.0001327185452808284
19.68  -0.011024420819065817  -0.0001327235857800794
19.7  -0.011024414923962455  -0.0001327284015120052
19.72  -0.011024411935672036  -0.0001327329502358777
19.740000000000002  -0.011024411933464182  -0.0001327371901732925
19.76  -0.011024414952001177  -0.00013274108076634687
19.78  -0.011024420982774893  -0.00013274458340142256
19.8  -0.011024429976080795  -0.00013274766208478772
19.82  -0.011024441843469113  -0.00013275028405720967
19.84  -0.011024456460631634  -0.0001327524203440382
19.86  -0.011024473670654412  -0.0001327540462354591
19.88  -0.011024493287586201  -0.0001327551416860531
19.900000000000002  -0.01102451510024825  -0.00013275569163241413
19.92  -0.01102453887623619  -0.0001327556862312293
19.94  -0.011024564366033015  -0.00013275512100899755
19.96  -0.01102459130718874  -0.00013275399692775936
19.98  -0.011024619428491537  -0.00013275232036827616
20.0  -0.011024648454080544  -0.0001327501030383005
