0.02  -0.046684812549577764  0.0003058274167202083
0.04  -0.08749050516109616  0.00029149224619051044
0.06  -0.12369024549410496  0.0002640637035951265
0.08  -0.15598904904192837  0.00022333991721173438
0.1  -0.18481008316938927  0.0001702363803251236
0.12  -0.2104312934822302  0.0001063410662429881
0.14  -0.23305927398347867  3.3769272519990333e-05
0.16  -0.2528661488554107  -4.529957596988011e-05
0.18  -0.27000660319209  -0.00012878056075284097
0.2  -0.28462503733414396  -0.00021454007911010347
0.22  -0.2968580778778125  -0.00030047062636400645
0.24  -0.30683572426915673  -0.0003842267810613698
0.26  -0.31468140347754986  -0.00046401061747011133
0.28  -0.3205127273826641  -0.0005392375675835689
0.3  -0.3244434800397959  -0.0006085991247330512
0.32  -0.3265842512604866  -0.0006708685925595218
0.34  -0.32704350448730723  -0.0007251182626585649
0.36  -0.3259286473370134  -0.0007707008275972872
0.38  -0.32334730406593565  -0.0008071173456230714
0.4  -0.3194080361650047  -0.0008340165732285609
0.42  -0.3142203800866064  -0.0008511337301442188
0.44  -0.30789513715600497  -0.0008581211931447603
0.46  -0.30054457683230756  -0.0008547422210608746
0.48  -0.29228193935308827  -0.0008411156712244797
0.5  -0.28322085858892715  -0.0008175922022920474
0.52  -0.273474803912151  -0.000784651141133863
0.54  -0.2631562552527575  -0.0007428712293491478
0.56  -0.2523759720886343  -0.0006928972550958951
0.58  -0.24124223752160998  -0.0006354498666957802
0.6  -0.22986007203407674  -0.0005713314329813048
0.62  -0.21833048862316  -0.0005014218682899594
0.64  -0.20674979362809623  -0.0004266746808407949
0.66  -0.1952089294999401  -0.0003481138749566828
0.68  -0.18379289396636017  -0.0002668298851493839
0.7000000000000001  -0.1725802509331247  -0.00018397020547657986
0.72  -0.1616427194158708  -0.00010071656550930268
0.74  -0.151044848443341  -1.8246694354160514e-05
0.76  -0.1408437925144323  6.230643501936513e-05
0.78  -0.13108919500518473  0.00013988104024758826
0.8  -0.12182316370898111  0.0002135021488634145
0.8200000000000001  -0.11308026317177153  0.00028234001840859486
0.84  -0.10488753551632123  0.00034575927183236115
0.86  -0.09726481803660826  0.0004031883501478642
0.88  -0.09022521232585456  0.0004540631869431376
0.9  -0.08377536329866767  0.0004979321019883522
0.92  -0.07791569384792095  0.0005345076540134947
0.9400000000000001  -0.07264076675538034  0.0005636526021243777
0.96  -0.06793973008551998  0.000585357890075194
0.98  -0.06379678785783323  0.0005997246142214108
1.0  -0.060191688113002365  0.000606949435992263
1.02  -0.057100236814444275  0.0006073165398875901
1.04  -0.054494820732301094  0.0006011930503506099
1.06  -0.05234492434047242  0.0005890218007674511
1.08  -0.05061764000017759  0.0005713106840471201
1.1  -0.049278171132411244  0.0005486202814724895
1.12  -0.048290325214484835  0.0005215510812385186
1.1400000000000001  -0.047616992494100084  0.0004907308810634513
1.16  -0.04722060632524672  0.0004568025029175177
1.18  -0.047063581270157744  0.00042041170182317963
1.2  -0.047108725442170936  0.0003821951543300045
1.22  -0.047319623992470417  0.0003427689058436528
1.24  -0.04766099114043748  0.00030271846817013644
1.26  -0.04809898871250244  0.0002625920255858444
1.28  -0.04860150943218208  0.0002228972861311567
1.3  -0.04913842275428367  0.00018410106989465052
1.32  -0.0496817812536153  0.00014662971300817538
1.34  -0.050205987787299865  0.00011086837072444872
1.36  -0.05068792616707578  7.715934210392327e-05
1.3800000000000001  -0.05110705827957929  4.580017602169004e-05
1.4000000000000001  -0.05144548836621907  1.704113031810123e-05
1.42  -0.051687994130595154  -8.917076194069062e-06
1.44  -0.05182202509243839  -3.192351573503828e-05
1.46  -0.051837669989997136  -5.187546518518009e-05
1.48  -0.0517275957252263  -6.871576767967201e-05
1.5  -0.051486960570221126  -8.24296318440007e-05
1.52  -0.051113304431320665  -9.304109995290341e-05
1.54  -0.050606418902627445  -0.00010060936409019141
1.56  -0.04996819970562914  -0.00010522503558550576
1.58  -0.04920248405155938  -0.00010700640216524331
1.6  -0.04831487543535836  -0.00010609570502133006
1.62  -0.04731255837470223  -0.00010265548313008211
1.6400000000000001  -0.046204105630973435  -9.686504233223257e-05
1.6600000000000001  -0.044999280456683916  -8.891711051323364e-05
1.68  -0.043708836374464675  -7.901472676516728e-05
1.7  -0.0423443169056623  -6.736836825585273e-05
1.72  -0.04091785756090373  -5.419328230897222e-05
1.74  -0.03944199227756427  -3.9707009456713886e-05
1.76  -0.03792946631901442  -2.412711173728496e-05
1.78  -0.03639305745412601  -7.669115721813206e-06
1.8  -0.034845407035246724  9.455341034087509e-06
1.82  -0.03329886239407781  2.704018231288835e-05
1.84  -0.03176533177581941  4.488640496308149e-05
1.86  -0.030256152831993094  6.280344363157827e-05
1.8800000000000001  -0.02878197549344206  8.061039278516086e-05
1.9000000000000001  -0.027352659851019204  9.813707909386152e-05
1.92  -0.025977189489447557  0.00011522496395154007
1.94  -0.024663600557961733  0.00013172785351126697
1.96  -0.023418926692249077  0.00014751250639490478
1.98  -0.02224915946061228  0.0001624598654374433
2.0  -0.021159222742888582  0.00017646859322497288
2.02  -0.02015295942705981  0.00018945881013489546
2.04  -0.01923313313674246  0.00020136865352100972
2.06  -0.018401447756993573  0.0002121472125392898
2.08  -0.017658580370521256  0.00022175308128017564
2.1  -0.017004223337711094  0.00023015650939082867
2.12  -0.016437135439051304  0.0002373408312044507
2.14  -0.015955201975816288  0.00024330267247752097
2.16  -0.01555550288471022  0.0002480514885188824
2.18  -0.015234387610769088  0.0002516087982015359
2.2  -0.014987555406638636  0.00025400726937262706
2.22  -0.014810139738048733  0.0002552897099900959
2.24  -0.014696795527235178  0.0002555079909588045
2.2600000000000002  -0.014641788001679009  0.00025472193202931155
2.2800000000000002  -0.014639081934744124  0.00025299818103346826
2.3000000000000003  -0.014682430116100532  0.00025040911908022235
2.32  -0.014765459965904615  0.0002470318519254806
2.34  -0.014881757293307402  0.0002429473600148732
2.36  -0.015024946282923434  0.00023823982733884122
2.38  -0.01518876484688201  0.00023299605627427524
2.4  -0.015367134542790222  0.0002273047924862317
2.42  -0.015554224401475653  0.0002212558325076796
2.44  -0.015744508212878455  0.00021493893478496213
2.46  -0.015932814984604086  0.00020844266612751576
2.48  -0.016114372373717527  0.00020185331750993343
2.5  -0.01628484294731094  0.00019525395333026677
2.52  -0.01644035319171242  0.0001887235872531689
2.54  -0.01657751526088883  0.00018233645668216215
2.56  -0.016693441532097234  0.0001761613908345155
2.58  -0.016785752124505143  0.00017026128599587726
2.6  -0.016852575626664753  0.00016469269608465083
2.62  -0.016892543364667317  0.00015950553396730396
2.64  -0.01690477761757253  0.00015474287171659233
2.66  -0.01688887424654887  0.00015044082816860087
2.68  -0.01684488025118244  0.0001466285353930934
2.7  -0.016773266803115944  0.0001433281785739109
2.72  -0.01667489833478803  0.00014055510509158517
2.74  -0.016550998280228952  0.00013831799882395329
2.7600000000000002  -0.01640311207589925  0.00013661911522757568
2.7800000000000002  -0.016233068032695225  0.00013545457227058261
2.8000000000000003  -0.016042936685746086  0.00013481469181973992
2.82  -0.01583498921686802  0.00013468438580371524
2.84  -0.015611655525958192  0.00013504358132025046
2.86  -0.01537548250272209  0.0001358676787972765
2.88  -0.015129093019598399  0.00013712803741105768
2.9  -0.014875146131216002  0.00013879248200450906
2.92  -0.014616298925857939  0.00014082582575519775
2.94  -0.014355170430915875  0.00014319040296688075
2.96  -0.014094307927950103  0.00014584660638355165
2.98  -0.013836155984526935  0.0001487534234738319
3.0  -0.013583028460334042  0.00015186896621205133
3.02  -0.013337083694832459  0.0001551509890284725
3.04  -0.013100303033489233  0.00015855738978835815
3.06  -0.012874472799922463  0.00016204668887115906
3.08  -0.012661169772503172  0.00016557848167899985
3.1  -0.012461750176612444  0.00016911386019055586
3.12  -0.012277342158336133  0.00017261579959241977
3.14  -0.012108841662403657  0.00017604950650209743
3.16  -0.011956911597180287  0.0001793827259103665
3.18  -0.011821984132896503  0.0001825860045534866
3.2  -0.011704265946464253  0.0001856329090654428
3.22  -0.011603746197490472  0.00018850019780190422
3.24  -0.01152020699566528  0.0001911679457602085
3.2600000000000002  -0.011453236099673327  0.00019361962256043194
3.2800000000000002  -0.011402241571990542  0.0001958421241506752
3.3000000000000003  -0.011366468102204676  0.0001978257597218039
3.3200000000000003  -0.011345014703587787  0.00019956419628782367
3.34  -0.011336853483572091  0.00020105436417811246
3.36  -0.011340849188611155  0.00020229632723477647
3.38  -0.01135577922780672  0.00020329312164184298
3.4  -0.011380353887245655  0.00020405056737425842
3.42  -0.011413236458094306  0.00020457705633706772
3.44  -0.011453063016280317  0.00020488332126695748
3.46  -0.011498461609319551  0.00020498218835083806
3.48  -0.011548070623476202  0.00020488831631197056
3.5  -0.011600556126026687  0.00020461792657660443
3.52  -0.011654628003431648  0.0002041885283239717
3.54  -0.011709054740051811  0.00020361864108246047
3.56  -0.011762676706347702  0.00020292751791263714
3.58  -0.011814417851420277  0.0002021348723376473
3.6  -0.011863295720764298  0.00020126061206338693
3.62  -0.011908429745835754  0.00020032458227751076
3.64  -0.011949047777175266  0.00019934632111359192
3.66  -0.011984490857201678  0.0001983448296124646
3.68  -0.012014216252076621  0.00019733835828626722
3.7  -0.01203779878402345  0.00019634421215938635
3.72  -0.012054930525963879  0.00019537857588884888
3.74  -0.012065418939075364  0.00019445636032196679
3.7600000000000002  -0.012069183550703699  0.00019359107150444604
3.7800000000000002  -0.012066251284837466  0.00019279470284740315
3.8000000000000003  -0.012056750569944007  0.00019207765081310618
3.8200000000000003  -0.012040904359374178  0.00019144865424724393
3.84  -0.012019022207749832  0.00019091475725202046
3.86  -0.0119914915527769  0.00019048129525051045
3.88  -0.011958768355738187  0.0001901519036481523
3.9  -0.01192136725551005  0.0001899285481815993
3.92  -0.011879851390458841  0.00018981157582798823
3.94  -0.011834822040021911  0.00018979978486226528
3.96  -0.011786908233383256  0.00018989051245109692
3.98  -0.01173675646647335  0.00019007973798941216
4.0  -0.011685020660786537  0.00019036220022801095
4.0200000000000005  -0.01163235248835639  0.0001907315261067277
4.04  -0.011579392176817131  0.0001911803691208713
4.0600000000000005  -0.01152675989705225  0.0001917005549732478
4.08  -0.01147504782365251  0.00019228323226125847
4.1  -0.011424812945437315  0.0001929190259314035
4.12  -0.011376570689925427  0.00019359819130477086
4.14  -0.011330789411964005  0.00019431076652392262
4.16  -0.01128788578297277  0.00019504672141722749
4.18  -0.011248221103640885  0.00019579610086842189
4.2  -0.01121209854954204  0.0001965491609832988
4.22  -0.011179761346225328  0.00019729649649667913
4.24  -0.011151391858017671  0.00019802915804470114
4.26  -0.011127111563183429  0.00019873875815857927
4.28  -0.011106981877352335  0.00019941756499920705
4.3  -0.011091005777326045  0.000200058583073484
4.32  -0.011079130168622494  0.00020065562036249677
4.34  -0.011071248932481577  0.0002012033415066088
4.36  -0.01106720658159608  0.0002016973068855785
4.38  -0.011066802448545614  0.00020213399762085204
4.4  -0.011069795326935486  0.00020251082673314113
4.42  -0.01107590848241953  0.00020282613684712627
4.44  -0.011084834949253025  0.00020307918503026265
4.46  -0.011096243027651952  0.00020327011546708947
4.48  -0.011109781898024255  0.00020339992085553288
4.5  -0.01112508727002319  0.0002034703934950673
4.5200000000000005  -0.011141786987277118  0.00020348406715957703
4.54  -0.011159506512519627  0.000203444150931184
4.5600000000000005  -0.011177874222524562  0.00020335445623067178
4.58  -0.01119652644776463  0.000203219318343239
4.6000000000000005  -0.011215112197805075  0.00020304351373057167
4.62  -0.011233297520150978  0.0002028321744832426
4.64  -0.011250769447383659  0.00020259070118477035
4.66  -0.011267239494849656  0.00020232467548110934
4.68  -0.011282446678847566  0.00020203977356069168
4.7  -0.011296160033007294  0.00020174168170552782
4.72  -0.011308180608296744  0.00020143601497957925
4.74  -0.011318342949758286  0.00020112824004743578
4.76  -0.011326516050480729  0.00020082360301125783
4.78  -0.011332603790443006  0.0002005270630416133
4.8  -0.011336544874615313  0.0002002432325082592
4.82  -0.011338312290970608  0.00019997632417105283
4.84  -0.011337912314807116  0.00019973010591314795
4.86  -0.011335383090955092  0.00019950786334807784
4.88  -0.011330792829964883  0.00019931237054482073
4.9  -0.011324237658236782  0.0001991458689783235
4.92  -0.011315839165233724  0.0001990100546867684
4.94  -0.011305741693353685  0.0001989060735364135
4.96  -0.01129410941780944  0.00019883452436352493
4.98  -0.011281123264874359  0.00019879546967971898
5.0  -0.01126697771719091  0.00019878845353474685
5.0200000000000005  -0.011251877554480313  0.00019881252604587795
5.04  -0.011236034577001206  0.0001988662740452417
5.0600000000000005  -0.011219664357509249  0.0001989478572116737
5.08  -0.011202983065295127  0.00019905504904190033
5.1000000000000005  -0.01118620440322987  0.0001991852819248964
5.12  -0.011169536695603383  0.0001993356955947332
5.14  -0.011153180161034285  0.0001995031881750578
5.16  -0.011137324400877422  0.00019968446903811683
5.18  -0.011122146129430445  0.0001998761126789212
5.2  -0.01110780716793014  0.00020007461281976993
5.22  -0.011094452719868975  0.00020027643597740185
5.24  -0.011082209940644981  0.00020047807373690707
5.26  -0.01107118681002631  0.00020067609303509964
5.28  -0.011061471311456988  0.00020086718377571548
5.3  -0.011053130917856584  0.00020104820317500157
5.32  -0.01104621237939653  0.00020121621628994797
5.34  -0.01104074180478679  0.00020136853225010326
5.36  -0.011036725023892347  0.00020150273580365563
5.38  -0.011034148216142736  0.0002016167138531796
5.4  -0.011032978786121334  0.0002017086767752057
5.42  -0.011033166465090442  0.00020177717437053336
5.44  -0.011034644614891818  0.00020182110640764602
5.46  -0.011037331708814102  0.00020183972781299172
5.48  -0.01104113296254488  0.00020183264860974777
5.5  -0.011045942087317732  0.00020179982883951765
5.5200000000000005  -0.011051643136710629  0.00020174156871047587
5.54  -0.01105811241839957  0.00020165849432922356
5.5600000000000005  -0.011065220442321735  0.00020155153939397389
5.58  -0.011072833877305895  0.00020142192327568396
5.6000000000000005  -0.011080817489168806  0.00020127112595659714
5.62  -0.01108903603452038  0.0002011008603032908
5.64  -0.011097356086114066  0.00020091304216312845
5.66  -0.011105647767402065  0.000200709758800487
5.68  -0.011113786376048169  0.00020049323615270491
5.7  -0.011121653878400715  0.00020026580540174804
5.72  -0.011129140259372816  0.00020002986932097627
5.74  -0.011136144714734918  0.00019978786885207372
5.76  -0.011142576675425772  0.00019954225033302415
5.78  -0.011148356656197515  0.0001992954337659084
5.8  -0.011153416923570173  0.00019904978248586107
5.82  -0.011157701980705292  0.0001988075745548591
5.84  -0.011161168869409356  0.00019857097617861544
5.86  -0.01116378729192272  0.0001983420173767518
5.88  -0.011165539557530864  0.0001981225701476471
5.9  -0.01116642036119191  0.0001979143292830573
5.92  -0.011166436403427623  0.00019771879598930224
5.94  -0.01116560586252803  0.00019753726441792995
5.96  -0.01116395773173201  0.00019737081121318245
5.98  -0.011161531035408713  0.00019722028807763018
6.0  -0.011158373939361286  0.0001970863173994242
6.0200000000000005  -0.01115454277121574  0.00019696929087736068
6.04  -0.011150100967453298  0.0001968693710534975
6.0600000000000005  -0.011145117964020141  0.00019678649564618047
6.08  -0.011139668047573926  0.000196720384518119
6.1000000000000005  -0.011133829184319812  0.00019667054912409073
6.12  -0.011127681843070511  0.0001966363042352946
6.140000000000001  -0.011121307828612145  0.00019661678174205405
6.16  -0.011114789140693684  0.0001966109463057331
6.18  -0.011108206873048285  0.00019661761263407455
6.2  -0.011101640165739385  0.00019663546411911474
6.22  -0.011095165222911062  0.00019666307258202017
6.24  -0.01108885440666895  0.0001966989188571338
6.26  -0.011082775416367124  0.0001967414139334329
6.28  -0.011076990561082654  0.00019678892039310655
6.3  -0.01107155613149579  0.0001968397738621433
6.32  -0.011066521875796547  0.00019689230422733261
6.34  -0.011061930582683862  0.00019694485634630333
6.36  -0.011057817772938693  0.00019699581003740065
6.38  -0.011054211499548675  0.00019704359909278253
6.4  -0.011051132254875792  0.00019708672913571135
6.42  -0.011048592982006  0.00019712379411656456
6.44  -0.01104659918610592  0.00019715349129156476
6.46  -0.011045149140441322  0.0001971746345389608
6.48  -0.011044234180630066  0.00019718616589255058
6.5  -0.01104383907979542  0.00019718716520717534
6.5200000000000005  -0.011043942496452231  0.0001971768578807439
6.54  -0.011044517486327444  0.00019715462059464745
6.5600000000000005  -0.011045532068789717  0.00019711998506433218
6.58  -0.011046949838200109  0.000197072639795574
6.6000000000000005  -0.011048730610277207  0.00019701242988993955
6.62  -0.011050831093485008  0.0001969393549558266
6.640000000000001  -0.011053205575527116  0.00019685356519100205
6.66  -0.011055806615200229  0.00019675535574960762
6.68  -0.011058585730190057  0.0001966451594994272
6.7  -0.011061494071820537  0.00019652353829521194
6.72  -0.011064483078299658  0.00019639117293488893
6.74  -0.011067505098623257  0.00019624885193285472
6.76  -0.011070513980017281  0.00019609745929069917
6.78  -0.011073465612566058  0.00019593796143908533
6.8  -0.011076318425487234  0.00019577139352563186
6.82  -0.011079033830425526  0.00019559884524403547
6.84  -0.011081576607967788  0.0001954214463706789
6.86  -0.011083915234553241  0.00019524035220373813
6.88  -0.011086022147828414  0.00019505672908698998
6.9  -0.011087873949399954  0.00019487174017154385
6.92  -0.011089451544825255  0.00019468653160562206
6.94  -0.01109074022151617  0.00019450221928969322
6.96  -0.011091729666027023  0.00019431987635182475
6.98  -0.011092413922952776  0.00019414052146938333
7.0  -0.011092791298346203  0.00019396510816185945
7.0200000000000005  -0.01109286421117054  0.00019379451515662738
7.04  -0.011092638996871566  0.0001936295379134149
7.0600000000000005  -0.011092125667593091  0.00019347088138057335
7.08  -0.01109133763398231  0.00019331915404507662
7.1000000000000005  -0.011090291393799068  0.00019317486330510297
7.12  -0.011089006192801287  0.00019303841219027478
7.140000000000001  -0.011087503663501145  0.00019291009743973783
7.16  -0.011085807447451343  0.00019279010891572098
7.18  -0.011083942806698692  0.00019267853033237508
7.2  -0.011081936229974321  0.00019257534125568788
7.22  -0.011079815038986918  0.00019248042031429837
7.24  -0.01107760700000467  0.00019239354955408362
7.26  -0.011075339945584775  0.00019231441984820797
7.28  -0.01107304141100637  0.00019224263727565772
7.3  -0.011070738289547397  0.00019217773036317394
7.32  -0.011068456510350305  0.0001921191580730052
7.34  -0.011066220742148749  0.00019206631843161372
7.36  -0.011064054125651788  0.00019201855766076974
7.38  -0.01106197803688854  0.0001919751797053649
7.4  -0.01106001188332325  0.00019193545601314268
7.42  -0.011058172934014149  0.00019189863544899727
7.44  -0.01105647618461975  0.00019186395421439436
7.46  -0.011054934257538932  0.00019183064565619776
7.48  -0.011053557337023429  0.00019179794983450012
7.5  -0.01105235313861479  0.0001917651227575379
7.5200000000000005  -0.011051326911867505  0.00019173144515399022
7.54  -0.011050481474917773  0.00019169623070728107
7.5600000000000005  -0.01104981727908477  0.0001916588336592171
7.58  -0.011049332501404236  0.00019161865569634076
7.6000000000000005  -0.0110490231626903  0.00019157515206386853
7.62  -0.011048883268518711  0.000191527836854698
7.640000000000001  -0.011048904970302878  0.00019147628741179802
7.66  -0.011049078743532077  0.00019142014783790043
7.68  -0.011049393580112182  0.000191359131573488
7.7  -0.011049837191704224  0.00019129302304852683
7.72  -0.011050396220965344  0.00019122167840649335
7.74  -0.011051056457593026  0.0001911450253157368
7.76  -0.011051803056178797  0.00019106306190774764
7.78  -0.011052620752966095  0.00019097585485916476
7.8  -0.011053494078738938  0.00019088353668993287
7.82  -0.011054407565271825  0.0001907863023101677
7.84  -0.011055345942913583  0.00019068440488864246
7.86  -0.011056294327158841  0.00019057815112754738
7.88  -0.011057238392248672  0.00019046789599430657
7.9  -0.011058164530119813  0.00019035403700981915
7.92  -0.011059059993279288  0.00019023700817372456
7.94  -0.01105991302045329  0.0001901172736049819
7.96  -0.011060712944128671  0.00018999532100179718
7.98  -0.011061450279384714  0.00018987165499106875
8.0  -0.011062116793670205  0.00018974679046841834
8.02  -0.011062705557459475  0.00018962124599963798
8.040000000000001  -0.011063210975957725  0.00018949553738377287
8.06  -0.011063628802263322  0.00018937017143091955
8.08  -0.011063956132630257  0.00018924564004722902
8.1  -0.011064191384662471  0.00018912241468278844
8.120000000000001  -0.011064334259460499  0.00018900094119855078
8.14  -0.011064385688911445  0.00018888163522222075
8.16  -0.011064347769439403  0.0001887648780115606
8.18  -0.011064223683657184  0.0001886510128897867
8.2  -0.011064017611462137  0.00018854034225520547
8.22  -0.011063734632175415  0.00018843312520851435
8.24  -0.01106338061936194  0.000188329575790763
8.26  -0.011062962130023685  0.0001882298618503807
8.28  -0.011062486289818502  0.0001881341045244431
8.3  -0.011061960675963982  0.00018804237832314178
8.32  -0.01106139319942534  0.00018795471180374626
8.34  -0.01106079198794364  0.00018787108880174763
8.36  -0.011060165271357326  0.00018779145018566016
8.38  -0.011059521270609128  0.00018771569609924343
8.4  -0.01105886809168477  0.0001876436886427094
8.42  -0.01105821362565296  0.00018757525495033845
8.44  -0.011057565455811595  0.00018751019060648258
8.46  -0.011056930772834216  0.00018744826335194724
8.48  -0.01105631629864941  0.0001873892170083343
8.5  -0.011055728219672274  0.0001873327755863714
8.52  -0.011055172129814815  0.0001872786474957736
8.540000000000001  -0.01105465298361092  0.00018722652981087185
8.56  -0.011054175059603075  0.000187176112537902
8.58  -0.011053741934024634  0.0001871270828149052
8.6  -0.011053356464673758  0.0001870791290055751
8.620000000000001  -0.01105302078474539  0.00018703194462751802
8.64  -0.011052736306269441  0.00018698523207828804
8.66  -0.01105250373270367  0.0001869387061098418
8.68  -0.011052323080126662  0.0001868920970147868
8.700000000000001  -0.011052193706382996  0.0001868451535025658
8.72  -0.011052114347472657  0.0001867976452227307
8.74  -0.011052083160409728  0.00018674936492776595
8.76  -0.011052097771716512  0.00018670013025509082
8.78  -0.011052155330692301  0.00018664978511595401
8.8  -0.011052252566576149  0.00018659820068873007
8.82  -0.011052385848694347  0.00018654527602318292
8.84  -0.011052551248697473  0.00018649093824718073
8.86  -0.011052744603997664  0.00018643514240731282
8.88  -0.011052961581541374  0.0001863778709402527
8.9  -0.011053197741079601  0.00018631913280721293
8.92  -0.011053448597148862  0.00018625896231324202
8.94  -0.011053709679011366  0.00018619741763459025
8.96  -0.011053976587877115  0.00018613457908925953
8.98  -0.011054245050782032  0.0001860705471813393
9.0  -0.011054510970561381  0.00018600544045786315
9.02  -0.011054770471449238  0.00018593939320303186
9.040000000000001  -0.01105501993988971  0.0001858725530275631
9.06  -0.01105525606023838  0.00018580507836570362
9.08  -0.011055475845094854  0.00018573713593464614
9.1  -0.01105567666011398  0.00018566889818700312
9.120000000000001  -0.011055856243190196  0.00018560054078681026
9.14  -0.011056012717995563  0.00018553224015033156
9.16  -0.011056144601945456  0.0001854641710785834
9.18  -0.011056250808701559  0.00018539650450980215
9.200000000000001  -0.011056330645404643  0.00018532940541601968
9.22  -0.01105638380490073  0.00018526303087691725
9.24  -0.0110564103532463  0.00018519752833417367
9.26  -0.011056410712857737  0.0001851330340587353
9.28  -0.01105638564169821  0.00018506967183555946
9.3  -0.011056336208925913  0.0001850075518714132
9.32  -0.011056263767472665  0.00018494676994551307
9.34  -0.011056169924020639  0.00018488740678722278
9.36  -0.011056056506874318  0.00018482952769771302
9.38  -0.01105592553223883  0.00018477318239630883
9.4  -0.011055779169394889  0.00018471840509034262
9.42  -0.011055619705275119  0.00018466521476081415
9.44  -0.011055449508919749  0.00018461361565042422
9.46  -0.011055270996295878  0.00018456359792882532
9.48  -0.011055086595903992  0.00018451513853590275
9.5  -0.011054898715608663  0.0001844682021629349
9.52  -0.011054709711073267  0.00018442274237616857
9.540000000000001  -0.011054521856145588  0.00018437870283673718
9.56  -0.011054337315515039  0.00018433601861208074
9.58  -0.011054158119907802  0.0001842946175523061
9.6  -0.011053986144053405  0.00018425442170500985
9.620000000000001  -0.01105382308759683  0.0001842153487573334
9.64  -0.01105367045910519  0.00018417731346560265
9.66  -0.011053529563262303  0.00018414022907771964
9.68  -0.01105340149128664  0.00018410400870155514
9.700000000000001  -0.011053287114600237  0.00018406856662757208
9.72  -0.011053187081689477  0.00018403381956672948
9.74  -0.011053101818089122  0.0001839996878087542
9.76  -0.011053031529380319  0.00018396609626530961
9.78  -0.011052976207038098  0.0001839329754156735
9.8  -0.011052935636960182  0.0001839002621200863
9.82  -0.011052909410448727  0.0001838679003086875
9.84  -0.011052896937428735  0.0001838358415344285
9.86  -0.011052897461630101  0.00018380404539267235
9.88  -0.011052910077472562  0.00018377247980401148
9.9  -0.011052933748350873  0.00018374112115886665
9.92  -0.011052967326044098  0.00018370995433086422
9.94  -0.011053009570934944  0.00018367897256580377
9.96  -0.011053059172750743  0.00018364817724298365
9.98  -0.011053114771517658  0.0001836175775350909
10.0  -0.011053174978448658  0.00018358718994770782
10.02  -0.011053238396483894  0.0001835570377805913
10.040000000000001  -0.011053303640217912  0.00018352715050084774
10.06  -0.01105336935496673  0.00018349756304825366
10.08  -0.011053434234751266  0.00018346831508118846
10.1  -0.011053497038985751  0.00018343945018493526
10.120000000000001  -0.011053556607695704  0.00018341101504128253
10.14  -0.011053611875102825  0.00018338305858708756
10.16  -0.0110536618814604  0.00018335563116840065
10.18  -0.011053705783019816  0.00018332878370113688
10.200000000000001  -0.011053742860076595  0.0001833025668560965
10.22  -0.01105377252303423  0.00018327703026883917
10.24  -0.011053794316480533  0.00018325222180195914
10.26  -0.011053807921279003  0.00018322818685194447
10.28  -0.011053813154721348  0.0001832049677212026
10.3  -0.01105380996879272  0.0001831826030525983
10.32  -0.011053798446643615  0.00018316112734114695
10.34  -0.011053778797373376  0.00018314057052713463
10.36  -0.011053751349242625  0.0001831209576636797
10.38  -0.011053716541472771  0.00018310230867378492
10.4  -0.01105367491477744  0.00018308463819154456
10.42  -0.011053627100798862  0.00018306795548298215
10.44  -0.011053573810630865  0.00018305226445386507
10.46  -0.011053515822616095  0.00018303756373686225
10.48  -0.011053453969590621  0.00018302384685206193
10.5  -0.011053389125791763  0.00018301110243962613
10.52  -0.01105332219359936  0.00018299931455852293
10.540000000000001  -0.011053254090300568  0.0001829884630418454
10.56  -0.011053185735060155  0.00018297852390760386
10.58  -0.011053118036268333  0.00018296946980956555
10.6  -0.01105305187941739  0.00018296127052611533
10.620000000000001  -0.011052988115668974  0.00018295389347682537
10.64  -0.011052927551233244  0.0001829473042605171
10.66  -0.011052870937685453  0.0001829414671993887
10.68  -0.011052818963324378  0.00018293634589406222
10.700000000000001  -0.011052772245648558  0.0001829319037617635
10.72  -0.011052731325031283  0.00018292810457492425
10.74  -0.011052696659632827  0.00018292491296384195
10.76  -0.01105266862158432  0.00018292229490143766
10.78  -0.011052647494455005  0.0001829202181457515
10.8  -0.011052633472004969  0.0001829186526453159
10.82  -0.01105262665819252  0.00018291757088819565
10.84  -0.011052627068401526  0.00018291694820677046
10.86  -0.011052634631836214  0.00018291676300977687
10.88  -0.011052649195013989  0.00018291699696386875
10.9  -0.011052670526277997  0.00018291763508922974
10.92  -0.011052698321236495  0.0001829186657999917
10.94  -0.011052732209023329  0.00018292008085529115
10.96  -0.011052771759274991  0.00018292187523878683
10.98  -0.011052816489703179  0.00018292404694871466
11.0  -0.01105286587414648  0.00018292659672088362
11.02  -0.0110529193509631  0.00018292952765563975
11.040000000000001  -0.011052976331655376  0.0001829328447773065
11.06  -0.01105303620958262  0.00018293655451408778
11.08  -0.011053098368647984  0.0001829406641073431
11.1  -0.011053162191835473  0.000182945180963347
11.120000000000001  -0.011053227069476722  0.00018295011195452034
11.14  -0.01105329240714218  0.0001829554626766658
11.16  -0.011053357633057634  0.00018296123669392725
11.18  -0.011053422204948524  0.0001829674347722615
11.200000000000001  -0.011053485616235287  0.00018297405413039128
11.22  -0.011053547401511446  0.00018298108773030498
11.24  -0.011053607141250563  0.00018298852361974346
11.26  -0.01105366446569122  0.0001829963443567508
11.28  -0.011053719057884808  0.00018300452653254062
11.3  -0.011053770655876387  0.00018301304040669962
11.32  -0.011053819054031667  0.00018302184967365718
11.34  -0.011053864103513045  0.00018303091136942057
11.36  -0.011053905711926954  0.00018304017592286377
11.38  -0.011053943842192371  0.00018304958735762387
11.4  -0.011053978510655923  0.00018305908363693723
11.42  -0.011054009784529473  0.00018306859714684384
11.44  -0.01105403777869458  0.0001830780553064577
11.46  -0.011054062651962057  0.00018308738129149552
11.48  -0.011054084602841602  0.00018309649485336542
11.5  -0.011054103864917343  0.00018310531321571316
11.52  -0.011054120701896531  0.00018311375202852115
11.540000000000001  -0.011054135402417922  0.00018312172635013652
11.56  -0.01105414827470376  0.00018312915165345805
11.58  -0.011054159641125792  0.00018313594482018
11.6  -0.011054169832777464  0.00018314202511068807
11.620000000000001  -0.011054179184109  0.000183147315089025
11.64  -0.011054188027709862  0.0001831517414930396
11.66  -0.011054196689296018  0.0001831552360253906
11.68  -0.011054205482964173  0.00018315773606789824
11.700000000000001  -0.011054214706771044  0.00018315918529017037
11.72  -0.011054224638677751  0.00018315953416984037
11.74  -0.011054235532907346  0.00018315874039783023
11.76  -0.011054247616748015  0.0001831567691798584
11.78  -0.011054261087826495  0.0001831535934263921
11.8  -0.011054276111877807  0.00018314919383849183
11.82  -0.011054292821017195  0.00018314355888620856
11.84  -0.011054311312526998  0.00018313668469384126
11.86  -0.011054331648150825  0.00018312857482172474
11.88  -0.011054353853893402  0.00018311923997605295
11.9  -0.011054377920309172  0.0001831086976310531
11.92  -0.011054403803257944  0.00018309697158893105
11.94  -0.011054431425107501  0.0001830840914727228
11.96  -0.011054460676340576  0.00018307009218036704
11.98  -0.011054491417549512  0.0001830550132927933
12.0  -0.011054523481761643  0.00018303889845482226
12.02  -0.011054556677065352  0.0001830217947354291
12.040000000000001  -0.011054590789480893  0.00018300375197608426
12.06  -0.011054625586037061  0.00018298482213743769
12.08  -0.011054660818009383  0.0001829650586529977
12.1  -0.011054696224258094  0.00018294451580219847
12.120000000000001  -0.011054731534626227  0.00018292324808915874
12.14  -0.011054766473347747  0.00018290130966559977
12.16  -0.011054800762424915  0.0001828787537770227
12.18  -0.011054834124919389  0.0001828556322477741
12.200000000000001  -0.011054866288120368  0.00018283199500739825
12.22  -0.011054896986559455  0.00018280788965864862
12.24  -0.011054925964821287  0.00018278336110183756
12.26  -0.011054952980129696  0.00018275845119210667
12.280000000000001  -0.011054977804675892  0.0001827331984588067
12.3  -0.011055000227670258  0.0001827076378640437
12.32  -0.011055020057096937  0.00018268180061851015
12.34  -0.011055037121152498  0.0001826557140383748
12.36  -0.011055051269367623  0.00018262940145416778
12.38  -0.011055062373401883  0.0001826028821520228
12.4  -0.011055070327513825  0.0001825761713746901
12.42  -0.011055075048707213  0.00018254928034396842
12.44  -0.011055076476563922  0.00018252221632756693
12.46  -0.011055074572778267  0.00018249498273675553
12.48  -0.011055069320404294  0.00018246757925252432
12.5  -0.011055060722835023  0.00018244000197733406
12.52  -0.011055048802541191  0.0001824122436035325
12.540000000000001  -0.011055033599589627  0.00018238429360598892
12.56  -0.011055015169966712  0.00018235613844345207
12.58  -0.011054993583737675  0.0001823277617699958
12.6  -0.011054968923076414  0.00018229914465676516
12.620000000000001  -0.011054941280179397  0.0001822702658105551
12.64  -0.011054910755115008  0.00018224110179725826
12.66  -0.011054877453622894  0.00018221162725688494
12.68  -0.011054841484900876  0.00018218181511313016
12.700000000000001  -0.011054802959410585  0.00018215163677852837
12.72  -0.011054761986716559  0.00018212106234146932
12.74  -0.011054718673400259  0.00018209006074307007
12.76  -0.011054673121069626  0.00018205859993832024
12.780000000000001  -0.011054625424473878  0.0001820266470420964
12.8  -0.011054575669764465  0.00018199416845392485
12.82  -0.011054523932897676  0.00018196112996817437
12.84  -0.011054470278209678  0.00018192749686436402
12.86  -0.011054414757170445  0.0001818932339746768
12.88  -0.011054357407322517  0.00018185830573918459
12.9  -0.011054298251413668  0.00018182267623738775
12.92  -0.011054237296731752  0.0001817863092066173
12.94  -0.011054174534631006  0.00018174916803945598
12.96  -0.011054109940261762  0.00018171121576773396
12.98  -0.011054043472488173  0.0001816724150359993
13.0  -0.011053975074001203  0.00018163272805430162
13.02  -0.011053904671594542  0.000181592116549587
13.040000000000001  -0.011053832176626126  0.00018155054170514916
13.06  -0.011053757485628323  0.00018150796408924466
13.08  -0.011053680481060705  0.00018146434358655086
13.1  -0.011053601032197144  0.00018141963932350884
13.120000000000001  -0.011053518996124802  0.0001813738095923854
13.14  -0.011053434218843881  0.0001813268117811332
13.16  -0.011053346536452721  0.00018127860230625955
13.18  -0.011053255776396143  0.00018122913655015354
13.200000000000001  -0.011053161758774356  0.00018117836881241322
13.22  -0.011053064297677965  0.00018112625226472103
13.24  -0.011052963202555461  0.000181072738927593
13.26  -0.011052858279581869  0.00018101777965031952
13.280000000000001  -0.011052749333025635  0.0001809613241209107
13.3  -0.011052636166598585  0.00018090332087821213
13.32  -0.011052518584769834  0.0001808437173604147
13.34  -0.011052396394051638  0.00018078245996027678
13.36  -0.011052269404226756  0.00018071949410635585
13.38  -0.01105213742952615  0.00018065476437042626
13.4  -0.011052000289741286  0.00018058821459309647
13.42  -0.011051857811263313  0.00018051978803621698
13.44  -0.011051709828054044  0.00018044942755438844
13.46  -0.011051556182534847  0.0001803770757953919
13.48  -0.011051396726391681  0.00018030267541987066
13.5  -0.01105123132129875  0.0001802261693451357
13.52  -0.011051059839550348  0.0001801475010089081
13.540000000000001  -0.01105088216460649  0.00018006661465929709
13.56  -0.0110506981915422  0.00017998345565222926
13.58  -0.011050507827406457  0.00017989797077376307
13.6  -0.011050310991485617  0.00017981010858082177
13.620000000000001  -0.011050107615467836  0.00017971981973617044
13.64  -0.01104989764351  0.00017962705737876593
13.66  -0.011049681032198638  0.00017953177748063567
13.68  -0.011049457750411603  0.00017943393920715785
13.700000000000001  -0.011049227779072959  0.00017933350529229927
13.72  -0.011048991110796253  0.00017923044239281629
13.74  -0.011048747749417727  0.00017912472143823187
13.76  -0.01104849770941593  0.00017901631797657334
13.780000000000001  -0.01104824101521339  0.00017890521248896564
13.8  -0.011047977700356716  0.00017879139069639253
13.82  -0.011047707806579883  0.0001786748438277814
13.84  -0.011047431382736391  0.00017855556886460912
13.86  -0.011047148483606672  0.00017843356874456802
13.88  -0.011046859168581627  0.0001783088525245727
13.9  -0.01104656350020507  0.0001781814354950592
13.92  -0.011046261542591163  0.00017805133923777262
13.94  -0.011045953359699788  0.00017791859162511863
13.96  -0.011045639013471463  0.00017778322674927413
13.98  -0.011045318561818116  0.00017764528477463387
14.0  -0.011044992056458314  0.00017750481170229098
14.02  -0.011044659540593362  0.00017736185904151984
14.040000000000001  -0.011044321046400182  0.00017721648337498886
14.06  -0.011043976592343074  0.00017706874579740181
14.08  -0.011043626180254607  0.0001769187112270412
14.1  -0.011043269792179386  0.00017676644756273863
14.120000000000001  -0.011042907386924188  0.0001766120246695652
14.14  -0.011042538896267294  0.00017645551316917773
14.16  -0.011042164220763501  0.00017629698301260615
14.18  -0.011041783225046726  0.00017613650179738584
14.200000000000001  -0.011041395732531139  0.00017597413279361808
14.22  -0.011041001519358096  0.000175809932622336
14.24  -0.011040600307415764  0.00017564394854405657
14.26  -0.01104019175618912  0.0001754762152630944
14.280000000000001  -0.011039775453156011  0.0001753067511712441
14.3  -0.01103935090233372  0.00017513555390880325
14.32  -0.01103891751049747  0.00017496259509463126
14.34  -0.011038474570436963  0.00017478781404704682
14.36  -0.011038021240436506  0.00017461111025160036
14.38  -0.011037556518919326  0.00017443233427467974
14.4  -0.011037079212888764  0.00017425127674727836
14.42  -0.011036587898375336  0.00017406765489548823
14.44  -0.011036080870565058  0.00017388109601138425
14.46  -0.0110355560805925  0.00017369111702972284
14.48  -0.011035011055098819  0.00017349709920861452
14.5  -0.011034442793581279  0.0001732982566201669
14.52  -0.011033847637330257  0.0001730935969394488
14.540000000000001  -0.011033221102460364  0.00017288187276626757
14.56  -0.011032557668610282  0.00017266152165214813
14.58  -0.011031850514974476  0.0001724305933675812
14.6  -0.011031091197996414  0.00017218666407407053
14.620000000000001  -0.011030269272716307  0.00017192673989490243
14.64  -0.011029371876325574  0.00017164715778884604
14.66  -0.011028383322229341  0.00017134350104265074
14.68  -0.011027284797822594  0.00017101056035847325
14.700000000000001  -0.011026054311737988  0.00017064238700370478
14.72  -0.01102466707031365  0.00017023249319791478
14.74  -0.011023096432843348  0.00016977424161884644
14.76  -0.011021315464898537  0.00016926141707817753
14.780000000000001  -0.011019298911940617  0.0001686888971495324
14.8  -0.011017025278492631  0.00016805327644723282
14.82  -0.011014478740395836  0.00016735330023433682
14.84  -0.011011650790635007  0.00016659002874707334
14.86  -0.01100854162231283  0.00016576673145629893
14.88  -0.011005161167825543  0.00016488855471657332
14.9  -0.01100152955778336  0.00016396202533254045
14.92  -0.010997676748460139  0.00016299447590160682
14.94  -0.010993641259109151  0.00016199350346253873
14.96  -0.010989468228132133  0.0001609665704700937
14.98  -0.010985207161057829  0.00015992081150882246
15.0  -0.010980909734173146  0.00015886304142004147
15.02  -0.010976627890848963  0.00015779990548224178
15.040000000000001  -0.010972412319770357  0.00015673808969408952
15.06  -0.010968311298927676  0.0001556845172457039
15.08  -0.010964369840662201  0.00015464648199093396
15.1  -0.010960629066006701  0.00015363169696105576
15.120000000000001  -0.010957125749808618  0.00015264825729395217
15.14  -0.010953891996161846  0.00015170453005092065
15.16  -0.010950955018876954  0.00015080898949114082
15.18  -0.010948337011930927  0.00014997001777457817
15.200000000000001  -0.010946055100582048  0.00014919568965343118
15.22  -0.01094412136654677  0.00014849355705052797
15.24  -0.010942542941475484  0.0001478704462532612
15.26  -0.010941322162942732  0.00014733227732157506
15.280000000000001  -0.010940456786778439  0.00014688391243517304
15.3  -0.010939940249174177  0.00014652903737258496
15.32  -0.010939761971662024  0.0001462700781625192
15.34  -0.01093990770195136  0.00014610815315425267
15.36  -0.01094035988362613  0.0001460430593603638
15.38  -0.01094109804788292  0.00014607329080812604
15.4  -0.010942099220773098  0.00014619608590661203
15.42  -0.01094333833972123  0.00014640750028820115
15.44  -0.010944788673514904  0.00014670250134375814
15.46  -0.010946422240299366  0.00014707508050430888
15.48  -0.010948210218557648  0.0001475183793769787
15.5  -0.01095012334642493  0.0001480248259503125
15.52  -0.010952132305142404  0.00014858627725256057
15.540000000000001  -0.010954208082855696  0.00014919416513831959
15.56  -0.010956322315425527  0.00014983964213641574
15.58  -0.010958447601391016  0.00015051372461981355
15.6  -0.010960557788710426  0.00015120743089792692
15.620000000000001  -0.010962628231392123  0.00015191191221101638
15.64  -0.01096463601459676  0.00015261857490221913
15.66  -0.010966560147220528  0.00015331919237706752
15.68  -0.010968381721335964  0.00015400600573848368
15.700000000000001  -0.010970084038269347  0.00015467181220498425
15.72  -0.010971652701477104  0.00015531004068959544
15.74  -0.010973075676758131  0.00015591481413146726
15.76  -0.010974343320708261  0.00015648099844644875
15.780000000000001  -0.010975448378664161  0.00015700423814588987
15.8  -0.010976385953670707  0.00015748097889975243
15.82  -0.010977153448296511  0.00015790847747781077
15.84  -0.01097775048134128  0.0001582847996850599
15.860000000000001  -0.0109781787816857  0.00015860880697732006
15.88  -0.010978442061693273  0.00015888013262983818
15.9  -0.010978545872711326  0.00015909914835921446
15.92  -0.010978497445287862  0.0001592669224001431
15.94  -0.010978305516803274  0.0001593851701009707
15.96  -0.010977980149208552  0.00015945619811697572
15.98  -0.010977532539570711  0.00015948284332552136
16.0  -0.010976974826064724  0.00015946840759381846
16.02  -0.010976319891994761  0.00015941658950906706
16.04  -0.010975581170322346  0.00015933141417658818
16.06  -0.01097477245107085  0.00015921716212166106
16.080000000000002  -0.010973907693825256  0.00015907829832165367
16.1  -0.01097300084739142  0.00015891940227203511
16.12  -0.010972065678441913  0.0001587450999572942
16.14  -0.01097111561078368  0.00015855999849775606
16.16  -0.010970163576632736  0.00015836862417928626
16.18  -0.01096922188110662  0.00015817536453287538
16.2  -0.01096830208098383  0.00015798441504150953
16.22  -0.010967414878616355  0.000157799730959566
16.240000000000002  -0.010966570031643362  0.0001576249846434034
16.26  -0.010965776278837835  0.00015746352867103647
16.28  -0.010965041282148008  0.0001573183649674859
16.3  -0.010964371584751465  0.0001571921200802344
16.32  -0.010963772584798541  0.00015708702670980362
16.34  -0.010963248524376641  0.0001570049114633768
16.36  -0.010962802493102549  0.00015694718874218914
16.38  -0.010962436445635548  0.0001569148605601859
16.4  -0.01096215123224713  0.00015690852202136443
16.42  -0.010961946641486725  0.00015692837210579033
16.44  -0.010961821453873803  0.0001569742293559432
16.46  -0.010961773505448613  0.00015704555201561602
16.48  -0.010961799759964813  0.00015714146212196214
16.5  -0.010961896388449651  0.0001572607730337557
16.52  -0.010962058854819122  0.0001574020198385761
16.54  -0.01096228200623912  0.00015756349210455177
16.56  -0.01096256016691802  0.00015774326838836292
16.580000000000002  -0.010962887234030645  0.00015793925197146605
16.6  -0.010963256774520844  0.00015814920725477644
16.62  -0.010963662121558988  0.00015837079630207497
16.64  -0.010964096469512281  0.0001586016150186802
16.66  -0.010964552966327566  0.00015883922849950645
16.68  -0.010965024802334983  0.00015908120510129992
16.7  -0.01096550529453779  0.0001593251488493934
16.72  -0.010965987965580917  0.00015956872980901044
16.740000000000002  -0.010966466616652014  0.00015980971212498573
16.76  -0.010966935393713951  0.00016004597945347058
16.78  -0.01096738884654229  0.00016027555758205272
16.8  -0.010967821980154273  0.00016049663404959732
16.82  -0.010968230298343326  0.000160707574682052
16.84  -0.010968609839115222  0.0001609069369381718
16.86  -0.010968957201941461  0.00016109348006754676
16.88  -0.010969269566841343  0.00016126617208985362
16.9  -0.01096954470540108  0.00016142419365816992
16.92  -0.010969780983932758  0.0001615669389162596
16.94  -0.01096997735905892  0.0001616940134785827
16.96  -0.010970133366080104  0.0001618052297028758
16.98  -0.01097024910058117  0.00016190059946017776
17.0  -0.01097032519375013  0.00016198032462030312
17.02  -0.010970362781986945  0.00016204478548682177
17.04  -0.010970363471392908  0.00016209452744641477
17.06  -0.010970329297775982  0.00016213024610427798
17.080000000000002  -0.010970262682855572  0.00016215277115910732
17.1  -0.010970166387339088  0.0001621630493251671
17.12  -0.010970043461576394  0.00016216212655253856
17.14  -0.010969897194501685  0.00016215112982391293
17.16  -0.010969731061541057  0.00016213124879866568
17.18  -0.010969548672187041  0.00016210371754853153
17.2  -0.010969353717895546  0.00016206979661281525
17.22  -0.010969149920927377  0.0001620307556111958
17.240000000000002  -0.01096894098475306  0.00016198785659700475
17.26  -0.01096873054656753  0.00016194233833957791
17.28  -0.010968522132421495  0.0001618954016915709
17.3  -0.010968319115452468  0.00016184819617496118
17.32  -0.010968124677612056  0.0001618018078966343
17.34  -0.010967941775247094  0.00016175724888012859
17.36  -0.010967773108835826  0.0001617154478960528
17.38  -0.010967621097106962  0.00016167724280490296
17.400000000000002  -0.010967487855719618  0.00016164337446516845
17.42  -0.010967375180597188  0.00016161448218263185
17.44  -0.01096728453597651  0.00016159110070284943
17.46  -0.010967217047139446  0.00016157365868329208
17.48  -0.010967173497757051  0.00016156247861109094
17.5  -0.010967154331721967  0.0001615577780792208
17.52  -0.010967159659284492  0.00016155967234439725
17.54  -0.010967189267268342  0.00016156817806145914
17.56  -0.010967242633101192  0.00016158321810401746
17.580000000000002  -0.010967318942348158  0.00016160462733533925
17.6  -0.01096741710941598  0.00016163215922108357
17.62  -0.010967535801047744  0.00016166549315147632
17.64  -0.010967673462222459  0.00016170424234888985
17.66  -0.010967828344051056  0.00016174796222309722
17.68  -0.010967998533236071  0.00016179615904479076
17.7  -0.01096818198267771  0.00016184829881929187
17.72  -0.010968376542778522  0.00016190381622071685
17.740000000000002  -0.010968579993040475  0.00016196212348080385
17.76  -0.010968790073521808  0.00016202261911293497
17.78  -0.010969004515760206  0.00016208469637507414
17.8  -0.010969221072776916  0.00016214775137474445
17.82  -0.01096943754780502  0.0001622111907183774
17.84  -0.0109696518214109  0.00016227443865335746
17.86  -0.010969861876709768  0.0001623369436190314
17.88  -0.010970065822402708  0.00016239818416230662
17.900000000000002  -0.010970261913421497  0.00016245767417637902
17.92  -0.010970448568972314  0.00016251496742603554
17.94  -0.010970624387840501  0.00016256966133807696
17.96  -0.010970788160838182  0.0001626214000640085
17.98  -0.010970938880324037  0.0001626698767871901
18.0  -0.010971075746770469  0.00016271483530923031
18.02  -0.010971198172382509  0.00016275607091373328
18.04  -0.010971305781818267  0.00016279343054894887
18.06  -0.01097139841009831  0.00016282681235091438
18.080000000000002  -0.010971476097817217  0.0001628561645561845
18.1  -0.010971539083811543  0.00016288148383231338
18.12  -0.01097158779547118  0.00016290281309951787
18.14  -0.01097162283688278  0.0001629202388664242
18.16  -0.010971644975050822  0.00016293388815795406
18.18  -0.0109716551244368  0.00016294392507876324
18.2  -0.010971654330078275  0.00016295054706426198
18.22  -0.010971643749556306  0.00016295398088798978
18.240000000000002  -0.010971624634098027  0.00016295447845948415
18.26  -0.010971598309098874  0.00016295231247908239
18.28  -0.010971566154325336  0.00016294777198531068
18.3  -0.010971529584100217  0.00016294115784878444
18.32  -0.01097149002770897  0.00016293277824612208
18.34  -0.01097144891028892  0.000162922944154265
18.36  -0.010971407634434084  0.00016291196490558025
18.38  -0.010971367562719984  0.00016290014383711383
18.400000000000002  -0.010971330001335558  0.00016288777407209853
18.42  -0.010971296184981305  0.0001628751344816857
18.44  -0.010971267263170638  0.00016286248586338278
18.46  -0.010971244288039396  0.00016285006740725456
18.48  -0.01097122820374155  0.00016283809349688732
18.5  -0.010971219837496342  0.00016282675091912623
18.52  -0.010971219892325645  0.0001628161965551233
18.54  -0.010971228941508784  0.00016280655560655663
18.56  -0.01097124742476848  0.0001627979204303487
18.580000000000002  -0.010971275646196571  0.00016279035000937462
18.6  -0.010971313773902803  0.000162783870091007
18.62  -0.010971361841378424  0.00016277847398031092
18.64  -0.010971419750540608  0.0001627741239681925
18.66  -0.010971487276404204  0.00016277075332761748
18.68  -0.010971564073314467  0.00016276826882841616
18.7  -0.010971649682642151  0.00016276655364613535
18.72  -0.010971743541829008  0.00016276547060410965
18.740000000000002  -0.01097184499463727  0.00016276486563136252
18.76  -0.010971953302445112  0.00016276457134101934
18.78  -0.010972067656402606  0.00016276441064030478
18.8  -0.010972187190260834  0.00016276420030446537
18.82  -0.010972310993665167  0.000162763754427709
18.84  -0.010972438125702267  0.00016276288771142856
18.86  -0.010972567628505217  0.00016276141853166758
18.88  -0.010972698540698086  0.00016275917176200577
18.900000000000002  -0.010972829910499948  0.00016275598131498527
18.92  -0.010972960808294165  0.00016275169239584057
18.94  -0.010973090338502892  0.00016274616345585792
18.96  -0.010973217650611568  0.0001627392678288959
18.98  -0.010973341949205673  0.00016273089507803137
19.0  -0.01097346250292482  0.00016272095203001785
19.02  -0.010973578652216945  0.0001627093635223473
19.04  -0.010973689815841094  0.00016269607287776756
19.06  -0.01097379549606708  0.000162681042105455
19.080000000000002  -0.010973895282530993  0.00016266425185930346
19.1  -0.010973988854756556  0.0001626457011633096
19.12  -0.010974075983343722  0.00016262540692620612
19.14  -0.010974156529855386  0.00016260340325699847
19.16  -0.010974230445457932  0.00016257974061500069
19.18  -0.010974297768376582  0.00016255448479761154
19.2  -0.010974358620241369  0.0001625277157977905
19.22  -0.010974413201418246  0.00016249952654675366
19.240000000000002  -0.01097446178542907  0.0001624700215579091
19.26  -0.010974504712573769  0.0001624393154949829
19.28  -0.010974542382866381  0.0001624075316831458
19.3  -0.01097457524841112  0.00016237480057286968
19.32  -0.010974603805351646  0.0001623412581818137
19.34  -0.01097462858550919  0.00016230704453328135
19.36  -0.010974650147842387  0.00016227230209223792
19.38  -0.01097466906985901  0.00016223717423105002
19.400000000000002  -0.010974685939085542  0.00016220180372872138
19.42  -0.010974701344719  0.00016216633132166893
19.44  -0.01097471586956931  0.0001621308943218205
19.46  -0.01097473008239161  0.00016209562530806294
19.48  -0.010974744530690602  0.00016206065090371792
19.5  -0.010974759734092464  0.00016202609066137599
19.52  -0.010974776178346357  0.00016199205604511122
19.54  -0.010974794310015992  0.0001619586495393729
19.56  -0.010974814531910685  0.00016192596386733257
19.580000000000002  -0.010974837199293383  0.00016189408134755054
19.6  -0.010974862616878115  0.00016186307337186402
19.62  -0.010974891036647054  0.00016183300000948932
19.64  -0.0109749226564669  0.00016180390975635827
19.66  -0.010974957619505597  0.00016177583940292723
19.68  -0.010974996014423859  0.00016174881403065346
19.7  -0.01097503787629699  0.00016172284713539264
19.72  -0.010975083188246545  0.00016169794086791394
19.740000000000002  -0.010975131883715829  0.00016167408639346248
19.76  -0.01097518384933268  0.00016165126435060007
19.78  -0.010975238928310035  0.0001616294454168983
19.8  -0.010975296924292492  0.0001616085909663996
19.82  -0.010975357605602826  0.00016158865380329254
19.84  -0.010975420709801453  0.00016156957897629814
19.86  -0.01097548594847704  0.00016155130465126207
19.88  -0.01097555301220757  0.0001615337630382811
19.900000000000002  -0.010975621575603601  0.00016151688135857738
19.92  -0.010975691302373351  0.00016150058283631369
19.94  -0.010975761850316911  0.00016148478771709504
19.96  -0.010975832876215301  0.00016146941428577444
19.98  -0.01097590404052021  0.00016145437987439963
20.0  -0.010975975011807873  0.0001614396018665775
