0.02  -0.03411929719507172  0.0012469162564441422
0.04  -0.0762999863777842  0.002339328464961325
0.06  -0.11329729047242677  0.0027975878125078555
0.08  -0.1459534901553739  0.0028701431977053563
0.1  -0.17480656977777806  0.0027195558410221714
0.12  -0.2002260183849586  0.0024475020958479427
0.14  -0.22249120600750794  0.0021163541086252984
0.16  -0.24183223404097537  0.0017632962944053318
0.18  -0.2584508701930207  0.0014098514424158966
0.2  -0.2725309863417928  0.0010679640393584388
0.22  -0.2842430192825132  0.0007441357523684372
0.24  -0.29374648991393315  0.0004415166409259267
0.26  -0.30119142348307465  0.000161458282205765
0.28  -0.3067198101165124  -9.538986049104591e-05
0.3  -0.3104663187755192  -0.0003288461703122394
0.32  -0.3125594080616809  -0.000538953752412997
0.34  -0.31312219978075384  -0.0007258614888539509
0.36  -0.31227329657615  -0.0008896842771447488
0.38  -0.31012731396512877  -0.0010304818317062629
0.4  -0.30679543524589903  -0.001148597479516412
0.42  -0.3023860882094457  -0.001244572776413103
0.44  -0.2970053532009623  -0.0013192199699074716
0.46  -0.2907570123175755  -0.001373308747356769
0.48  -0.2837421231646345  -0.001407465583217731
0.5  -0.27605888892259006  -0.0014227174450694496
0.52  -0.26780259054074484  -0.0014203589502337745
0.54  -0.2590652696466645  -0.0014017635465661807
0.56  -0.2499357222812612  -0.001368287525136725
0.58  -0.2404991571978453  -0.0013212977645827258
0.6  -0.2308366819392836  -0.0012622110600105166
0.62  -0.22102495645034967  -0.001192492439293812
0.64  -0.2111359432168656  -0.0011136386386143176
0.66  -0.20123669495587532  -0.0010271518503431496
0.68  -0.19138917382185122  -0.0009345170729301627
0.7000000000000001  -0.18165010652256  -0.0008371874567201311
0.72  -0.17207087823609582  -0.0007365753894724002
0.74  -0.16269746837719148  -0.0006340472359597986
0.76  -0.1535704350196026  -0.0005309183573719619
0.78  -0.14472495681576292  -0.0004284461906122095
0.8  -0.13619092913133168  -0.0003278283069327022
0.8200000000000001  -0.12799312046836275  -0.00023020016256692678
0.84  -0.12015142582735641  -0.00013658360943844168
0.86  -0.11268113928497743  -4.7825277202126715e-05
0.88  -0.10559314883707918  3.539333917649138e-05
0.9  -0.0988941558967209  0.00011252626450136043
0.92  -0.09258696107626056  0.00018314779554514093
0.9400000000000001  -0.08667078922596202  0.00024694571543870897
0.96  -0.08114163095968077  0.00030371696662110704
0.98  -0.07599258550822677  0.0003533617501444952
1.0  -0.07121419555376297  0.00039587497408736594
1.02  -0.06679477520012111  0.00043133902464133507
1.04  -0.06272073296193578  0.00045991898812574726
1.06  -0.05897688593785581  0.0004818561968789961
1.08  -0.055546761442494576  0.0004974586143979348
1.1  -0.05241288408334462  0.0005070895752916155
1.12  -0.04955704709949376  0.0005111565096703474
1.1400000000000001  -0.046960566962088716  0.000510100674370998
1.16  -0.04460451981309356  0.0005043880397454829
1.18  -0.04246995846146164  0.0004945008485374606
1.2  -0.040538109214670874  0.00048092949014785476
1.22  -0.03879054785165609  0.0004641646327033193
1.24  -0.03720935415108639  0.000444690293970903
1.26  -0.03577724518013259  0.0004229792121886405
1.28  -0.034477688384715294  0.00039949106964275605
1.3  -0.033294995417919235  0.0003746722094976648
1.32  -0.03221439746169484  0.0003489545869552227
1.34  -0.031222103567971365  0.00032275248688942975
1.36  -0.030305340572692487  0.00029645658074062536
1.3800000000000001  -0.029452375350218895  0.0002704292209987219
1.4000000000000001  -0.028652523384005833  0.000245001576427051
1.42  -0.027896142250532354  0.00022046784856101666
1.44  -0.02717461206577379  0.00019708022808193396
1.46  -0.026480302937272635  0.00017504577209503377
1.48  -0.025806531257487834  0.0001545253033163153
1.5  -0.025147507378160426  0.00013563422942856955
1.52  -0.02449827714725161  0.00011844495538949369
1.54  -0.02385465951493202  0.00010299046465591971
1.56  -0.023213182075988482  8.92686532470169e-05
1.58  -0.022571016073793297  7.724705265396866e-05
1.6  -0.02192591208516976  6.686764112094536e-05
1.62  -0.021276137355148692  5.805151089407324e-05
1.6400000000000001  -0.020620415552373955  5.0703229638867416e-05
1.6600000000000001  -0.01995786956438068  4.471481262764557e-05
1.68  -0.019287967836871076  3.996930141411843e-05
1.7  -0.018610474653786978  3.634397538627109e-05
1.72  -0.017925404658562853  3.371317956384507e-05
1.74  -0.017232981815722123  3.195076307384846e-05
1.76  -0.016533602880394002  3.0932205452574016e-05
1.78  -0.015827805346199948  3.0536514191609274e-05
1.8  -0.015116239779089049  3.064792162144953e-05
1.82  -0.014399646377532242  3.1157374313456776e-05
1.84  -0.013678835528611811  3.1963803506591156e-05
1.86  -0.012954672061279867  3.297516913563359e-05
1.8800000000000001  -0.012228062838725991  3.410927382972907e-05
1.9000000000000001  -0.011499947291075589  3.529434662560339e-05
1.92  -0.010771290468869373  3.646939908385436e-05
1.94  -0.010043078190303948  3.758435883092001e-05
1.96  -0.009316313859116066  3.859998664898463e-05
1.98  -0.008592016556840295  3.9487586244784864e-05
2.0  -0.007871220069383643  4.022854369361428e-05
2.02  -0.007154972436224236  4.081376794759365e-05
2.04  -0.006444335502088572  4.1242970854349966e-05
2.06  -0.0057403843416634305  4.1523716988228516e-05
2.08  -0.005044206387537869  4.167036079919087e-05
2.1  -0.004356899931295089  4.170294016687086e-05
2.12  -0.0036795718228765702  4.1646048660435166e-05
2.14  -0.0030133342607322504  4.152771821101407e-05
2.16  -0.002359300595972267  4.13783499396594e-05
2.18  -0.0017185801177215018  4.1229727612299074e-05
2.2  -0.0010922718395023302  4.111413946992679e-05
2.22  -0.00048145736709262997  4.1063619096321933e-05
2.24  0.00011280700111169009  4.110929106934674e-05
2.2600000000000002  0.0006894987212706762  4.128077348984052e-05
2.2800000000000002  0.0012476377525804834  4.160555905395721e-05
2.3000000000000003  0.0017862954209166048  4.210829807412209e-05
2.32  0.0023046033336204105  4.280996894838159e-05
2.34  0.002801762361107598  4.372702436886161e-05
2.36  0.0032770516712746166  4.487067249966324e-05
2.38  0.003729837705982291  4.624643587190959e-05
2.4  0.004159582893304572  4.7854040803827175e-05
2.42  0.004565853826498004  4.968758973914313e-05
2.44  0.004948328624536911  5.1735915516704296e-05
2.46  0.00530680321804093  5.398302373748828e-05
2.48  0.00564119635448115  5.6408568045610366e-05
2.5  0.005951553168406161  5.898833801093429e-05
2.52  0.0062380472193680845  6.169475646744142e-05
2.54  0.006500980961549985  6.449738696492582e-05
2.56  0.006740784654602865  6.73634587332702e-05
2.58  0.006958013737748153  7.025842030591552e-05
2.6  0.00715334469745506  7.314651791785043e-05
2.62  0.007327569482289206  7.599138773397803e-05
2.64  0.007481588540723374  7.875665234530752e-05
2.66  0.00761640257629852  8.140651170306703e-05
2.68  0.007733103132392636  8.390631832166977e-05
2.7  0.007832862135917055  8.622312668043081e-05
2.72  0.00791692054493808  8.832620703089986e-05
2.74  0.007986576258897192  9.018751460724786e-05
2.7600000000000002  0.008043171461129083  9.178210640817431e-05
2.7800000000000002  0.008088079571148323  9.308849916252855e-05
2.8000000000000003  0.008122691988443329  9.408896363153046e-05
2.82  0.008148404810307597  9.476975211033221e-05
2.84  0.008166605704190439  9.512125778327502e-05
2.86  0.008178661110380401  9.513810618497155e-05
2.88  0.008185903943208714  9.481918035390152e-05
2.9  0.008189621947888281  9.416758211986537e-05
2.92  0.008191046856081945  9.319053267272472e-05
2.94  0.00819134446750159  9.189921611432825e-05
2.96  0.008191605767763264  9.030857039225154e-05
2.98  0.00819283917438812  8.84370305717311e-05
3.0  0.008195963983588479  8.630622989118673e-05
3.02  0.008201805070485289  8.394066430288637e-05
3.04  0.008211088875216184  8.136732650455332e-05
3.06  0.008224440687207311  7.861531562374164e-05
3.08  0.008242383220020182  7.571542891031348e-05
3.1  0.008265336450029873  7.269974182707873e-05
3.12  0.008293618674076202  6.96011828281249e-05
3.14  0.0083274487246098  6.645310889700118e-05
3.16  0.008366949265937961  6.328888763319182e-05
3.18  0.008412151082158252  6.014149129602122e-05
3.2  0.008462998256311704  5.7043107845902784e-05
3.22  0.008519354131205699  5.402477353326019e-05
3.24  0.008581007935369355  5.111603102861645e-05
3.2600000000000002  0.008647681952813905  4.8344616467680475e-05
3.2800000000000002  0.008719039112827568  4.573617814327037e-05
3.3000000000000003  0.00879469087585868  4.331402912784296e-05
3.3200000000000003  0.008874205293348264  4.1098935737379934e-05
3.34  0.008957115122937495  3.9108943423364e-05
3.36  0.009042925885447882  3.735924122067922e-05
3.38  0.009131123756629838  3.586206521558451e-05
3.4  0.009221183194781388  3.462664082826047e-05
3.42  0.009312574214819312  3.36591630627107e-05
3.44  0.009404769229947468  3.296281341323828e-05
3.46  0.009497249393392105  3.253781176565618e-05
3.48  0.00958951038447705  3.238150128733808e-05
3.5  0.009681067595306592  3.248846404938058e-05
3.52  0.00977146068635612  3.285066489509933e-05
3.54  0.00986025749124358  3.345762084455879e-05
3.56  0.009947057262394116  3.429659307548018e-05
3.58  0.010031493260329469  3.535279840389155e-05
3.6  0.010113234699460967  3.6609637050497804e-05
3.62  0.010191988072663472  3.8048933452305414e-05
3.64  0.01026749788520653  3.9651186864090747e-05
3.66  0.010339546835871951  4.1395828552109036e-05
3.68  0.010407955489161163  4.3261482448136784e-05
3.7  0.010472581487407373  4.522622619552069e-05
3.72  0.010533318355319335  4.726784961049348e-05
3.74  0.010590093952067527  4.9364107641663795e-05
3.7600000000000002  0.010642868627469573  5.14929650367263e-05
3.7800000000000002  0.010691633139173106  5.3632830082578104e-05
3.8000000000000003  0.010736406386945549  5.576277507612042e-05
3.8200000000000003  0.010777233018423826  5.786274150626524e-05
3.84  0.010814180957925315  5.991372823366053e-05
3.86  0.010847338906498447  6.18979611928993e-05
3.88  0.010876813857339435  6.37990434100689e-05
3.9  0.01090272866617658  6.56020842834337e-05
3.92  0.010925219711248334  6.729380736216118e-05
3.94  0.010944434672175986  6.886263612474402e-05
3.96  0.0109605304515423  7.029875752580044e-05
3.98  0.010973671257426168  7.159416338186242e-05
4.0  0.010984026859668672  7.274266991976987e-05
4.0200000000000005  0.010991771027361152  7.373991606894788e-05
4.04  0.010997080149999021  7.45833413354473e-05
4.0600000000000005  0.011000132040108017  7.527214426191229e-05
4.08  0.01100110491090622  7.580722272782463e-05
4.1  0.011000176518831065  7.619109746778111e-05
4.12  0.010997523457541881  7.642782034236208e-05
4.14  0.010993320587363038  7.652286898618242e-05
4.16  0.010987740582069328  7.648302955613572e-05
4.18  0.010980953573491357  7.631626931570493e-05
4.2  0.01097312687364137  7.60316008524739e-05
4.22  0.010964424753945047  7.563893973949569e-05
4.24  0.010955008261576308  7.514895749315717e-05
4.26  0.010945035053911131  7.457293168457125e-05
4.28  0.01093465923345151  7.392259508546585e-05
4.3  0.010924031167395914  7.320998568087288e-05
4.32  0.010913297278115235  7.244729930981804e-05
4.34  0.010902599793252851  7.164674657744697e-05
4.36  0.010892076446802183  7.082041557055781e-05
4.38  0.010881860125376848  6.998014174560693e-05
4.4  0.010872078456778931  6.91373862413322e-05
4.42  0.010862853340909213  6.830312371336575e-05
4.44  0.010854300425908306  6.748774067242923e-05
4.46  0.010846528535143406  6.670094515100081e-05
4.48  0.01083963905315247  6.595168837806822e-05
4.5  0.010833725280928528  6.52480989626489e-05
4.5200000000000005  0.010828871772876855  6.459742988978014e-05
4.54  0.010825153669371122  6.400601842511286e-05
4.5600000000000005  0.010822636040093309  6.347925879198526e-05
4.58  0.01082137325414536  6.302158730915445e-05
4.6000000000000005  0.01082140839336064  6.263647953130066e-05
4.62  0.010822772725236855  6.232645882395341e-05
4.64  0.010825485251513473  6.20931157106592e-05
4.66  0.010829552347612667  6.193713724210172e-05
4.68  0.01083496750700636  6.185834552629933e-05
4.7  0.010841711203064958  6.185574450998224e-05
4.72  0.010849750879094792  6.192757402984133e-05
4.74  0.010859041075168857  6.207137011152186e-05
4.76  0.010869523698005906  6.228403042560525e-05
4.78  0.010881128437645996  6.25618838457675e-05
4.8  0.010893773332035374  6.290076296924758e-05
4.82  0.010907365477995815  6.329607853826965e-05
4.84  0.010921801884410175  6.374289467051458e-05
4.86  0.010936970460895585  6.423600391089235e-05
4.88  0.010952751132750523  6.477000114443802e-05
4.9  0.010969017070544032  6.533935548034083e-05
4.92  0.010985636020421666  6.593847934303779e-05
4.94  0.011002471719126643  6.65617940353316e-05
4.96  0.011019385375896182  6.72037911471865e-05
4.98  0.011036237201958277  6.785908928291301e-05
5.0  0.011052887967259228  6.852248563839902e-05
5.0200000000000005  0.011069200563354326  6.918900207458046e-05
5.04  0.011085041551056322  6.985392542323504e-05
5.0600000000000005  0.011100282671457934  7.051284185957739e-05
5.08  0.011114802299310923  7.116166526208037e-05
5.1000000000000005  0.01112848681848088  7.179665959417561e-05
5.12  0.011141231900227984  7.241445540564747e-05
5.14  0.011152943666461041  7.301206064592807e-05
5.16  0.011163539721756731  7.358686605052572e-05
5.18  0.011172950039887242  7.413664542819552e-05
5.2  0.011181117692732253  7.46595512304875e-05
5.22  0.011187999411816184  7.515410584045247e-05
5.24  0.011193565975198813  7.561918904822637e-05
5.26  0.011197802415059601  7.605402220542997e-05
5.28  0.011200708043945382  7.6458149578929e-05
5.3  0.011202296300365785  7.683141739709608e-05
5.32  0.011202594417023235  7.717395109445714e-05
5.34  0.011201642917562614  7.748613124930774e-05
5.36  0.011199494950156538  7.776856863377871e-05
5.38  0.011196215468571866  7.8022078845933e-05
5.4  0.01119188027345764  7.824765689428336e-05
5.42  0.011186574928504934  7.844645213355702e-05
5.44  0.011180393567791047  7.861974387365483e-05
5.46  0.011173437611978806  7.87689179791841e-05
5.48  0.01116581441215525  7.889544471181869e-05
5.5  0.011157635840854874  7.900085803881163e-05
5.5200000000000005  0.011149016850310962  7.908673655874506e-05
5.54  0.011140074018116505  7.915468618351757e-05
5.5600000000000005  0.011130924100335973  7.920632463392544e-05
5.58  0.011121682611664848  7.924326778468158e-05
5.6000000000000005  0.011112462451483125  7.926711785189518e-05
5.62  0.011103372593641334  7.927945335992542e-05
5.64  0.01109451685657091  7.928182083480584e-05
5.66  0.01108599276882766  7.92757280865738e-05
5.68  0.011077890543459163  7.926263897191295e-05
5.7  0.011070292172817346  7.924396945510853e-05
5.72  0.011063270653371156  7.922108483493772e-05
5.74  0.011056889348048847  7.919529791530403e-05
5.76  0.01105120149147885  7.916786796731575e-05
5.78  0.011046249841304864  7.914000027447928e-05
5.8  0.011042066476582358  7.91128460996162e-05
5.82  0.01103867274213816  7.908750291807186e-05
5.84  0.01103607933565091  7.906501475116504e-05
5.86  0.011034286532283766  7.904637251884557e-05
5.88  0.01103328453978281  7.903251426592334e-05
5.9  0.011033053975288074  7.902432517546969e-05
5.92  0.011033566453593047  7.902263722714084e-05
5.94  0.011034785275352758  7.902822834430313e-05
5.96  0.011036666202781122  7.904182086418551e-05
5.98  0.011039158309526401  7.90640792818858e-05
6.0  0.011042204890758734  7.909560728069676e-05
6.0200000000000005  0.011045744418883573  7.913694420148322e-05
6.04  0.0110497115300008  7.918856117190154e-05
6.0600000000000005  0.011054038026232282  7.925085704139667e-05
6.08  0.011058653879316614  7.932415425614922e-05
6.1000000000000005  0.01106348822136651  7.940869471326862e-05
6.12  0.011068470309391482  7.950463572319218e-05
6.140000000000001  0.011073530451018552  7.961204613578476e-05
6.16  0.011078600879830763  7.973090280621387e-05
6.18  0.011083616569893831  7.986108755879851e-05
6.2  0.011088515980250905  8.000238482920146e-05
6.22  0.01109324172154989  8.0154480154241e-05
6.24  0.01109774113838569  8.031695964623719e-05
6.26  0.011101966802440365  8.048931055225535e-05
6.28  0.011105876912996776  8.067092296565705e-05
6.3  0.01110943560289692  8.086109273568778e-05
6.32  0.011112613149463456  8.105902559162303e-05
6.34  0.011115386091315741  8.126384248494231e-05
6.36  0.011117737253338547  8.147458615674754e-05
6.38  0.011119655683333694  8.16902288687816e-05
6.4  0.011121136505035333  8.190968127423241e-05
6.42  0.01112218069321072  8.213180233318735e-05
6.44  0.011122794777508122  8.235541017999532e-05
6.46  0.011122990482466174  8.257929383136315e-05
6.48  0.011122784311767275  8.280222558100709e-05
6.5  0.011122197085280386  8.30229739296717e-05
6.5200000000000005  0.011121253437778502  8.324031688230869e-05
6.54  0.011119981288426128  8.345305541165924e-05
6.5600000000000005  0.011118411290139657  8.366002691725981e-05
6.58  0.011116576267831352  8.386011846128321e-05
6.6000000000000005  0.01111451065432274  8.405227959896994e-05
6.62  0.011112249932324129  8.423553459552426e-05
6.640000000000001  0.01110983009041994  8.440899384766281e-05
6.66  0.011107287100413778  8.457186433146423e-05
6.68  0.011104656422703859  8.472345891062406e-05
6.7  0.011101972545637825  8.486320435441508e-05
6.72  0.011099268563973717  8.4990647945914e-05
6.74  0.011096575800744034  8.510546255684139e-05
6.76  0.011093923475922342  8.520745012114989e-05
6.78  0.011091338424428138  8.529654344168153e-05
6.8  0.011088844865093065  8.537280629673273e-05
6.82  0.01108646422136033  8.543643184769333e-05
6.84  0.011084214993628497  8.548773935776417e-05
6.86  0.011082112682369673  8.552716927498152e-05
6.88  0.011080169760375402  8.555527675396064e-05
6.9  0.011078395691826604  8.557272370673924e-05
6.92  0.01107679699524149  8.558026950816685e-05
6.94  0.011075377346832362  8.557876048804607e-05
6.96  0.011074137720332862  8.556911837140563e-05
6.98  0.011073076559008466  8.555232783839833e-05
7.0  0.011072189975248715  8.552942338789418e-05
7.0200000000000005  0.011071471972968774  8.550147569702553e-05
7.04  0.011070914687945528  8.546957767690389e-05
7.0600000000000005  0.011070508641170724  8.543483042909784e-05
7.08  0.011070243000385914  8.539832930064918e-05
7.1000000000000005  0.011070105845088373  8.536115023364535e-05
7.12  0.011070084430522018  8.532433660964409e-05
7.140000000000001  0.011070165446415325  8.528888676137043e-05
7.16  0.011070335266587161  8.52557423144488e-05
7.18  0.011070580185886397  8.522577752769996e-05
7.2  0.011070886641368197  8.519978976177247e-05
7.22  0.011071241415059444  8.51784911799055e-05
7.24  0.0110716318161018  8.516250179445214e-05
7.26  0.011072045840577319  8.515234392662824e-05
7.28  0.011072472307784065  8.514843813057143e-05
7.3  0.011072900972200858  8.515110060031676e-05
7.32  0.01107332261085847  8.51605420846585e-05
7.34  0.011073729086272858  8.517686828289248e-05
7.36  0.011074113385508497  8.52000816708127e-05
7.38  0.011074469636327688  8.523008472136013e-05
7.4  0.011074793101720975  8.526668440955287e-05
7.42  0.01107508015443157  8.53095979352316e-05
7.44  0.011075328233330076  8.535845952101792e-05
7.46  0.011075535783711947  8.541282818683925e-05
7.48  0.011075702183756524  8.547219633293413e-05
7.5  0.011075827659486517  8.553599900056378e-05
7.5200000000000005  0.011075913190660397  8.560362365651842e-05
7.54  0.011075960410004965  8.567442033789556e-05
7.5600000000000005  0.011075971498206546  8.574771198751279e-05
7.58  0.011075949076988282  8.582280484949596e-05
7.6000000000000005  0.011075896102492681  8.589899873567624e-05
7.62  0.01107581576105469  8.597559704166076e-05
7.640000000000001  0.011075711369275303  8.605191636124266e-05
7.66  0.011075586280085781  8.612729556286929e-05
7.68  0.011075443796293966  8.620110422686498e-05
7.7  0.011075287092874196  8.627275032422639e-05
7.72  0.011075119148981166  8.634168705580551e-05
7.74  0.011074942690441252  8.640741877425403e-05
7.76  0.011074760143226333  8.646950594312657e-05
7.78  0.011074573598143142  8.652756906960896e-05
7.8  0.01107438478675912  8.658129162097836e-05
7.82  0.01107419506832653  8.663042188773121e-05
7.84  0.01107400542728905  8.667477383096563e-05
7.86  0.011073816480738349  8.671422692158054e-05
7.88  0.011073628495031518  8.674872502189695e-05
7.9  0.011073441410624735  8.677827436686541e-05
7.92  0.011073254874082257  8.680294070948771e-05
7.94  0.01107306827609223  8.682284570488645e-05
7.96  0.011072880794285148  8.6838162630679e-05
7.98  0.011072691439606885  8.684911153511524e-05
8.0  0.011072499104965574  8.685595390086004e-05
8.02  0.011072302614930897  8.685898694946826e-05
8.040000000000001  0.011072100775244825  8.685853767584741e-05
8.06  0.011071892421020085  8.685495672631447e-05
8.08  0.011071676462547385  8.68486122213223e-05
8.1  0.01107145192774502  8.683988362036976e-05
8.120000000000001  0.011071218000399504  8.682915573833853e-05
8.14  0.011070974053460733  8.68168129826168e-05
8.16  0.011070719676804572  8.680323391153753e-05
8.18  0.011070454699012654  8.678878617176898e-05
8.2  0.011070179202855529  8.677382189911485e-05
8.22  0.01106989353432166  8.675867360598895e-05
8.24  0.011069598305157573  8.674365063327677e-05
8.26  0.011069294389055427  8.672903617303301e-05
8.28  0.01106898291170404  8.671508489141861e-05
8.3  0.01106866523509514  8.670202116376928e-05
8.32  0.011068342936526445  8.669003791231234e-05
8.34  0.011068017782886769  8.667929604863308e-05
8.36  0.011067691700850528  8.666992448089743e-05
8.38  0.011067366743692972  8.66620206712614e-05
8.4  0.011067045055486214  8.665565169278642e-05
8.42  0.011066728833443392  8.665085574885678e-05
8.44  0.011066420289219954  8.664764410031516e-05
8.46  0.011066121609980077  8.66460033338857e-05
8.48  0.011065834919971478  8.66458979309697e-05
8.5  0.011065562243398656  8.664727305589574e-05
8.52  0.011065305469263462  8.665005751130092e-05
8.540000000000001  0.011065066318837736  8.665416679227511e-05
8.56  0.011064846316330978  8.665950616926584e-05
8.58  0.011064646763264645  8.666597376425162e-05
8.6  0.011064468716954157  8.66734635307536e-05
8.620000000000001  0.011064312973445142  8.668186810692621e-05
8.64  0.011064180055120103  8.669108149202939e-05
8.66  0.011064070203125269  8.670100149299682e-05
8.68  0.011063983374664172  8.671153192276555e-05
8.700000000000001  0.011063919245105589  8.672258449663568e-05
8.72  0.011063877214789448  8.67340804385279e-05
8.74  0.011063856420294543  8.674595174709547e-05
8.76  0.01106385574989878  8.675814213646361e-05
8.78  0.011063873862849603  8.677060764362634e-05
8.8  0.011063909212049656  8.678331690282868e-05
8.82  0.011063960069668255  8.679625111012216e-05
8.84  0.011064024555186448  8.680940368363857e-05
8.86  0.011064100665326485  8.682277964766963e-05
8.88  0.011064186305320902  8.683639477484109e-05
8.9  0.011064279320944437  8.685027449629605e-05
8.92  0.011064377530761296  8.686445263941616e-05
8.94  0.011064478758037144  8.687897001407105e-05
8.96  0.011064580861781944  8.68938728832868e-05
8.98  0.011064681766438739  8.690921137893246e-05
9.0  0.011064779489761912  8.692503786640105e-05
9.02  0.011064872168466466  8.694140532619914e-05
9.040000000000001  0.011064958081301281  8.695836577007372e-05
9.06  0.011065035669240124  8.697596873850162e-05
9.08  0.011065103552543296  8.699425990337802e-05
9.1  0.011065160544515857  8.701327979873246e-05
9.120000000000001  0.01106520566184242  8.703306271586389e-05
9.14  0.01106523813143972  8.705363577741826e-05
9.16  0.011065257393843746  8.707501819735588e-05
9.18  0.011065263103179238  8.709722075147489e-05
9.200000000000001  0.011065255123859627  8.712024546071815e-05
9.22  0.0110652335241644  8.714408547918302e-05
9.24  0.011065198566926851  8.716872519200062e-05
9.26  0.011065150697598034  8.71941405311205e-05
9.28  0.011065090529967962  8.722029945862055e-05
9.3  0.011065018829886898  8.72471626429695e-05
9.32  0.011064936497315783  8.727468429425535e-05
9.34  0.011064844547081542  8.73028131278039e-05
9.36  0.011064744088687892  8.733149345155469e-05
9.38  0.011064636305573753  8.736066633726041e-05
9.4  0.011064522434167676  8.739027086345294e-05
9.42  0.011064403743084508  8.74202453840952e-05
9.44  0.011064281512822932  8.74505288114344e-05
9.46  0.01106415701624764  8.748106188423519e-05
9.48  0.011064031500162944  8.751178838866205e-05
9.5  0.011063906168216557  8.754265630809503e-05
9.52  0.01106378216536078  8.757361887943893e-05
9.540000000000001  0.011063660564047876  8.760463554457099e-05
9.56  0.011063542352310673  8.763567275580871e-05
9.58  0.011063428423827272  8.766670464292671e-05
9.6  0.011063319570034282  8.76977135165338e-05
9.620000000000001  0.011063216474321434  8.772869019788997e-05
9.64  0.0110631197082866  8.775963417342246e-05
9.66  0.011063029730020924  8.779055356999884e-05
9.68  0.011062946884320161  8.782146495601344e-05
9.700000000000001  0.011062871404734147  8.785239295901941e-05
9.72  0.011062803417301748  8.788336972235833e-05
9.74  0.011062742945820554  8.791443420701163e-05
9.76  0.011062689918468017  8.794563135006763e-05
9.78  0.011062644175570308  8.797701109196701e-05
9.8  0.011062605478335201  8.80086273044498e-05
9.82  0.011062573518311504  8.804053662609561e-05
9.84  0.01106254792737989  8.807279723260206e-05
9.86  0.011062528288057594  8.810546756339842e-05
9.88  0.011062514143902734  8.813860503627605e-05
9.9  0.011062505009832496  8.817226475623004e-05
9.92  0.011062500382166062  8.820649826137239e-05
9.94  0.011062499748219465  8.824135231139037e-05
9.96  0.011062502595311654  8.827686775450029e-05
9.98  0.01106250841903731  8.831307848345299e-05
10.0  0.011062516730708424  8.835001050268109e-05
10.02  0.011062527063871085  8.838768112261284e-05
10.040000000000001  0.011062538979833985  8.842609829442567e-05
10.06  0.011062552072173378  8.846526009396381e-05
10.08  0.011062565970188645  8.850515436913136e-05
10.1  0.01106258034131857  8.854575854681801e-05
10.120000000000001  0.011062594892539128  8.858703961321391e-05
10.14  0.011062609370791093  8.862895425333417e-05
10.16  0.01106262356249929  8.867144916563418e-05
10.18  0.011062637292257992  8.871446151926794e-05
10.200000000000001  0.01106265042077188  8.875791956951501e-05
10.22  0.011062662842163631  8.880174341143626e-05
10.24  0.011062674480737947  8.884584584781138e-05
10.26  0.01106268528734328  8.889013337601178e-05
10.28  0.011062695235420188  8.893450726028845e-05
10.3  0.011062704316873197  8.897886467944179e-05
10.32  0.011062712537880666  8.90230999295601e-05
10.34  0.011062719914733763  8.90671056552258e-05
10.36  0.01106272646983885  8.911077410823909e-05
10.38  0.011062732227946844  8.915399838806278e-05
10.4  0.011062737212721517  8.919667366827816e-05
10.42  0.011062741443698967  8.923869836834606e-05
10.44  0.011062744933710858  8.927997528305185e-05
10.46  0.011062747686813494  8.932041261417383e-05
10.48  0.011062749696758585  8.935992493035177e-05
10.5  0.011062750946018059  8.939843401093675e-05
10.52  0.011062751405374775  8.943586958133301e-05
10.540000000000001  0.01106275103406468  8.947216992403551e-05
10.56  0.011062749780449563  8.950728236410547e-05
10.58  0.011062747583187923  8.954116360972408e-05
10.6  0.011062744372854049  8.957377997540492e-05
10.620000000000001  0.011062740073962693  8.960510745487348e-05
10.64  0.011062734607316273  8.963513166794485e-05
10.66  0.011062727892625239  8.966384768197645e-05
10.68  0.011062719851318709  8.969125970249636e-05
10.700000000000001  0.011062710409471283  8.971738065970646e-05
10.72  0.01106269950076108  8.974223168840226e-05
10.74  0.011062687069390956  8.976584151233649e-05
10.76  0.011062673072894888  8.978824575188096e-05
10.78  0.011062657484751782  8.980948616157003e-05
10.8  0.011062640296745816  8.98296098170014e-05
10.82  0.0110626215210144  8.984866826019096e-05
10.84  0.011062601191725908  8.986671661737142e-05
10.86  0.011062579366347122  8.988381271371433e-05
10.88  0.011062556126463279  8.990001618350708e-05
10.9  0.011062531578132924  8.991538760259887e-05
10.92  0.011062505851743955  8.992998764335776e-05
10.94  0.011062479101395519  8.994387628151511e-05
10.96  0.011062451503785773  8.9957112042086e-05
10.98  0.011062423256631575  8.996975132500435e-05
11.0  0.011062394576649578  8.998184778241528e-05
11.02  0.011062365697122123  8.999345179031069e-05
11.040000000000001  0.011062336865098478  9.000460999640547e-05
11.06  0.011062308338274878  9.001536495716197e-05
11.08  0.011062280381610928  9.002575487347832e-05
11.1  0.011062253263741984  9.003581341506011e-05
11.120000000000001  0.011062227253251095  9.004556964512515e-05
11.14  0.011062202614862827  9.005504803904742e-05
11.16  0.01106217960562786  9.00642685879686e-05
11.18  0.011062158471178783  9.007324700837608e-05
11.200000000000001  0.011062139442092314  9.008199501615502e-05
11.22  0.011062122730457933  9.009052069739766e-05
11.24  0.011062108526687549  9.00988289310264e-05
11.26  0.011062096996632489  9.0106921886703e-05
11.28  0.011062088279059199  9.011479956285925e-05
11.3  0.011062082483518722  9.012246036589161e-05
11.32  0.01106207968865491  9.012990171269295e-05
11.34  0.011062079940973926  9.013712064348366e-05
11.36  0.011062083254101436  9.01441144282355e-05
11.38  0.011062089608525356  9.015088115928957e-05
11.4  0.011062098951850253  9.015742030029223e-05
11.42  0.011062111199520362  9.016373319908747e-05
11.44  0.011062126236033242  9.016982352798666e-05
11.46  0.011062143916603904  9.017569766414668e-05
11.48  0.011062164069238  9.018136498085212e-05
11.5  0.011062186497198982  9.018683805142634e-05
11.52  0.011062210981807534  9.019213276398319e-05
11.540000000000001  0.011062237285530793  9.019726833606314e-05
11.56  0.01106226515531301  9.020226723813998e-05
11.58  0.011062294326079688  9.020715502873732e-05
11.6  0.01106232452437341  9.021196009687525e-05
11.620000000000001  0.011062355472045385  9.021671332963603e-05
11.64  0.01106238688995609  9.022144771944607e-05
11.66  0.011062418501624469  9.022619790550519e-05
11.68  0.011062450036768728  9.023099968200418e-05
11.700000000000001  0.01106248123468923  9.023588946600804e-05
11.72  0.011062511847441378  9.024090376462168e-05
11.74  0.011062541642758968  9.024607863471695e-05
11.76  0.011062570406684735  9.025144915299427e-05
11.78  0.011062597945882897  9.02570489249948e-05
11.8  0.011062624089598863  9.026290961933691e-05
11.82  0.011062648691245024  9.026906056625169e-05
11.84  0.011062671629610221  9.027552840412461e-05
11.86  0.011062692809670163  9.028233680537673e-05
11.88  0.011062712163011001  9.028950626540982e-05
11.9  0.011062729647854423  9.029705397858476e-05
11.92  0.011062745248722661  9.030499378222918e-05
11.94  0.011062758975729177  9.03133361934952e-05
11.96  0.011062770863543106  9.032208851788361e-05
11.98  0.0110627809700335  9.033125502901069e-05
12.0  0.011062789374643153  9.034083722277901e-05
12.02  0.011062796176510386  9.035083413687421e-05
12.040000000000001  0.011062801492383017  9.036124271940584e-05
12.06  0.011062805454368753  9.037205824863928e-05
12.08  0.011062808207550363  9.038327479097598e-05
12.1  0.011062809907519375  9.039488568054316e-05
12.120000000000001  0.011062810717854322  9.040688402201798e-05
12.14  0.01106281080760629  9.041926320287242e-05
12.16  0.011062810348805522  9.04320173906197e-05
12.18  0.011062809514046978  9.044514203087386e-05
12.200000000000001  0.011062808474179935  9.045863431449483e-05
12.22  0.01106280739613143  9.047249361771048e-05
12.24  0.011062806440901032  9.048672190493207e-05
12.26  0.011062805761743125  9.050132407776386e-05
12.280000000000001  0.011062805502569455  9.051630828576282e-05
12.3  0.011062805796573448  9.053168617972039e-05
12.32  0.011062806765103305  9.054747309417003e-05
12.34  0.011062808516787943  9.056368819068575e-05
12.36  0.011062811146912882  9.058035451837889e-05
12.38  0.011062814737064537  9.059749903012548e-05
12.4  0.011062819355018396  9.061515253120614e-05
12.42  0.011062825054881811  9.063334957614506e-05
12.44  0.011062831877462887  9.065212830837422e-05
12.46  0.011062839850871031  9.067153024835218e-05
12.48  0.011062848991321598  9.06916000511984e-05
12.5  0.011062859304117538  9.071238520627102e-05
12.52  0.011062870784807909  9.073393572561219e-05
12.540000000000001  0.011062883420479754  9.07563037902815e-05
12.56  0.011062897191168146  9.077954338848344e-05
12.58  0.011062912071365491  9.080370993386937e-05
12.6  0.01106292803158759  9.082885988797863e-05
12.620000000000001  0.011062945039993333  9.085505037441133e-05
12.64  0.011062963064010951  9.088233880519216e-05
12.66  0.011062982071966177  9.091078252363544e-05
12.68  0.011063002034676158  9.094043845852504e-05
12.700000000000001  0.011063022926991618  9.09713628064719e-05
12.72  0.0110630447292739  9.100361073919677e-05
12.74  0.011063067428779508  9.103723615017594e-05
12.76  0.011063091020941416  9.107229141684236e-05
12.780000000000001  0.011063115510535945  9.110882721650543e-05
12.8  0.011063140912721488  9.114689237127796e-05
12.82  0.011063167253938404  9.118653372338465e-05
12.84  0.011063194572670474  9.122779605448387e-05
12.86  0.011063222920059896  9.127072204023572e-05
12.88  0.01106325236037108  9.131535222726191e-05
12.9  0.011063282971312857  9.136172505414182e-05
12.92  0.011063314844214658  9.140987688579594e-05
12.94  0.011063348084062414  9.145984207787673e-05
12.96  0.011063382809400672  9.151165306020705e-05
12.98  0.011063419152109906  9.15653404227836e-05
13.0  0.011063457257060157  9.16209330270535e-05
13.02  0.011063497281661238  9.167845810257561e-05
13.040000000000001  0.011063539395305607  9.173794135263619e-05
13.06  0.011063583778723175  9.179940704407525e-05
13.08  0.011063630623255338  9.18628780889265e-05
13.1  0.011063680130050827  9.192837609594748e-05
13.120000000000001  0.011063732509198447  9.199592140990979e-05
13.14  0.011063787978799089  9.206553310268413e-05
13.16  0.011063846763986026  9.213722894329358e-05
13.18  0.011063909095896425  9.221102531479304e-05
13.200000000000001  0.01106397521059755  9.228693708987365e-05
13.22  0.011064045347970678  9.236497745968123e-05
13.24  0.011064119750548343  9.244515770176411e-05
13.26  0.01106419866231473  9.25274868975723e-05
13.280000000000001  0.011064282327450378  9.261197159016524e-05
13.3  0.011064370989039568  9.26986153838255e-05
13.32  0.011064464887715397  9.27874184826088e-05
13.34  0.011064564260250324  9.28783771708846e-05
13.36  0.011064669338090107  9.297148324360368e-05
13.38  0.01106478034581988  9.306672337822765e-05
13.4  0.011064897499557599  9.316407845756056e-05
13.42  0.011065021005290915  9.326352285842995e-05
13.44  0.011065151057140293  9.336502370443e-05
13.46  0.01106528783555516  9.346854009427847e-05
13.48  0.011065431505457036  9.357402232007197e-05
13.5  0.011065582214336725  9.368141108746244e-05
13.52  0.011065740090309141  9.379063674578111e-05
13.540000000000001  0.011065905240157162  9.390161855966548e-05
13.56  0.011066077747380687  9.401426402511445e-05
13.58  0.011066257670269062  9.412846825351904e-05
13.6  0.011066445040027868  9.424411344529352e-05
13.620000000000001  0.011066639859000901  9.436106846837604e-05
13.64  0.011066842099004267  9.447918856883195e-05
13.66  0.011067051699817629  9.459831522333782e-05
13.68  0.011067268567864864  9.471827616388352e-05
13.700000000000001  0.011067492575117587  9.483888558123777e-05
13.72  0.011067723558253296  9.495994452712062e-05
13.74  0.011067961318096446  9.508124153082107e-05
13.76  0.011068205619377287  9.520255344208921e-05
13.780000000000001  0.011068456190816468  9.532364649552592e-05
13.8  0.011068712725559223  9.544427761348117e-05
13.82  0.011068974881971913  9.556419593884422e-05
13.84  0.01106924228479171  9.568314459857514e-05
13.86  0.011069514526647672  9.58008626786206e-05
13.88  0.011069791169922797  9.591708740318804e-05
13.9  0.01107007174895299  9.603155649574229e-05
13.92  0.01107035577253987  9.614401069393043e-05
13.94  0.01107064272674471  9.625419640157614e-05
13.96  0.011070932077932819  9.636186843281914e-05
13.98  0.011071223276027976  9.646679283187092e-05
14.0  0.01107151575792802  9.656874972534734e-05
14.02  0.011071808951033955  9.66675361844691e-05
14.040000000000001  0.011072102276849273  9.676296906313547e-05
14.06  0.01107239515457908  9.685488779131708e-05
14.08  0.011072687004688051  9.694315709853958e-05
14.1  0.011072977252356547  9.70276696538955e-05
14.120000000000001  0.011073265330776856  9.710834860693834e-05
14.14  0.011073550684240603  9.718515003768699e-05
14.16  0.011073832770963285  9.725806529291433e-05
14.18  0.011074111065594278  9.732712324388734e-05
14.200000000000001  0.011074385061362494  9.739239246812258e-05
14.22  0.011074654271807698  9.745398338654527e-05
14.24  0.011074918232037005  9.751205039214218e-05
14.26  0.011075176499467014  9.756679401896586e-05
14.280000000000001  0.011075428653973918  9.761846321458333e-05
14.3  0.011075674297394117  9.766735778119195e-05
14.32  0.011075913052290262  9.77138310782843e-05
14.34  0.011076144559887976  9.775829307135086e-05
14.36  0.01107636847707101  9.780121383693146e-05
14.38  0.011076584472280633  9.784312761400521e-05
14.4  0.011076792220146903  9.788463748908887e-05
14.42  0.011076991394619328  9.792642075015122e-05
14.44  0.011077181660305323  9.796923488582574e-05
14.46  0.011077362661641794  9.801392401052503e-05
14.48  0.01107753400940696  9.806142525179958e-05
14.5  0.011077695263923475  9.811277412708738e-05
14.52  0.01107784591407101  9.816910717166293e-05
14.540000000000001  0.011077985350816784  9.823165866313857e-05
14.56  0.011078112833354033  9.83017462435038e-05
14.58  0.011078227444747193  9.838073679033888e-05
14.6  0.011078328031872994  9.846997896363884e-05
14.620000000000001  0.011078413120585308  9.857068186297518e-05
14.64  0.011078480790457462  9.868371075844891e-05
14.66  0.011078528483177509  9.880926306838126e-05
14.68  0.011078552705865356  9.894638649988839e-05
14.700000000000001  0.011078548581767428  9.909231746463201e-05
14.72  0.01107850921279056  9.924166504370665e-05
14.74  0.011078424875745065  9.938554929729543e-05
14.76  0.011078282186837192  9.951090015299102e-05
14.780000000000001  0.011078063490731014  9.960017641655452e-05
14.8  0.011077746752206408  9.9631715217863e-05
14.82  0.011077306070749767  9.9580777829062e-05
14.84  0.01107671268286774  9.942120455670592e-05
14.86  0.0110759361749605  9.912750522577909e-05
14.88  0.011074945719143659  9.867717669517019e-05
14.9  0.011073711348948488  9.805299290571468e-05
14.92  0.011072205393192196  9.724495418545137e-05
14.94  0.011070404095738801  9.625158098021408e-05
14.96  0.011068289268523185  9.508034598556999e-05
14.98  0.011065849714180393  9.374722663558647e-05
15.0  0.011063082182951059  9.227553958881569e-05
15.02  0.011059991752725897  9.069432003672926e-05
15.040000000000001  0.01105659165654949  8.903651767743382e-05
15.06  0.01105290267120259  8.733722759210276e-05
15.08  0.01104895221155566  8.563209824085147e-05
15.1  0.011044773264389143  8.395598866922866e-05
15.120000000000001  0.011040403264676913  8.23418954117963e-05
15.14  0.011035882983678268  8.082013754891898e-05
15.16  0.011031255470000879  7.941777190652321e-05
15.18  0.01102656506469147  7.815820433409456e-05
15.200000000000001  0.011021856498799117  7.706096307483011e-05
15.22  0.011017174074921018  7.614160339366826e-05
15.24  0.011012560931043792  7.54117168149531e-05
15.26  0.011008058384054126  7.487902269003803e-05
15.280000000000001  0.011003705350311425  7.454752370797797e-05
15.3  0.010999537841174498  7.441771037841334e-05
15.32  0.010995588531864706  7.448680237789028e-05
15.34  0.010991886402423493  7.474901709526199e-05
15.36  0.01098845644977655  7.519585764837968e-05
15.38  0.010985319469988567  7.581641430361912e-05
15.4  0.01098249190966652  7.659767438293228e-05
15.42  0.010979985785188492  7.752483666322968e-05
15.44  0.010977808667975895  7.858162686314016e-05
15.46  0.010975963733457217  7.975061121593351e-05
15.48  0.010974449870787252  8.101350540694888e-05
15.5  0.010973261849711133  8.23514763349643e-05
15.52  0.01097239054038759  8.374543431062173e-05
15.540000000000001  0.010971823181344266  8.51763133272878e-05
15.56  0.010971543690213288  8.662533710241776e-05
15.58  0.010971533011403568  8.807426857380333e-05
15.6  0.010971769494437355  8.950564060428937e-05
15.620000000000001  0.010972229296435737  9.09029658009348e-05
15.64  0.010972886802010934  9.225092355936434e-05
15.66  0.010973715053749743  9.35355227547149e-05
15.68  0.010974686186498592  9.474423880147465e-05
15.700000000000001  0.010975771858799456  9.586612417425758e-05
15.72  0.010976943675031499  9.689189183622238e-05
15.74  0.010978173592179634  9.78139714147745e-05
15.76  0.010979434305572393  9.862653833420392e-05
15.780000000000001  0.010980699608426157  9.932551648092979e-05
15.8  0.010981944720634443  9.990855539514687e-05
15.82  0.010983146582871858  0.00010037498325838207
15.84  0.010984284112772958  0.00010072573734528614
15.860000000000001  0.010985338420659643  0.00010096327384882608
15.88  0.010986292983025309  0.00010109145927872588
15.9  0.010987133772738179  0.0001011154458224988
15.92  0.010987849345649333  0.00010104153325752403
15.94  0.01098843088399602  0.0001008770200929003
15.96  0.010988872197702698  0.00010063004670426685
15.98  0.010989169685285294  0.00010030943327388723
16.0  0.0109893222566743  9.992451527434217e-05
16.02  0.01098933122078605  9.948497921015632e-05
16.04  0.010989200141134116  9.900070117813966e-05
16.06  0.010988934663166777  9.848159069503302e-05
16.080000000000002  0.01098854231731574  9.793744201871203e-05
16.1  0.010988032301982219  9.737779497965134e-05
16.12  0.010987415250853503  9.681180710723384e-05
16.14  0.010986702989012075  9.624813855250644e-05
16.16  0.01098590828229929  9.569485103999218e-05
16.18  0.010985044584303955  9.515932178542154e-05
16.2  0.01098412578521583  9.464817301002337e-05
16.22  0.01098316596651882  9.41672173901342e-05
16.240000000000002  0.010982179165235823  9.372141947903788e-05
16.26  0.01098117915110227  9.331487284790007e-05
16.28  0.010980179219676759  9.295079247086097e-05
16.3  0.010979192003991453  9.263152161771942e-05
16.32  0.010978229306928482  9.235855234346894e-05
16.34  0.010977301956043553  9.213255846972357e-05
16.36  0.010976419682120774  9.195343982247632e-05
16.38  0.010975591022260492  9.182037635693677e-05
16.4  0.010974823247874747  9.173189069647443e-05
16.42  0.010974122317498624  9.168591756237839e-05
16.44  0.01097349285393568  9.167987852452944e-05
16.46  0.010972938144849943  9.17107605017563e-05
16.48  0.010972460165570647  9.177519645971226e-05
16.5  0.010972059622544323  9.186954679202492e-05
16.52  0.01097173601561268  9.198997996637113e-05
16.54  0.01097148771704423  9.213255107293645e-05
16.56  0.010971312065076134  9.229327707639104e-05
16.580000000000002  0.010971205469578423  9.246820762207503e-05
16.6  0.010971163527371135  9.265349048839398e-05
16.62  0.010971181144674382  9.284543082456866e-05
16.64  0.010971252664194011  9.304054355544313e-05
16.66  0.010971371994371865  9.323559842133988e-05
16.68  0.010971532738448496  9.342765734875576e-05
16.7  0.010971728321081401  9.361410394227086e-05
16.72  0.01097195211045426  9.379266508777347e-05
16.740000000000002  0.010972197533979681  9.396142477026344e-05
16.76  0.010972458185929415  9.411883035673565e-05
16.78  0.010972727925531986  9.426369171275563e-05
16.8  0.010973000964367447  9.439517363823898e-05
16.82  0.010973271942098517  9.451278217563675e-05
16.84  0.010973535989869745  9.46163454627521e-05
16.86  0.0109737887809443  9.470598982455554e-05
16.88  0.010974026568419101  9.478211187402606e-05
16.9  0.010974246210080457  9.484534738946179e-05
16.92  0.010974445180709287  9.489653779422785e-05
16.94  0.010974621572348173  9.493669501114754e-05
16.96  0.010974774083235807  9.496696548732468e-05
16.98  0.010974901996277014  9.498859413044423e-05
17.0  0.010975005148080325  9.500288885896452e-05
17.02  0.010975083889681936  9.501118643817869e-05
17.04  0.01097513904019401  9.50148201671964e-05
17.06  0.010975171834664569  9.501508995421335e-05
17.080000000000002  0.010975183867478543  9.501323522162513e-05
17.1  0.010975177032635161  9.501041099667021e-05
17.12  0.010975153462225086  9.50076674728973e-05
17.14  0.010975115464395821  9.500593325286561e-05
17.16  0.010975065462012747  9.500600236054992e-05
17.18  0.010975005933186153  9.500852508559935e-05
17.2  0.010974939354683882  9.501400260098993e-05
17.22  0.01097486814916884  9.502278523890856e-05
17.240000000000002  0.010974794637084496  9.503507426591854e-05
17.26  0.010974720993842103  9.505092689297514e-05
17.28  0.010974649212862161  9.507026424877309e-05
17.3  0.010974581074862506  9.509288197423514e-05
17.32  0.010974518123642248  9.511846307877107e-05
17.34  0.010974461648471828  9.514659266283065e-05
17.36  0.01097441267307583  9.517677408673204e-05
17.38  0.010974371951054575  9.520844618617156e-05
17.400000000000002  0.010974339967463827  9.524100109637877e-05
17.42  0.01097431694619326  9.527380229471395e-05
17.44  0.01097430286265422  9.530620244828581e-05
17.46  0.010974297461234335  9.533756071023733e-05
17.48  0.010974300276880318  9.536725912009811e-05
17.5  0.010974310660157634  9.539471779818439e-05
17.52  0.01097432780505108  9.541940867314168e-05
17.54  0.01097435077880119  9.544086751407682e-05
17.56  0.010974378553019987  9.54587040883965e-05
17.580000000000002  0.010974410035373607  9.547261031472176e-05
17.6  0.010974444101123252  9.548236631688029e-05
17.62  0.010974479623858443  9.548784435335335e-05
17.64  0.010974515504803408  9.548901060231225e-05
17.66  0.010974550700139118  9.548592487413184e-05
17.68  0.010974584245830267  9.547873831605285e-05
17.7  0.0109746152795634  9.546768924041416e-05
17.72  0.010974643059418802  9.545309723613658e-05
17.740000000000002  0.010974666979032825  9.543535573039956e-05
17.76  0.010974686579070522  9.541492321672154e-05
17.78  0.01097470155489827  9.5392313369208e-05
17.8  0.010974711760453634  9.536808427317034e-05
17.82  0.010974717208370115  9.534282702681714e-05
17.84  0.01097471806648367  9.531715394103828e-05
17.86  0.010974714650940045  9.529168661285284e-05
17.88  0.010974707416153816  9.526704407980682e-05
17.900000000000002  0.010974696941945167  9.524383129711595e-05
17.92  0.010974683918214764  9.522262815491009e-05
17.94  0.010974669127557261  9.520397922120274e-05
17.96  0.010974653426246532  9.51883843878846e-05
17.98  0.010974637724027462  9.517629058217132e-05
18.0  0.010974622963178667  9.516808465008628e-05
18.02  0.010974610097296195  9.516408751996405e-05
18.04  0.010974600070239043  9.516454972856867e-05
18.06  0.01097459379566968  9.516964833626752e-05
18.080000000000002  0.010974592137585708  9.517948525492465e-05
18.1  0.010974595892216438  9.519408698659512e-05
18.12  0.010974605771614316  9.521340571894219e-05
18.14  0.010974622389225417  9.523732173362083e-05
18.16  0.010974646247683378  9.526564704347563e-05
18.18  0.010974677729020277  9.52981301432613e-05
18.2  0.010974717087429493  9.533446178647622e-05
18.22  0.010974764444664163  9.537428161268251e-05
18.240000000000002  0.010974819788110648  9.54171855273605e-05
18.26  0.01097488297150961  9.546273364715788e-05
18.28  0.010974953718260391  9.551045867627566e-05
18.3  0.010975031627195452  9.5559874548922e-05
18.32  0.010975116180660329  9.561048516940789e-05
18.34  0.0109752067546953  9.56617931160414e-05
18.36  0.010975302631102704  9.571330814469393e-05
18.38  0.010975403011113001  9.576455535432278e-05
18.400000000000002  0.010975507030385457  9.581508288831428e-05
18.42  0.010975613775009937  9.58644690461219e-05
18.44  0.010975722298215914  9.591232870188404e-05
18.46  0.01097583163743428  9.595831893705016e-05
18.48  0.010975940831404407  9.600214379179242e-05
18.5  0.010976048936977439  9.604355809336815e-05
18.52  0.01097615504531721  9.608237029214568e-05
18.54  0.01097625829718625  9.611844426615697e-05
18.56  0.010976357897045902  9.615170009413923e-05
18.580000000000002  0.010976453125718507  9.618211377229616e-05
18.6  0.010976543351401687  9.62097158957268e-05
18.62  0.010976628038853315  9.623458934899718e-05
18.64  0.010976706756626011  9.625686603999202e-05
18.66  0.010976779182264185  9.627672276149698e-05
18.68  0.010976845105408898  9.629437625739614e-05
18.7  0.010976904428834061  9.631007762302861e-05
18.72  0.010976957167436232  9.632410613254346e-05
18.740000000000002  0.010977003445287199  9.633676265548893e-05
18.76  0.010977043490840301  9.634836278235012e-05
18.78  0.01097707763044957  9.63592298350179e-05
18.8  0.010977106280367353  9.636968788002856e-05
18.82  0.010977129937412098  9.638005492143293e-05
18.84  0.010977149168504417  9.639063639431573e-05
18.86  0.010977164599304041  9.64017190880451e-05
18.88  0.01097717690215166  9.641356562955762e-05
18.900000000000002  0.010977186783561093  9.642640960911896e-05
18.92  0.010977194971474105  9.644045144236032e-05
18.94  0.010977202202522275  9.645585502023073e-05
18.96  0.010977209209487407  9.647274520993641e-05
18.98  0.01097721670919124  9.649120620495712e-05
19.0  0.010977225390996444  9.651128075292847e-05
19.02  0.010977235906093605  9.653297023335625e-05
19.04  0.010977248857741588  9.655623555862586e-05
19.06  0.010977264792595583  9.65809988553233e-05
19.080000000000002  0.010977284193241319  9.660714586366627e-05
19.1  0.01097730747202124  9.663452897631258e-05
19.12  0.010977334966230549  9.666297084006992e-05
19.14  0.010977366934713753  9.669226843473966e-05
19.16  0.010977403555888249  9.672219752841787e-05
19.18  0.010977444927175707  9.675251739814963e-05
19.2  0.010977491065823812  9.678297574282422e-05
19.22  0.010977541911045049  9.681331365909366e-05
19.240000000000002  0.010977597327408247  9.684327060558513e-05
19.26  0.010977657109382657  9.687258924915638e-05
19.28  0.010977720986919359  9.690102011497277e-05
19.3  0.010977788631940742  9.692832595130081e-05
19.32  0.010977859665597906  9.695428575220739e-05
19.34  0.01097793366615345  9.697869836236864e-05
19.36  0.010978010177317745  9.700138562313064e-05
19.38  0.010978088716894673  9.702219501346479e-05
19.400000000000002  0.010978168785562785  9.704100175490413e-05
19.42  0.010978249875644488  9.705771036913683e-05
19.44  0.010978331479701465  9.7072255666607e-05
19.46  0.010978413098816642  9.708460317032098e-05
19.48  0.010978494250429086  9.709474899769166e-05
19.5  0.010978574475599037  9.710271919460226e-05
19.52  0.010978653345612138  9.710856857077986e-05
19.54  0.010978730467816673  9.711237905937124e-05
19.56  0.010978805490642781  9.711425764705124e-05
19.580000000000002  0.010978878107734371  9.711433393548504e-05
19.6  0.010978948061159845  9.711275737125344e-05
19.62  0.010979015143685312  9.710969423002417e-05
19.64  0.010979079200104044  9.710532439154076e-05
19.66  0.010979140127629038  9.709983799879987e-05
19.68  0.01097919787538371  9.70934320384067e-05
19.7  0.010979252443030413  9.708630693119788e-05
19.72  0.010979303878590387  9.70786631779975e-05
19.740000000000002  0.010979352275523015  9.707069811883931e-05
19.76  0.010979397769149388  9.706260287381839e-05
19.78  0.010979440532500273  9.705455949640039e-05
19.8  0.010979480771675907  9.704673838042532e-05
19.82  0.010979518720835666  9.703929598117999e-05
19.84  0.010979554636897594  9.70323728490968e-05
19.86  0.01097958879406868  9.702609201607678e-05
19.88  0.01097962147829129  9.702055774249831e-05
19.900000000000002  0.01097965298171903  9.701585463653184e-05
19.92  0.010979683597310254  9.701204714594361e-05
19.94  0.01097971361362979  9.700917941377063e-05
19.96  0.01097974330994184  9.700727548727571e-05
19.98  0.01097977295167149  9.700633986870904e-05
20.0  0.010979802786292969  9.700635837417312e-05
