0.02  -0.03540691789826751  0.0013920766003517717
0.04  -0.07735749700670562  0.002329128665091202
0.06  -0.1141430367394199  0.002708694940683098
0.08  -0.14660801829160136  0.002752321846703054
0.1  -0.17528981388236756  0.0026008935338477264
0.12  -0.20055849705665335  0.002342432182580117
0.14  -0.2226939862035824  0.002030553637257806
0.16  -0.24192629643528396  0.001697465281569776
0.18  -0.2584562601166705  0.00136170214455589
0.2  -0.27246616476985847  0.001033923366357064
0.22  -0.2841248752532284  0.000719872076345046
0.24  -0.29359001266761947  0.0004223539320065264
0.26  -0.30101030254888617  0.00014348935013469514
0.28  -0.30652600231313587  -0.00011494421465346312
0.3  -0.31026964676687097  -0.00035210828576391195
0.32  -0.31236777348751205  -0.0005673540616095619
0.34  -0.3129416104087949  -0.0007601272243284199
0.36  -0.31210781562846807  -0.000929984756833724
0.38  -0.3099796237054247  -0.0010765615902286274
0.4  -0.3066675686291668  -0.0011995978247909135
0.42  -0.3022795726181364  -0.001299146864858907
0.44  -0.29692112466746684  -0.0013756778356324843
0.46  -0.2906952819511914  -0.0014299204981416422
0.48  -0.28370250561706783  -0.001462672462434421
0.5  -0.2760406696970935  -0.0014748479809876625
0.52  -0.26780491465388384  -0.001467536696241538
0.54  -0.25908733029876047  -0.0014419910323260079
0.56  -0.24997662101392745  -0.0013996160051742432
0.58  -0.24055779043757997  -0.001341947892190393
0.6  -0.23091182183697767  -0.001270630807268908
0.62  -0.22111536047106176  -0.00118738962671593
0.64  -0.21124041293405318  -0.0010940027602316389
0.66  -0.20135409363213105  -0.000992279920573308
0.68  -0.19151841723955132  -0.0008840437978754579
0.7000000000000001  -0.18179013664893123  -0.0007711105551307522
0.72  -0.17222063878875926  -0.0006552666528277907
0.74  -0.1628558959019037  -0.0005382410874385699
0.76  -0.15373646909196753  -0.00042167539362160486
0.78  -0.14489756010692428  -0.00030709642310191595
0.8  -0.13636909831709804  -0.0001958920650145577
0.8200000000000001  -0.12817583561537882  -8.926794793149171e-05
0.84  -0.1203374351362015  1.1816519571994962e-05
0.86  -0.11286873975058818  0.00010656164519825674
0.88  -0.10578031824282484  0.00019417970591413463
0.9  -0.09907882657315073  0.00027398239243345924
0.92  -0.09276718224046805  0.0003454730773443074
0.9400000000000001  -0.08684479268873069  0.0004083435013297917
0.96  -0.08130785335051613  0.000462447261933495
0.98  -0.07614967673846453  0.0005077824565744196
1.0  -0.07136101515904435  0.0005444702508353849
1.02  -0.06693037775823608  0.0005727247260764645
1.04  -0.06284435214284169  0.0005928348491721297
1.06  -0.05908792140908682  0.0006051589484139438
1.08  -0.05564476889463306  0.000610120659390877
1.1  -0.05249756768423111  0.0006082023854362419
1.12  -0.0496282526913212  0.0005999363854043946
1.1400000000000001  -0.04701827382987235  0.0005858944741505734
1.16  -0.04464882945584125  0.0005666773173771872
1.18  -0.04250107969951362  0.0005429040702461442
1.2  -0.04055633980566514  0.0005152027989361661
1.22  -0.03879625427553863  0.00048420163359370525
1.24  -0.037202953048001815  0.00045051997197527503
1.26  -0.03575919047803384  0.00041475897170457584
1.28  -0.03444846643389797  0.0003774918733240498
1.3  -0.033255127477138546  0.0003392564206602422
1.32  -0.03216444587246406  0.00030055094967059787
1.34  -0.03116267598965636  0.00026183243511640925
1.36  -0.03023709120235688  0.00022351717311279684
1.3800000000000001  -0.02937600511257158  0.0001859888553561319
1.4000000000000001  -0.028568778059310712  0.00014959887122910652
1.42  -0.027805806195538237  0.00011465892640714865
1.44  -0.027078495995889292  8.143767231347005e-05
1.46  -0.026379228214962774  5.0160508972450606e-05
1.48  -0.02570131321267689  2.1010669815113006e-05
1.5  -0.02503893937434066  -5.868968984191136e-06
1.52  -0.02438711655669351  -3.0373607323011856e-05
1.54  -0.023741616430944263  -5.243403141685124e-05
1.56  -0.02309891123840905  -7.20141311934416e-05
1.58  -0.02245611206191109  -8.910855073896969e-05
1.6  -0.02181090746160115  -0.00010374047017397355
1.62  -0.021161503223695588  -0.0001159594379939805
1.6400000000000001  -0.02050656393500815  -0.00012583917065410964
1.6600000000000001  -0.019845157045152433  -0.0001334752706996925
1.68  -0.019176699969648305  -0.00013898281872330563
1.7  -0.018500910679796485  -0.00014249374441030162
1.72  -0.017817762187718446  -0.00014415390510491897
1.74  -0.01712744127828799  -0.00014411995696134405
1.76  -0.01643031168935442  -0.00014255621038671788
1.78  -0.01572688177054905  -0.00013963162933958352
1.8  -0.015017776527426517  -0.0001355170593877838
1.82  -0.01430371387534634  -0.00013038272305490134
1.84  -0.013585484862923674  -0.00012439600187131092
1.86  -0.012863937568594112  -0.00011771951937220943
1.8800000000000001  -0.01213996432552111  -0.00011050954660580306
1.9000000000000001  -0.01141449189421715  -0.00010291477960253374
1.92  -0.01068847419127054  -9.507560186605257e-05
1.94  -0.009962887236126258  -8.712403638616112e-05
1.96  -0.009238726226221194  -7.918444378141374e-05
1.98  -0.008517005290017836  -7.137306007557885e-05
2.0  -0.007798760053698862  -6.378840491939316e-05
2.02  -0.007085046668492713  -5.649171001389174e-05
2.04  -0.006376931649701478  -4.9511670508736066e-05
2.06  -0.005675485895234303  -4.287227250066749e-05
2.08  -0.004981787418127468  -3.6602010076357825e-05
2.1  -0.004296923791929821  -3.072900758272244e-05
2.12  -0.003621991341831705  -2.5276580701622605e-05
2.14  -0.0029580921451276406  -2.026152272673466e-05
2.16  -0.0023063296960524476  -1.5693964748865106e-05
2.18  -0.0016678035416652385  -1.1577938537788747e-05
2.2  -0.0010436029755878772  -7.912234800132247e-06
2.22  -0.0004347998312201548  -4.691384020193384e-06
2.24  0.00015755956537185593  -1.9066801853448207e-06
2.2600000000000002  0.0007324631799756455  4.5281170532834696e-07
2.2800000000000002  0.001288942620613828  2.399346855745069e-06
2.3000000000000003  0.0018260827736202513  3.9458237102443176e-06
2.32  0.0023430313035468133  5.105507887966153e-06
2.34  0.002839007501723374  5.892275771369733e-06
2.36  0.003313310105399178  6.321297277456011e-06
2.38  0.0037653241773451984  6.409781620340146e-06
2.4  0.004194527635199611  6.17727366921723e-06
2.42  0.0046004979978636895  5.645239325926404e-06
2.44  0.004982919324744903  4.836134383378048e-06
2.46  0.0053415887685008545  3.772396888099348e-06
2.48  0.005676422075430487  2.4757122196459908e-06
2.5  0.005987457605203432  9.66657136596688e-07
2.52  0.006274858702347539  -7.353800729014543e-07
2.54  0.0065389144096258435  -2.6121851972782297e-06
2.56  0.006780038574543511  -4.646729838941096e-06
2.58  0.0069987674110573266  -6.8232161697534695e-06
2.6  0.007195755583512861  -9.127101551859907e-06
2.62  0.00737177088602048  -1.154506312310078e-05
2.64  0.007527687596654126  -1.4064899871881538e-05
2.66  0.007664478595955954  -1.6675391660723505e-05
2.68  0.00778320635315653  -1.936613703902438e-05
2.7  0.007885012899358189  -2.2127385433576914e-05
2.72  0.007971108922706513  -2.4949872736825863e-05
2.74  0.008042762134544164  -2.782466513623252e-05
2.7600000000000002  0.00810128506675866  -3.074301422182371e-05
2.7800000000000002  0.008148022468546488  -3.3696225932063474e-05
2.8000000000000003  0.008184338475594525  -3.6675546071234086e-05
2.82  0.008211603726150245  -3.967206541011676e-05
2.84  0.008231182596986361  -4.267664747556525e-05
2.86  0.008244420727948166  -4.567988182768891e-05
2.88  0.008252632996809287  -4.867206472167321e-05
2.9  0.008257092096748806  -5.164320779757557e-05
2.92  0.008259017857058265  -5.4583073886152055e-05
2.94  0.008259567434004293  -5.7481237349204324e-05
2.96  0.008259826483346349  -6.032716501830484e-05
2.98  0.008260801408971548  -6.311031291878806e-05
3.0  0.008263412763482256  -6.582023361692346e-05
3.02  0.008268489856705237  -6.844668925814557e-05
3.04  0.008276766607440193  -7.097976605009075e-05
3.06  0.008288878653227407  -7.340998698097907e-05
3.08  0.008305361712991153  -7.572842054594497e-05
3.1  0.00832665117881534  -7.792678403026386e-05
3.12  0.0083530828958863  -7.999754022261691e-05
3.14  0.008384895074068335  -8.193398637279243e-05
3.16  0.008422231260610676  -8.373033391893407e-05
3.18  0.008465144291110685  -8.538177726663733e-05
3.2  0.008513601125144044  -8.688454990784519e-05
3.22  0.00856748846380571  -8.823596670879655e-05
3.24  0.008626619038796085  -8.943445225119152e-05
3.2600000000000002  0.00869073845669488  -9.047955638239331e-05
3.2800000000000002  0.008759532478062944  -9.137195905528677e-05
3.3000000000000003  0.008832634609403955  -9.211346656422953e-05
3.3200000000000003  0.008909633887174962  -9.270700021514212e-05
3.34  0.008990082736925968  -9.315657699081521e-05
3.36  0.00907350479661299  -9.346728052763131e-05
3.38  0.009159402600575583  -9.364522039854696e-05
3.4  0.009247265029165445  -9.369747798685052e-05
3.42  0.009336574438314638  -9.363203800688357e-05
3.44  0.009426813393446042  -9.3457705494367e-05
3.46  0.009517470942757934  -9.318400911863771e-05
3.48  0.009608048375318867  -9.282109250755775e-05
3.5  0.009698064420264964  -9.237959554754337e-05
3.52  0.009787059854511917  -9.187052812996031e-05
3.54  0.009874601496938386  -9.13051391807396e-05
3.56  0.009960285577455933  -9.069478385464747e-05
3.58  0.010043740479549855  -9.005079171113789e-05
3.6  0.010124628864607906  -8.93843385330309e-05
3.62  0.010202649195425  -8.870632423250453e-05
3.64  0.010277536684556617  -8.80272590266316e-05
3.66  0.010349063700517639  -8.735715975450491e-05
3.68  0.010417039671108517  -8.670545783169185e-05
3.7  0.010481310528317172  -8.608091991921404e-05
3.72  0.01054175774318258  -8.549158201222676e-05
3.74  0.010598297001848722  -8.49446972360825e-05
3.7600000000000002  0.010650876575702115  -8.444669737966504e-05
3.7800000000000002  0.010699475439126558  -8.400316790984068e-05
3.8000000000000003  0.010744101188064927  -8.361883603976209e-05
3.8200000000000003  0.010784787811294178  -8.329757113863012e-05
3.84  0.010821593364136734  -8.304239655240151e-05
3.86  0.010854597591319676  -8.285551173989591e-05
3.88  0.010883899542038522  -8.27383234783453e-05
3.9  0.010909615216120761  -8.269148488612103e-05
3.92  0.01093187527561442  -8.27149409673436e-05
3.94  0.010950822851254552  -8.280797939541894e-05
3.96  0.010966611468263228  -8.296928527190436e-05
3.98  0.010979403110810543  -8.319699864155401e-05
4.0  0.010989366439404884  -8.34887735709414e-05
4.0200000000000005  0.01099667517053066  -8.384183770208074e-05
4.04  0.011001506623138422  -8.425305126969873e-05
4.0600000000000005  0.01100404043215843  -8.471896468294481e-05
4.08  0.011004457425149598  -8.523587388316545e-05
4.1  0.011002938654578402  -8.579987283612695e-05
4.12  0.010999664575040063  -8.640690262217776e-05
4.14  0.010994814352118014  -8.705279675600146e-05
4.16  0.010988565287468891  -8.773332243682637e-05
4.18  0.010981092343186042  -8.844421761275797e-05
4.2  0.010972567747543238  -8.918122377475862e-05
4.22  0.010963160663799855  -8.994011453553969e-05
4.24  0.010953036903898782  -9.07167201349699e-05
4.26  0.010942358669511517  -9.150694805824301e-05
4.28  0.010931284304017613  -9.230680006460718e-05
4.3  0.010919968040514042  -9.31123859736696e-05
4.32  0.010908559732883454  -9.39199345993509e-05
4.34  0.010897204559129667  -9.472580228138432e-05
4.36  0.010886042688617087  -9.552647946545618e-05
4.38  0.010875208907473746  -9.631859581571298e-05
4.4  0.010864832199047308  -9.709892433389398e-05
4.42  0.010855035279029285  -9.786438492567328e-05
4.44  0.010845934087478727  -9.861204784718296e-05
4.46  0.010837637242496402  -9.933913741482544e-05
4.48  0.010830245462643665  -0.00010004303627855516
4.5  0.010823850967310318  -0.00010072129051650008
4.5200000000000005  0.010818536866071895  -0.00010137161570840532
4.54  0.010814376549575542  -0.00010199190407523439
4.5600000000000005  0.01081143309569289  -0.00010258023266968106
4.58  0.01080975870544235  -0.00010313487254065074
4.6000000000000005  0.010809394183633818  -0.00010365429872992893
4.62  0.010810368479197537  -0.00010413720087156333
4.64  0.01081269829983271  -0.00010458249417776927
4.66  0.010816387814906151  -0.0001049893305092177
4.68  0.01082142845944897  -0.00010535710924731908
4.7  0.010827798850743916  -0.00010568548764110897
4.72  0.010835464827295388  -0.00010597439031792766
4.74  0.010844379618022943  -0.00010622401761763091
4.76  0.010854484147396551  -0.00010643485242465487
4.78  0.01086570747986709  -0.00010660766517845484
4.8  0.010877967404501792  -0.00010674351671720019
4.82  0.01089117115820728  -0.0001068437586663316
4.84  0.010905216283382532  -0.00010691003105699697
4.86  0.01091999161331566  -0.00010694425693382565
4.88  0.010935378376215275  -0.00010694863369796638
4.9  0.01095125140648014  -0.00010692562100851708
4.92  0.010967480449662427  -0.00010687792510326462
4.94  0.010983931545693913  -0.00010680847944323209
4.96  0.01100046847326987  -0.00010672042167766412
4.98  0.011016954236934894  -0.00010661706699080883
5.0  0.011033252577371675  -0.00010650187796531878
5.0200000000000005  0.011049229484700605  -0.00010637843118199534
5.04  0.011064754694241445  -0.00010625038082740347
5.0600000000000005  0.011079703144181925  -0.000106121419673349
5.08  0.01109395637496838  -0.00010599523782747717
5.1000000000000005  0.011107403850914327  -0.00010587547975858454
5.12  0.011119944185571166  -0.00010576570013951772
5.14  0.011131486253746319  -0.00010566931913183784
5.16  0.011141950174692987  -0.00010558957779089223
5.18  0.011151268152905121  -0.00010552949432684875
5.2  0.011159385165062975  -0.00010549182199349517
5.22  0.01116625948399608  -0.00010547900940160196
5.24  0.01117186303298376  -0.00010549316407002033
5.26  0.011176181566253059  -0.00010553602000921926
5.28  0.011179214674148221  -0.0001056089100990386
5.3  0.011180975614056898  -0.00010571274395238444
5.32  0.011181490970735288  -0.00010584799188416433
5.34  0.011180800152155767  -0.00010601467548403636
5.36  0.011178954729357385  -0.00010621236514591048
5.38  0.011176017630951099  -0.00010644018478617656
5.4  0.011172062204935097  -0.00010669682377111256
5.42  0.01116717116220911  -0.00010698055594333207
5.44  0.011161435417692767  -0.00010728926544380089
5.46  0.011154952846191427  -0.00010762047885852895
5.48  0.011147826971110525  -0.0001079714030781215
5.5  0.011140165604755267  -0.00010833896812575207
5.5200000000000005  0.011132079459376387  -0.0001087198741032465
5.54  0.01112368074815933  -0.00010911064132226866
5.5600000000000005  0.011115081795181517  -0.00010950766264946086
5.58  0.011106393672878844  -0.00010990725707410421
5.6000000000000005  0.011097724884824104  -0.00011030572350645651
5.62  0.011089180110647794  -0.00011069939386404827
5.64  0.011080859028730067  -0.00011108468455002166
5.66  0.011072855230875476  -0.00011145814550262627
5.68  0.011065255241606224  -0.00011181650608487143
5.7  0.011058137652971298  -0.00011215671716793168
5.72  0.011051572383917182  -0.00011247598888787297
5.74  0.011045620071288658  -0.00011277182362816476
5.76  0.011040331597557407  -0.00011304204390373969
5.78  0.01103574775827311  -0.00011328481491482112
5.8  0.011031899070239643  -0.00011349866163932776
5.82  0.011028805719364081  -0.00011368248040287659
5.84  0.011026477645185828  -0.00011383554495240477
5.86  0.011024914757231464  -0.00011395750713849752
5.88  0.011024107276565775  -0.00011404839233774254
5.9  0.01102403619431271  -0.00011410858985357752
5.92  0.011024673837469062  -0.00011413883857490977
5.94  0.011025984531061852  -0.00011414020829061711
5.96  0.011027925344671508  -0.00011411407712296222
5.98  0.011030446910477191  -0.00011406210566295528
6.0  0.011033494299366217  -0.00011398620833096208
6.0200000000000005  0.011037007941221146  -0.00011388852247773597
6.04  0.01104092457524008  -0.00011377137570345189
6.0600000000000005  0.011045178216157412  -0.00011363725178769739
6.08  0.011049701122404748  -0.00011348875569752579
6.1000000000000005  0.011054424752675318  -0.00011332857809279038
6.12  0.011059280697941785  -0.00011315945981007407
6.140000000000001  0.011064201576769588  -0.00011298415677323881
6.16  0.011069121882700143  -0.00011280540579239069
6.18  0.011073978773563425  -0.00011262589166153225
6.2  0.011078712793765395  -0.00011244821596735692
6.22  0.011083268521897416  -0.00011227486795859789
6.24  0.011087595137354394  -0.00011210819780502781
6.26  0.011091646901069872  -0.00011195039253084619
6.28  0.011095383546898631  -0.00011180345484751528
6.3  0.011098770581606805  -0.00011166918508925691
6.32  0.011101779492845031  -0.00011154916636942931
6.34  0.011104387865853054  -0.00011144475307589308
6.36  0.011106579410946622  -0.00011135706271211753
6.38  0.011108343905070832  -0.00011128697111893683
6.4  0.01110967705184309  -0.00011123511098763244
6.42  0.011110580265532091  -0.00011120187359374558
6.44  0.01111106038530791  -0.00011118741359804503
6.46  0.011111129326902027  -0.0001111916567437693
6.48  0.011110803679414909  -0.00011121431024234998
6.5  0.011110104255524906  -0.00011125487559128744
6.5200000000000005  0.011109055603682144  -0.00011131266357345266
6.54  0.011107685491081671  -0.00011138681113446379
6.5600000000000005  0.011106024366264348  -0.00011147629983250513
6.58  0.011104104810103842  -0.00011157997554700716
6.6000000000000005  0.011101960983745692  -0.00011169656912343495
6.62  0.011099628081717303  -0.00011182471761553541
6.640000000000001  0.011097141797974545  -0.0001119629858205328
6.66  0.011094537812119144  -0.00011210988778416112
6.68  0.011091851302378565  -0.00011226390797418616
6.7  0.011089116491222685  -0.00011242352184743717
6.72  0.011086366228724153  -0.00011258721553864047
6.74  0.011083631617962721  -0.00011275350443231915
6.76  0.011080941685911089  -0.00011292095042112984
6.78  0.011078323102387518  -0.00011308817764384919
6.8  0.01107579994880339  -0.00011325388656802473
6.82  0.011073393537555067  -0.00011341686628490842
6.84  0.011071122282120989  -0.00011357600493683197
6.86  0.011069001617111069  -0.00011373029821497429
6.88  0.011067043966778572  -0.00011387885589744448
6.9  0.011065258759844092  -0.00011402090644561588
6.92  0.011063652487832563  -0.00011415579968460923
6.94  0.011062228803631158  -0.00011428300763157025
6.96  0.011060988656464713  -0.00011440212356359365
6.98  0.011059930459152309  -0.0001145128594375522
7.0  0.011059050283181871  -0.00011461504178291674
7.0200000000000005  0.01105834207696625  -0.00011470860622885367
7.04  0.011057797902492419  -0.0001147935908183629
7.0600000000000005  0.011057408185565304  -0.00011487012828988245
7.08  0.0110571619748756  -0.00011493843749581375
7.1000000000000005  0.011057047205249986  -0.00011499881415227793
7.12  0.011057050960627016  -0.0001150516211017574
7.140000000000001  0.011057159732551758  -0.00011509727826322294
7.16  0.01105735967030251  -0.00011513625246248815
7.18  0.011057636819119048  -0.00011516904729922918
7.2  0.011057977343382753  -0.0001151961932125064
7.22  0.01105836773205789  -0.00011521823789188755
7.24  0.011058794984124595  -0.00011523573717295234
7.26  0.011059246772232726  -0.00011524924652146394
7.28  0.011059711583243866  -0.00011525931321531901
7.3  0.011060178834827308  -0.00011526646929609107
7.32  0.011060638967708234  -0.00011527122536545098
7.34  0.011061083513623417  -0.00011527406525964454
7.36  0.011061505139449587  -0.00011527544163589612
7.38  0.011061897668352185  -0.00011527577247260424
7.4  0.011062256079143677  -0.00011527543847965137
7.42  0.011062576485369319  -0.000115274781395458
7.44  0.01106285609587741  -0.00011527410312346805
7.46  0.011063093158880957  -0.00011527366566717605
7.48  0.01106328689164597  -0.00011527369179290697
7.5  0.011063437398123212  -0.00011527436634437867
7.5200000000000005  0.01106354557686967  -0.0001152758381405489
7.54  0.01106361302164547  -0.0001152782223593092
7.5600000000000005  0.011063641917087112  -0.0001152816033139194
7.58  0.011063634931761417  -0.00011528603754618646
7.6000000000000005  0.011063595110831045  -0.00011529155712997405
7.62  0.011063525770431692  -0.00011529817309569799
7.640000000000001  0.011063430395695278  -0.00011530587890309734
7.66  0.01106331254415465  -0.00011531465386014082
7.68  0.011063175756075197  -0.00011532446643519205
7.7  0.011063023473022687  -0.00011533527737571131
7.72  0.011062858965723744  -0.00011534704259072052
7.74  0.011062685272059645  -0.00011535971573974231
7.76  0.011062505145753024  -0.00011537325048308577
7.78  0.011062321016086257  -0.00011538760238347453
7.8  0.011062134958744911  -0.00011540273041725307
7.82  0.011061948677639892  -0.0001154185981004838
7.84  0.011061763497377568  -0.00011543517423021077
7.86  0.011061580365821312  -0.00011545243324105419
7.88  0.01106139986603764  -0.00011547035520667224
7.9  0.011061222236760046  -0.00011548892550227211
7.92  0.011061047400379187  -0.00011550813417237851
7.94  0.011060874997365518  -0.000115527975033352
7.96  0.011060704425965712  -0.00011554844455352467
7.98  0.011060534885955159  -0.00011556954056913637
8.0  0.01106036542522345  -0.00011559126086705881
8.02  0.011060194987953997  -0.00011561360170405429
8.040000000000001  0.011060022463210318  -0.00011563655629257409
8.06  0.011059846732775814  -0.00011566011332163909
8.08  0.011059666717178049  -0.00011568425554617972
8.1  0.011059481418894977  -0.00011570895848940689
8.120000000000001  0.011059289961884057  -0.0001157341893096187
8.14  0.011059091626652489  -0.00011575990584407277
8.16  0.011058885880241648  -0.00011578605589004042
8.18  0.011058672400622053  -0.00011581257670969532
8.2  0.011058451095133544  -0.00011583939481570738
8.22  0.011058222112747726  -0.00011586642600914973
8.24  0.011057985850075353  -0.00011589357570818251
8.26  0.011057742951157534  -0.00011592073954078613
8.28  0.011057494301231756  -0.00011594780420206533
8.3  0.011057241014757782  -0.000115974648568893
8.32  0.011056984418119161  -0.0001160011450338196
8.34  0.01105672602750011  -0.00011602716104585367
8.36  0.011056467522518626  -0.00011605256082653696
8.38  0.011056210716277683  -0.00011607720722234163
8.4  0.011055957522542542  -0.00011610096366299668
8.42  0.011055709920768106  -0.0001161236961806808
8.44  0.01105546991976638  -0.00011614527545285557
8.46  0.01105523952076678  -0.00011616557882946797
8.48  0.011055020680634166  -0.00011618449230503151
8.5  0.011054815275972544  -0.00011620191238388022
8.52  0.011054625068825708  -0.0001162177478240697
8.540000000000001  0.011054451674601852  -0.00011623192120674907
8.56  0.011054296532822111  -0.00011624437030413419
8.58  0.011054160881204117  -0.00011625504922491598
8.6  0.01105404573351109  -0.00011626392931100133
8.620000000000001  0.01105395186152702  -0.0001162709997627694
8.64  0.011053879781422344  -0.00011627626799013812
8.66  0.011053829744682872  -0.00011627975967187576
8.68  0.011053801733681472  -0.00011628151853237202
8.700000000000001  0.011053795461905751  -0.0001162816058251905
8.72  0.01105381037872916  -0.00011628009954603615
8.74  0.011053845678567324  -0.00011627709338404374
8.76  0.011053900314163544  -0.0001162726954241897
8.78  0.011053973013693319  -0.00011626702662730716
8.8  0.011054062301295946  -0.00011626021912228057
8.82  0.011054166520613543  -0.00011625241432495527
8.84  0.011054283860863021  -0.00011624376093022896
8.86  0.011054412384923652  -0.00011623441279849742
8.88  0.011054550058929113  -0.00011622452678916579
8.9  0.011054694782807475  -0.00011621426055955311
8.92  0.011054844421236994  -0.00011620377037780701
8.94  0.011054996834484134  -0.00011619320898460892
8.96  0.011055149908600308  -0.00011618272353299387
8.98  0.011055301584493563  -0.00011617245364178136
9.0  0.011055449885420943  -0.00011616252959720106
9.02  0.011055592942486722  -0.00011615307072421563
9.040000000000001  0.011055729017773462  -0.00011614418395426723
9.06  0.011055856524800423  -0.00011613596260845384
9.08  0.011055974046051104  -0.00011612848541928003
9.1  0.011056080347362055  -0.00011612181579045576
9.120000000000001  0.011056174389044465  -0.00011611600131861908
9.14  0.011056255333658376  -0.00011611107356450964
9.16  0.011056322550419644  -0.00011610704808537797
9.18  0.011056375616279656  -0.0001161039247147903
9.200000000000001  0.0110564143137857  -0.00011610168809048782
9.22  0.011056438625850437  -0.00011610030840212394
9.24  0.01105644872764923  -0.00011609974235895202
9.26  0.0110564449758681  -0.00011609993434384696
9.28  0.0110564278955817  -0.00011610081773827066
9.3  0.011056398165075271  -0.00011610231639597391
9.32  0.011056356598918661  -0.00011610434622444339
9.34  0.011056304129670444  -0.00011610681686536803
9.36  0.011056241788538866  -0.00011610963342689409
9.38  0.011056170685382376  -0.00011611269825144628
9.4  0.01105609198839581  -0.00011611591268070301
9.42  0.011056006903834051  -0.00011611917880049961
9.44  0.011055916656115081  -0.00011612240112096828
9.46  0.011055822468601572  -0.00011612548818602553
9.48  0.01105572554536367  -0.00011612835407404456
9.5  0.011055627054176887  -0.00011613091978283859
9.52  0.011055528110979365  -0.00011613311445753084
9.540000000000001  0.011055429765982755  -0.00011613487647706117
9.56  0.011055332991595928  -0.0001161361543631371
9.58  0.011055238672266567  -0.00011613690751231446
9.6  0.01105514759631986  -0.00011613710674174629
9.620000000000001  0.011055060449840653  -0.00011613673465061159
9.64  0.011054977812588794  -0.00011613578579727931
9.66  0.011054900155910376  -0.00011613426668935587
9.68  0.011054827842587997  -0.00011613219560145422
9.700000000000001  0.011054761128510185  -0.00011612960222308593
9.72  0.011054700166045144  -0.0001161265271508762
9.74  0.01105464500896125  -0.0001161230212370832
9.76  0.011054595618718258  -0.00011611914481519616
9.78  0.01105455187194461  -0.00011611496680361916
9.8  0.011054513568892123  -0.00011611056372709614
9.82  0.011054480442669778  -0.00011610601865045888
9.84  0.011054452169034012  -0.00011610142006486919
9.86  0.011054428376531734  -0.00011609686073190659
9.88  0.011054408656779462  -0.00011609243650600955
9.9  0.011054392574698667  -0.00011608824515909808
9.92  0.011054379678495724  -0.00011608438522182565
9.94  0.011054369509239421  -0.00011608095485500378
9.96  0.011054361609856844  -0.0001160780507761407
9.98  0.011054355533433884  -0.00011607576723780567
10.0  0.011054350850693657  -0.00011607419509864105
10.02  0.011054347156559188  -0.00011607342096500175
10.040000000000001  0.011054344075737944  -0.00011607352643890425
10.06  0.011054341267277739  -0.0001160745874658838
10.08  0.011054338428066093  -0.0001160766737916303
10.1  0.01105433529527987  -0.00011607984853259044
10.120000000000001  0.01105433164779655  -0.00011608416786164138
10.14  0.011054327306610682  -0.0001160896808070725
10.16  0.01105432213431177  -0.00011609642916244158
10.18  0.011054316033694504  -0.00011610444750661148
10.200000000000001  0.011054308945589274  -0.00011611376332746243
10.22  0.011054300846014213  -0.00011612439724188397
10.24  0.011054291742747625  -0.0001161363633030609
10.26  0.011054281671443332  -0.00011614966938812237
10.28  0.011054270691395647  -0.00011616431765560335
10.3  0.011054258881084737  -0.0001161803050636483
10.32  0.011054246333603133  -0.00011619762393223206
10.34  0.011054233152086684  -0.00011621626254286894
10.36  0.011054219445257437  -0.00011623620576317937
10.38  0.011054205323170502  -0.00011625743568402432
10.4  0.011054190893259578  -0.0001162799322549712
10.42  0.01105417625675797  -0.00011630367391690666
10.44  0.011054161505564873  -0.00011632863820702701
10.46  0.011054146719597127  -0.00011635480233884238
10.48  0.01105413196469316  -0.00011638214374117602
10.5  0.011054117291062421  -0.0001164106405553348
10.52  0.011054102732315904  -0.00011644027207472765
10.540000000000001  0.011054088305065437  -0.00011647101912788638
10.56  0.011054074009082385  -0.00011650286440035998
10.58  0.0110540598279807  -0.00011653579268973348
10.6  0.011054045730394308  -0.0001165697910919353
10.620000000000001  0.011054031671596722  -0.00011660484912228146
10.64  0.011054017595504  -0.00011664095876356279
10.66  0.011054003437001185  -0.00011667811445142533
10.68  0.011053989124515004  -0.00011671631299014742
10.700000000000001  0.011053974582772984  -0.00011675555341350596
10.72  0.01105395973565356  -0.00011679583677752558
10.74  0.011053944509071364  -0.00011683716591047758
10.76  0.011053928833807652  -0.00011687954510685138
10.78  0.011053912648224789  -0.00011692297977864639
10.8  0.01105389590079174  -0.00011696747607000481
10.82  0.011053878552360265  -0.00011701304043907913
10.84  0.011053860578145435  -0.00011705967920740048
10.86  0.011053841969354604  -0.00011710739809681981
10.88  0.01105382273444274  -0.00011715620173892807
10.9  0.011053802899959907  -0.00011720609318600732
10.92  0.011053782510980811  -0.00011725707340103032
10.94  0.011053761631115539  -0.00011730914075929936
10.96  0.011053740342111101  -0.00011736229054864908
10.98  0.011053718743058383  -0.00011741651448374208
11.0  0.011053696949240233  -0.00011747180022489396
11.02  0.011053675090655656  -0.00011752813092994076
11.040000000000001  0.011053653310264654  -0.00011758548482470124
11.06  0.011053631762009887  -0.00011764383480389161
11.08  0.011053610608667216  -0.00011770314807628006
11.1  0.011053590019576651  -0.00011776338585049999
11.120000000000001  0.01105357016832232  -0.00011782450306891898
11.14  0.011053551230399233  -0.00011788644821031201
11.16  0.01105353338092243  -0.00011794916314299001
11.18  0.011053516792418786  -0.00011801258306063034
11.200000000000001  0.01105350163273471  -0.00011807663648678184
11.22  0.011053488063083605  -0.00011814124536549609
11.24  0.011053476236247497  -0.00011820632523488876
11.26  0.011053466294959267  -0.00011827178549969272
11.28  0.011053458370443546  -0.00011833752978138146
11.3  0.01105345258114578  -0.00011840345637755933
11.32  0.011053449031618496  -0.00011846945881101566
11.34  0.011053447811579182  -0.00011853542646775365
11.36  0.01105344899512969  -0.00011860124533153148
11.38  0.011053452640123569  -0.00011866679880101965
11.4  0.011053458787689527  -0.00011873196858520023
11.42  0.011053467461899922  -0.00011879663566984343
11.44  0.011053478669593114  -0.00011886068134400821
11.46  0.011053492400343739  -0.00011892398826862872
11.48  0.011053508626577509  -0.00011898644157840537
11.5  0.011053527303848822  -0.00011904792999736997
11.52  0.011053548371267999  -0.0001191083469482421
11.540000000000001  0.011053571752086197  -0.00011916759164150168
11.56  0.011053597354428232  -0.00011922557012153693
11.58  0.011053625072185259  -0.00011928219624845365
11.6  0.011053654786041991  -0.00011933739260109433
11.620000000000001  0.0110536863646493  -0.0001193910912831689
11.64  0.011053719665916287  -0.00011944323461434824
11.66  0.011053754538419903  -0.00011949377569220467
11.68  0.01105379082290724  -0.00011954267881418378
11.700000000000001  0.011053828353880652  -0.00011958991975821715
11.72  0.011053866961238848  -0.00011963548590114006
11.74  0.011053906471959217  -0.00011967937618450263
11.76  0.011053946711795833  -0.00011972160092385949
11.78  0.011053987506974935  -0.00011976218146865801
11.8  0.011054028685857179  -0.00011980114971322966
11.82  0.011054070080554354  -0.0001198385474697652
11.84  0.011054111528470557  -0.00011987442572180103
11.86  0.011054152873758879  -0.00011990884376770095
11.88  0.011054193968659094  -0.00011994186826261321
11.9  0.011054234674714782  -0.0001199735721921243
11.92  0.011054274863846525  -0.00012000403378203012
11.94  0.011054314419267264  -0.00012003333537896355
11.96  0.011054353236242515  -0.0001200615623010301
11.98  0.011054391222667895  -0.00012008880169514318
12.0  0.011054428299480053  -0.00012011514141424198
12.02  0.011054464400880955  -0.00012014066892942333
12.040000000000001  0.011054499474389457  -0.00012016547030080268
12.06  0.011054533480720732  -0.00012018962921737583
12.08  0.011054566393488743  -0.00012021322611891784
12.1  0.011054598198756744  -0.00012023633741155976
12.120000000000001  0.011054628894429472  -0.00012025903479535963
12.14  0.01105465848951443  -0.00012028138469257946
12.16  0.01105468700325499  -0.00012030344780234072
12.18  0.011054714464150102  -0.00012032527876368749
12.200000000000001  0.011054740908893277  -0.0001203469259487328
12.22  0.011054766381219626  -0.00012036843136283254
12.24  0.011054790930708231  -0.00012038983065933129
12.26  0.011054814611539798  -0.00012041115326144608
12.280000000000001  0.011054837481235778  -0.00012043242258102525
12.3  0.011054859599389701  -0.00012045365632732855
12.32  0.011054881026415109  -0.00012047486688743231
12.34  0.011054901822327805  -0.0001204960617822315
12.36  0.011054922045569866  -0.00012051724416305506
12.38  0.011054941751895864  -0.00012053841336481471
12.4  0.01105496099333595  -0.00012055956547128515
12.42  0.011054979817243678  -0.00012058069390542706
12.44  0.011054998265436083  -0.00012060179001899198
12.46  0.011055016373444727  -0.00012062284367219512
12.48  0.011055034169871362  -0.00012064384379367233
12.5  0.011055051675864947  -0.00012066477890954074
12.52  0.011055068904707994  -0.00012068563763522266
12.540000000000001  0.01105508586152856  -0.00012070640912118283
12.56  0.011055102543128848  -0.00012072708344377337
12.58  0.011055118937929797  -0.00012074765194370393
12.6  0.01105513502602107  -0.00012076810749911735
12.620000000000001  0.011055150779324445  -0.00012078844474597988
12.64  0.011055166161852842  -0.0001208086602271527
12.66  0.011055181130056258  -0.0001208287524925448
12.68  0.01105519563325735  -0.00012084872213706613
12.700000000000001  0.0110552096141464  -0.00012086857178619797
12.72  0.011055223009352152  -0.00012088830603404157
12.74  0.011055235750053334  -0.00012090793134249137
12.76  0.011055247762626171  -0.00012092745590341404
12.780000000000001  0.011055258969331683  -0.00012094688947270776
12.8  0.011055269289008594  -0.00012096624318481497
12.82  0.011055278637779019  -0.00012098552935719468
12.84  0.011055286929748848  -0.00012100476128644385
12.86  0.011055294077691815  -0.00012102395305483063
12.88  0.011055299993716235  -0.00012104311933701904
12.9  0.011055304589897622  -0.00012106227523724778
12.92  0.011055307778876625  -0.000121081436136885
12.94  0.011055309474414046  -0.00012110061758247308
12.96  0.011055309591897867  -0.00012111983520577389
12.98  0.011055308048797056  -0.00012113910467348698
13.0  0.011055304765065816  -0.0001211584416900706
13.02  0.011055299663493065  -0.00012117786203575228
13.040000000000001  0.01105529266999123  -0.00012119738164650571
13.06  0.011055283713836425  -0.00012121701674462675
13.08  0.011055272727852974  -0.00012123678400676428
13.1  0.01105525964855106  -0.00012125670076929419
13.120000000000001  0.011055244416215911  -0.000121276785279904
13.14  0.011055226974954915  -0.00012129705697297357
13.16  0.011055207272709006  -0.0001213175367809667
13.18  0.01105518526123502  -0.00012133824746587252
13.200000000000001  0.011055160896051429  -0.00012135921397242276
13.22  0.011055134136379008  -0.00012138046379178013
13.24  0.011055104945054675  -0.00012140202733132498
13.26  0.011055073288444624  -0.00012142393829150347
13.280000000000001  0.011055039136347719  -0.0001214462340254752
13.3  0.011055002461911342  -0.00012146895589962737
13.32  0.011054963241549106  -0.0001214921496211132
13.34  0.011054921454870954  -0.00012151586555251258
13.36  0.01105487708463732  -0.00012154015899427733
13.38  0.011054830116726406  -0.0001215650904255663
13.4  0.011054780540125826  -0.00012159072571398254
13.42  0.011054728346958434  -0.00012161713627155239
13.44  0.011054673532527329  -0.00012164439917199593
13.46  0.011054616095388832  -0.00012167259720824957
13.48  0.011054556037459685  -0.00012170181890218233
13.5  0.011054493364143691  -0.0001217321584522467
13.52  0.011054428084489063  -0.00012176371563042595
13.540000000000001  0.01105436021136443  -0.00012179659561485976
13.56  0.01105428976165804  -0.00012183090876933687
13.58  0.011054216756488731  -0.00012186677036487079
13.6  0.011054141221427593  -0.00012190430023979027
13.620000000000001  0.011054063186732334  -0.00012194362241825735
13.64  0.01105398268757029  -0.00012198486466575008
13.66  0.011053899764246276  -0.00012202815800150168
13.68  0.011053814462413753  -0.0001220736361738734
13.700000000000001  0.011053726833268745  -0.00012212143508188002
13.72  0.011053636933717335  -0.00012217169217972323
13.74  0.011053544826515015  -0.0001222245458470653
13.76  0.01105345058036791  -0.00012228013473112025
13.780000000000001  0.011053354269987346  -0.00012233859708578998
13.8  0.011053255976101725  -0.0001224000700917417
13.82  0.011053155785407392  -0.00012246468918810966
13.84  0.011053053790465686  -0.00012253258740412042
13.86  0.011052950089538837  -0.00012260389471541958
13.88  0.011052844786352831  -0.00012267873742537796
13.9  0.01105273798980163  -0.00012275723758291008
13.92  0.011052629813576069  -0.0001228395124575892
13.94  0.011052520375724295  -0.000122925674066959
13.96  0.011052409798142732  -0.0001230158287861546
13.98  0.011052298205996583  -0.00012311007703436593
14.0  0.011052185727073617  -0.0001232085130689906
14.02  0.01105207249107117  -0.00012331122488297528
14.040000000000001  0.011051958628835123  -0.00012341829423519364
14.06  0.011051844271523368  -0.00012352979681186312
14.08  0.011051729549750032  -0.00012364580254054978
14.1  0.01105161459267165  -0.0001237663760690157
14.120000000000001  0.011051499527059371  -0.00012389157742741453
14.14  0.011051384476360573  -0.000124021462878769
14.16  0.01105126955976506  -0.00012415608598688872
14.18  0.011051154891302553  -0.00012429549891275645
14.200000000000001  0.011051040578995724  -0.00012443975396531434
14.22  0.011050926724105053  -0.00012458890543371988
14.24  0.011050813420496181  -0.00012474301172819835
14.26  0.011050700754207035  -0.000124902137870674
14.280000000000001  0.011050588803253126  -0.00012506635837802068
14.3  0.01105047763778864  -0.00012523576059493032
14.32  0.011050367320728078  -0.0001254104485394074
14.34  0.011050257908998357  -0.0001255905473440842
14.36  0.01105014945562333  -0.00012577620838574342
14.38  0.01105004201295726  -0.00012596761522661233
14.4  0.011049935637441869  -0.0001261649904944137
14.42  0.011049830396446476  -0.0001263686038650262
14.44  0.011049726377932601  -0.00012657878130798182
14.46  0.011049623703938055  -0.00012679591577888065
14.48  0.011049522549244245  -0.00012702047948538134
14.5  0.011049423167033993  -0.00012725303780372274
14.52  0.011049325923842966  -0.00012749426468709876
14.540000000000001  0.011049231346710806  -0.00012774495904058626
14.56  0.011049140185820287  -0.0001280060608044228
14.58  0.01104905349582655  -0.00012827866416000722
14.6  0.011048972737665023  -0.00012856402308124748
14.620000000000001  0.011048899898511018  -0.0001288635408876256
14.64  0.011048837618474942  -0.00012917873020803643
14.66  0.01104878929571983  -0.00012951112288873783
14.68  0.011048759115293422  -0.00012986210242942568
14.700000000000001  0.011048751914329148  -0.00013023262865582183
14.72  0.011048772772401454  -0.00013062283310796396
14.74  0.011048826229536972  -0.0001310314918594479
14.76  0.011048915114417138  -0.00013145542984590512
14.780000000000001  0.01104903910370042  -0.00013188895921067214
14.8  0.011049193260902753  -0.0001323234748457278
14.82  0.011049366834450666  -0.00013274731013348997
14.84  0.011049542524307399  -0.00013314591523743075
14.86  0.011049696347023692  -0.000133502386196396
14.88  0.011049798210135837  -0.00013379834093208738
14.9  0.011049813296492968  -0.00013401508107746454
14.92  0.0110497042524697  -0.00013413489653296224
14.94  0.01104943396118987  -0.00013414230763177516
14.96  0.011048968481484053  -0.00013402504643096326
14.98  0.01104827967677828  -0.00013377465769922535
15.0  0.011047347171714511  -0.00013338670849240514
15.02  0.011046159478340624  -0.0001328606808933996
15.040000000000001  0.011044714324586279  -0.0001321996592072967
15.06  0.011043018335560286  -0.00013140991574517812
15.08  0.011041086257400735  -0.00013050046941631146
15.1  0.011038939899308929  -0.00012948265829534862
15.120000000000001  0.01103660693184597  -0.00012836974172753842
15.14  0.011034119639070226  -0.00012717653220986283
15.16  0.011031513688586115  -0.00012591905055464283
15.18  0.011028826959213565  -0.00012461419673641405
15.200000000000001  0.011026098449803921  -0.00012327943070086176
15.22  0.011023367282452502  -0.00012193246033441446
15.24  0.011020671807066815  -0.0001205909366110647
15.26  0.011018048810415577  -0.00011927215821852343
15.280000000000001  0.011015532830335698  -0.00011799278941741585
15.3  0.01101315557421971  -0.00011676859564170133
15.32  0.011010945439752314  -0.00011561420147868296
15.34  0.011008927134992953  -0.00011454287535639038
15.36  0.011007121394196809  -0.00011356634461611858
15.38  0.011005544785142549  -0.00011269464389448319
15.4  0.011004209603195939  -0.00011193599880143253
15.42  0.011003123846864762  -0.00011129674601104177
15.44  0.011002291269120237  -0.00011078128997140719
15.46  0.01100171149839669  -0.00011039209562226082
15.48  0.011001380222788744  -0.00011012971573617214
15.5  0.011001289430682622  -0.00010999285085244736
15.52  0.01100142770077125  -0.00010997843919137543
15.540000000000001  0.011001780534207244  -0.00011008177348339847
15.56  0.011002330721507539  -0.00011029664127666758
15.58  0.011003058736712278  -0.0001106154850557363
15.6  0.011003943151329434  -0.00011102957831219355
15.620000000000001  0.011004961060641099  -0.00011152921363151994
15.64  0.011006088515107986  -0.0001121038988725207
15.66  0.011007300949842385  -0.00011274255759045443
15.68  0.011008573605461112  -0.00011343372996715494
15.700000000000001  0.01100988193401315  -0.00011416577075059074
15.72  0.011011201984166608  -0.00011492704090664539
15.74  0.011012510760383756  -0.00011570609001365574
15.76  0.011013786551420652  -0.00011649182671670923
15.780000000000001  0.01101500922413588  -0.00011727367493160349
15.8  0.011016160479309048  -0.00011804171384525926
15.82  0.011017224066879463  -0.00011878680014776208
15.84  0.011018185958783774  -0.0001195006713028289
15.860000000000001  0.011019034478301387  -0.00012017602908697414
15.88  0.011019760385585955  -0.00012080660296439407
15.9  0.011020356919761252  -0.00012138719325116456
15.92  0.011020819798685954  -0.00012191369437926695
15.94  0.011021147178112853  -0.00012238309887037624
15.96  0.011021339572607754  -0.00012279348294116395
15.98  0.011021399741097605  -0.00012314397493282548
16.0  0.011021332540435814  -0.00012343470796799202
16.02  0.01102114475073767  -0.00012366675846196503
16.04  0.011020844876592554  -0.00012384207225885562
16.06  0.011020442928486293  -0.00012396338031697788
16.080000000000002  0.011019950188924158  -0.00012403410592082856
16.1  0.011019378967801599  -0.00012405826549318768
16.12  0.011018742351583264  -0.00012404036505091876
16.14  0.011018053950721095  -0.0001239852943261173
16.16  0.011017327649609353  -0.00012389822049455962
16.18  0.011016577363120216  -0.0001237844833277211
16.2  0.011015816803493455  -0.00012364949345104102
16.22  0.011015059261016391  -0.00012349863526763796
16.240000000000002  0.011014317401564873  -0.0001233371759173079
16.26  0.01101360308369936  -0.00012317018152042654
16.28  0.011012927197592861  -0.00012300244174138142
16.3  0.01101229952760203  -0.00012283840353486671
16.32  0.011011728639806751  -0.00012268211469505037
16.34  0.011011221795335849  -0.0001225371776715554
16.36  0.011010784889807428  -0.00012240671387740135
16.38  0.011010422418714933  -0.0001222933385414362
16.4  0.01101013746817275  -0.00012219914597084817
16.42  0.011009931729998746  -0.00012212570491371394
16.44  0.011009805539740307  -0.00012207406355982934
16.46  0.011009757935927348  -0.00012204476355954212
16.48  0.011009786738533197  -0.0001220378623341234
16.5  0.011009888644381752  -0.00012205296282939167
16.52  0.011010059337073191  -0.0001220892497888216
16.54  0.011010293608832513  -0.00012214553153594405
16.56  0.011010585491605608  -0.0001222202862413657
16.580000000000002  0.01101092839470836  -0.00012231171158759484
16.6  0.011011315246323133  -0.0001224177767666107
16.62  0.011011738636212968  -0.00012253627573799897
16.64  0.011012190957113449  -0.0001226648807297732
16.66  0.011012664542415201  -0.00012280119497905576
16.68  0.01101315179792555  -0.00012294280380912865
16.7  0.011013645325709788  -0.00012308732318141378
16.72  0.011014138038229386  -0.00012323244498404335
16.740000000000002  0.011014623261287215  -0.0001233759783736102
16.76  0.011015094824510276  -0.00012351588663875752
16.78  0.011015547138423563  -0.00012365031911547411
16.8  0.01101597525743215  -0.0001237776378395166
16.82  0.011016374928303551  -0.00012389643869119293
16.84  0.011016742624039323  -0.00012400556694498575
16.86  0.011017075563266018  -0.00012410412719958652
16.88  0.011017371715548487  -0.00012419148779685332
16.9  0.01101762979324324  -0.00012426727992554277
16.92  0.011017849230721773  -0.00012433139168795647
16.94  0.011018030151986546  -0.00012438395749090697
16.96  0.011018173327854267  -0.00012442534319687728
16.98  0.011018280123996211  -0.00012445612751535375
17.0  0.011018352441259066  -0.00012447708016657326
17.02  0.011018392649718397  -0.0001244891373936938
17.04  0.01101840351798597  -0.00012449337540223088
17.06  0.01101838813929652  -0.00012449098232523818
17.080000000000002  0.011018349855868699  -0.0001244832293299715
17.1  0.011018292183005676  -0.00012447144142450445
17.12  0.011018218734334588  -0.00012445696855099055
17.14  0.011018133149474241  -0.00012444115749429748
17.16  0.011018039025343231  -0.0001244253250949624
17.18  0.01101793985215894  -0.00012441073320928542
17.2  0.01101783895506838  -0.0001243985658338332
17.22  0.011017739442187487  -0.0001243899087036454
17.240000000000002  0.011017644159668563  -0.00012438573165976226
17.26  0.011017555654259173  -0.0001243868739921246
17.28  0.011017476143663628  -0.0001243940329020357
17.3  0.011017407494832335  -0.00012440775517682644
17.32  0.011017351210176562  -0.00012442843208919488
17.34  0.011017308421552009  -0.00012445629748832353
17.36  0.011017279891699327  -0.0001244914289724458
17.38  0.01101726602273935  -0.00012453375200587014
17.400000000000002  0.01101726687116715  -0.00012458304676728806
17.42  0.01101728216874429  -0.00012463895749909704
17.44  0.011017311348556049  -0.00012470100406480498
17.46  0.011017353575488446  -0.00012476859542758282
17.48  0.01101740778030242  -0.0001248410446988362
17.5  0.011017472696472205  -0.00012491758542950093
17.52  0.011017546898934045  -0.00012499738877435365
17.54  0.01101762884390588  -0.00012507958119583674
17.56  0.011017716908950353  -0.00012516326232926911
17.580000000000002  0.011017809432486429  -0.0001252475226934227
17.6  0.011017904752010614  -0.00012533146091949524
17.62  0.011018001240344195  -0.0001254142001899863
17.64  0.011018097339292033  -0.0001254949036172931
17.66  0.011018191590168987  -0.00012557278832549734
17.68  0.011018282660751144  -0.00012564713802043004
17.7  0.011018369368285017  -0.0001257173138654676
17.72  0.011018450698286622  -0.00012578276354791273
17.740000000000002  0.011018525818947755  -0.0001258430284190501
17.76  0.011018594091076412  -0.00012589774866356612
17.78  0.011018655073560913  -0.00012594666646024852
17.8  0.01101870852446663  -0.0001259896271713631
17.82  0.011018754397925982  -0.00012602657859828506
17.84  0.011018792837077471  -0.00012605756839267174
17.86  0.01101882416335064  -0.00012608273973697623
17.88  0.011018848862492346  -0.0001261023254353847
17.900000000000002  0.011018867567723257  -0.00012611664057453527
17.92  0.011018881040505125  -0.0001261260739479573
17.94  0.011018890149387813  -0.00012613107843613034
17.96  0.011018895847440167  -0.00012613216053916355
17.98  0.01101889914877848  -0.00012612986930272128
18.0  0.011018901104691486  -0.0001261247848292936
18.02  0.011018902779859672  -0.0001261175066143964
18.04  0.011018905229137229  -0.00012610864189816932
18.06  0.01101890947533857  -0.00012609879425004925
18.080000000000002  0.011018916488444754  -0.00012608855256935367
18.1  0.011018927166575706  -0.0001260784806840638
18.12  0.01101894231905005  -0.00012606910769929764
18.14  0.011018962651800229  -0.00012606091924126166
18.16  0.01101898875532838  -0.0001260543497178197
18.18  0.011019021095365036  -0.00012604977568872933
18.2  0.011019060006305939  -0.00012604751043468568
18.22  0.011019105687460697  -0.00012604779976537687
18.240000000000002  0.01101915820207424  -0.00012605081911969216
18.26  0.011019217479042248  -0.00012605667196331332
18.28  0.011019283317179423  -0.00012606538948436308
18.3  0.011019355391853867  -0.00012607693156941945
18.32  0.011019433263767343  -0.00012609118901686905
18.34  0.011019516389624605  -0.00012610798694245498
18.36  0.01101960413439266  -0.00012612708930281072
18.38  0.011019695784864569  -0.0001261482044508725
18.400000000000002  0.011019790564210586  -0.00012617099162930714
18.42  0.011019887647200584  -0.00012619506826267877
18.44  0.011019986175796252  -0.00012622001792844006
18.46  0.011020085274815163  -0.00012624539881330707
18.48  0.011020184067398422  -0.00012627075249814533
18.5  0.011020281690021633  -0.00012629561285289095
18.52  0.011020377306818877  -0.00012631951483276264
18.54  0.011020470123003355  -0.00012634200297853787
18.56  0.011020559397198893  -0.0001263626393947093
18.580000000000002  0.011020644452506993  -0.0001263810110687346
18.6  0.011020724686172252  -0.0001263967363556006
18.62  0.011020799577709987  -0.00012640947055825188
18.64  0.01102086869541127  -0.00012641891053195582
18.66  0.011020931701146137  -0.0001264247983149276
18.68  0.0110209883534328  -0.0001264269238001109
18.7  0.0110210385087692  -0.00012642512651172806
18.72  0.01102108212124317  -0.00012641929654458968
18.740000000000002  0.011021119240489678  -0.000126409374748822
18.76  0.01102115000806747  -0.0001263953522332569
18.78  0.011021174652378563  -0.00012637726926957663
18.8  0.01102119348225798  -0.00012635521364293346
18.82  0.011021206879386078  -0.00012632931852241586
18.84  0.011021215289705948  -0.00012629975989564247
18.86  0.011021219214011307  -0.0001262667536081103
18.88  0.011021219197912147  -0.00012623055205308994
18.900000000000002  0.011021215821361138  -0.00012619144055169397
18.92  0.011021209687946319  -0.0001261497334573112
18.94  0.011021201414143828  -0.00012610577003102711
18.96  0.011021191618717265  -0.00012605991013987198
18.98  0.011021180912452248  -0.00012601252980428145
19.0  0.011021169888382056  -0.00012596401666527268
19.02  0.011021159112679094  -0.0001259147654142729
19.04  0.011021149116328238  -0.0001258651732319885
19.06  0.011021140387725656  -0.00012581563530054783
19.080000000000002  0.011021133366282658  -0.0001257665404341952
19.1  0.01102112843712905  -0.00012571826688280224
19.12  0.011021125926962645  -0.0001256711783502643
19.14  0.011021126101085306  -0.0001256256202869084
19.16  0.011021129161643922  -0.0001255819164742204
19.18  0.011021135247047408  -0.0001255403659623777
19.2  0.011021144432554073  -0.00012550124037425292
19.22  0.011021156731966478  -0.00012546478159951335
19.240000000000002  0.011021172100366822  -0.00012543119991011235
19.26  0.011021190437807683  -0.0001254006724876866
19.28  0.01102121159386047  -0.00012537334238586995
19.3  0.011021235372912094  -0.00012534931791410077
19.32  0.011021261540072338  -0.00012532867244074059
19.34  0.011021289827579817  -0.000125311444594436
19.36  0.011021319941556786  -0.00012529763886167902
19.38  0.011021351568971553  -0.00012528722654492927
19.400000000000002  0.011021384384677209  -0.00012528014706674487
19.42  0.011021418058388579  -0.00012527630959032892
19.44  0.011021452261460556  -0.00012527559492548322
19.46  0.011021486673353745  -0.0001252778577057958
19.48  0.011021520987679615  -0.0001252829287847718
19.5  0.011021554917721195  -0.00012529061782233617
19.52  0.011021588201355157  -0.00012530071603654067
19.54  0.011021620605304618  -0.0001253129990599938
19.56  0.011021651928670176  -0.0001253272298840777
19.580000000000002  0.011021682005706107  -0.0001253431618278734
19.6  0.011021710707819595  -0.00012536054150324516
19.62  0.011021737944776433  -0.0001253791117455283
19.64  0.011021763665132973  -0.00012539861444847326
19.66  0.011021787855904798  -0.0001254187932859691
19.68  0.011021810541506954  -0.0001254393962922053
19.7  0.011021831782012551  -0.00012546017826074209
19.72  0.011021851670778935  -0.00012548090294804237
19.740000000000002  0.011021870331507486  -0.00012550134505707805
19.76  0.011021887914811417  -0.00012552129199118873
19.78  0.011021904594366166  -0.00012554054536465632
19.8  0.0110219205627364  -0.00012555892225967445
19.82  0.011021936026953054  -0.00012557625623889362
19.84  0.011021951203933195  -0.0001255923981051727
19.86  0.011021966315845348  -0.0001256072164132265
19.88  0.011021981585486392  -0.00012562059774845312
19.900000000000002  0.011021997231770948  -0.0001256324467812308
19.92  0.011022013465402927  -0.0001256426861092588
19.94  0.011022030484813466  -0.0001256512559023648
19.96  0.011022048472417521  -0.0001256581133742152
19.98  0.01102206759126118  -0.00012566323209947644
20.0  0.011022087982105428  -0.0001256666011824657
