0  1.0  0.0  0.0  0.0  
0.02  0.998635077739382  0.0005766693572317451  0.000777940828932077  4.0176277265689164e-07  
0.04  0.9939293508618023  0.0027949559290242733  0.003257827229803141  8.023564654305747e-06  
0.06  0.9861115989304089  0.0065711435320388685  0.007263889842954292  4.353077915220962e-05  
0.08  0.9755723672895662  0.011693300574127286  0.012589939065396962  0.00013455874324905877  
0.1  0.9626514833613279  0.017975721986880005  0.019053965126683947  0.0003089953847580328  
0.12  0.9476527120392204  0.02525301769381088  0.026493234312579262  0.000591204086043761  
0.14  0.9308512578175318  0.033377188460261456  0.03476188359921558  0.0009998422032658123  
0.16  0.9124977622470842  0.04221599798082458  0.04372952630207888  0.0015468867642774752  
0.18  0.8928207834916713  0.05165175943163088  0.053280142534311736  0.0022374861938159025  
0.2  0.8720287373587737  0.06158012719780057  0.06331089495260138  0.0030704118954477445  
0.22  0.8503116789093726  0.07190880052965264  0.07373083849209922  0.004038851314360235  
0.24  0.8278430342278672  0.08255618535951804  0.08445958889685527  0.005131351259263293  
0.26  0.804781254904731  0.09345005937278295  0.09542601819149445  0.006332816919404001  
0.28  0.7812714159682516  0.10452628378395144  0.1065669443108827  0.007625500215089544  
0.3  0.7574466628841411  0.11572761273792832  0.11782593601803609  0.008989930548801659  
0.32  0.7334294680192786  0.12700264003737824  0.1291522869004905  0.010405746277181686  
0.34  0.7093326939993744  0.138304904423608  0.1405001323926458  0.01185241017442914  
0.36  0.6852604575947929  0.14959215623216018  0.15182772340429915  0.013309803402649058  
0.38  0.6613088087810706  0.16082576857971037  0.16309685133353416  0.0147587115784819  
0.4  0.6375662449537888  0.17197026859895148  0.17427240950057687  0.016181218423933448  
0.42  0.6141140891776182  0.18299299196831104  0.18532206723164948  0.01756099735131675  
0.44  0.59102675609582  0.1938638461772995  0.1962160363679517  0.018883514193551994  
0.46  0.5683719312309247  0.2045551508102636  0.2069269190535867  0.0201361607450034  
0.48  0.5462106918837645  0.2150415421618657  0.21742961850038522  0.02130832011316509  
0.5  0.5245975963020021  0.22529992276701155  0.22770128878502507  0.022391377742923792  
0.52  0.503580760180655  0.235309434824189  0.23772131380280434  0.023378691863824214  
0.54  0.4832019315289439  0.24505145511006543  0.24747131286951377  0.024265518640485848  
0.56  0.46349657651300485  0.25450960013757873  0.25693514578522997  0.025048915884617  
0.58  0.44449398862801853  0.26366972905220465  0.26609890617777604  0.025727637059474482  
0.6  0.4262174295087588  0.2725199379016703  0.2749509121388598  0.026302005733478986  
0.62  0.40868430349228363  0.2810505416444244  0.28348169039572546  0.026773774928672466  
0.64  0.3919063660143467  0.2892540429882148  0.2916839477892899  0.02714597859845149  
0.66  0.3758899647928489  0.2971250875175281  0.2995525276034801  0.027422779214734603  
0.68  0.3606363120461306  0.3046604045903229  0.3070843501965349  0.02760931394775441  
0.7000000000000001  0.3461417853096285  0.31185873415088095  0.31427833848584813  0.0277115415635925  
0.72  0.33239825360432224  0.3187207398306607  0.3211353295617961  0.027736091577514364  
0.74  0.3193934249330715  0.32524890953683394  0.32765797412571623  0.027690116703048082  
0.76  0.307111210591787  0.3314474452061366  0.3338506255803355  0.027581149678568243  
0.78  0.2955321017489269  0.33732214322074067  0.33971922048862124  0.02741696584321919  
0.8  0.2846335540866153  0.3428802668343437  0.3452711520733441  0.02720545272163217  
0.8200000000000001  0.27439037737560124  0.34813041217698143  0.3505151372391401  0.02695448788947132  
0.84  0.26477512835225636  0.3530823690749759  0.3554610722595057  0.026671829878170156  
0.86  0.2557585023821875  0.3577469764857131  0.36011987681708696  0.026365026359862657  
0.88  0.24730971121559076  0.36213597409197984  0.36450334384061694  0.02604133390441972  
0.9  0.23939684376014592  0.366261854529701  0.36862400030548986  0.025707644151563756  
0.92  0.23198721508923636  0.3701377186724363  0.3724949696750259  0.02537041775725902  
0.9400000000000001  0.22504770140549585  0.37377713461742657  0.3761298341277391  0.02503562844679662  
0.96  0.21854505674679392  0.37719400106422546  0.37954249921650784  0.024708718196213657  
0.98  0.21244620939948217  0.38040241542989767  0.38274706255714946  0.024394563993805667  
1.0  0.20671853703447043  0.38341654711182477  0.3857576873825905  0.024097455888184027  
1.02  0.20133011874847223  0.3862505174356422  0.3885884827027096  0.023821084810835277  
1.04  0.19624996219499474  0.38891828777704807  0.39125339182098745  0.023568538818610076  
1.06  0.1914482052171842  0.3914335563720651  0.39376608980798233  0.02334230719203253  
1.08  0.1868962920753767  0.3938096640122367  0.396139890014451  0.02314429199618516  
1.1  0.18256712450053708  0.3960595088261921  0.39838765972973694  0.02297582656879556  
1.12  0.17843518790376076  0.3981954703408272  0.4005217451311583  0.02283770028785211  
1.1400000000000001  0.174476653210325  0.40022934297545154  0.4025539056276946  0.022730188909691272  
1.16  0.1706694548951545  0.40217227905752545  0.40449525765479094  0.022653089726088465  
1.18  0.16699334599449273  0.40403474137244133  0.40635622790348014  0.022605760760765887  
1.2  0.16342993107110668  0.4058264651801495  0.40814651588645684  0.022587163214493167  
1.22  0.1599626782237907  0.40755642954716464  0.4098750656916037  0.02259590636922772  
1.24  0.156576911358665  0.40923283775035874  0.4115500467177392  0.022630294172298195  
1.26  0.15325978407170537  0.4108631064105919  0.4131788431204166  0.022688372753319953  
1.28  0.15000023662797418  0.4124538629171324  0.41476805160710123  0.022767978190330673  
1.3  0.14678893767202417  0.41401095062507764  0.41632348710950384  0.022866783909635823  
1.32  0.14361821242236647  0.41553944127558934  0.41785019574602816  0.02298234713551855  
1.34  0.14048195899280444  0.4170436541059893  0.4193524744171874  0.023112153808150085  
1.36  0.13737555439598326  0.4185271810967261  0.4208338963659696  0.02325366143242  
1.3800000000000001  0.13429575281018663  0.41999291772185265  0.4222973420615684  0.023404339458170963  
1.4000000000000001  0.13124057708747217  0.4214430986819734  0.42374503495377097  0.023561706700705502  
1.42  0.12820920416288592  0.4228793382040136  0.42517858166942457  0.023723365215585015  
1.44  0.12520184672267182  0.4243026742772999  0.4265990160056654  0.023887030288561335  
1.46  0.1222196327385469  0.4257136160865671  0.4280068460256441  0.024050556356630864  
1.48  0.11926448426509666  0.42711219392244215  0.4294021035852033  0.024211958748327385  
1.5  0.11633899689563326  0.42849801086812345  0.4307843956215075  0.02436943121331644  
1.52  0.11344632118837022  0.4298702955765741  0.4321529565401364  0.024521359297801384  
1.54  0.11059004725423006  0.43122795547502046  0.43350670105642936  0.024666329701104595  
1.56  0.1077740935673135  0.4325696297654836  0.43484427687489463  0.02480313580529974  
1.58  0.10500260093436477  0.4338937416297776  0.4361641166235467  0.02493077961305437  
1.6  0.10227983244102734  0.4351985490923319  0.4374644884974149  0.02504847036177069  
1.62  0.09961008007492009  0.4364821940429448  0.43874354510794006  0.02515562010570447  
1.6400000000000001  0.0969975786079949  0.4377427489723825  0.43999937008265094  0.02525183657524211  
1.6600000000000001  0.09444642720467027  0.4389782610258269  0.4412300220118176  0.02533691363547243  
1.68  0.09196051910817167  0.4401867930315765  0.44243357539352396  0.025410819675617726  
1.7  0.08954347965022298  0.44136646121515594  0.4436081582785776  0.025473684267653767  
1.72  0.08719861272895311  0.4425154693632059  0.44475198636721525  0.025525783434697403  
1.74  0.08492885579530614  0.44363213925607486  0.4458633933716912  0.025567523864441315  
1.76  0.0827367432818825  0.44471493724150074  0.44694085751854973  0.02559942639228997  
1.78  0.08062437831322461  0.4457624968737456  0.44798302411635355  0.025622109065766778  
1.8  0.07859341245339298  0.4467736375934416  0.44898872416462  0.02563627008499292  
1.82  0.07664503317087046  0.44774737947206195  0.4499569890283753  0.02564267089309264  
1.84  0.07477995863221665  0.44868295409080944  0.45088706124892725  0.025642119666563597  
1.86  0.07299843937561572  0.4495798116662167  0.45177840160422755  0.025635455430140064  
1.8800000000000001  0.07130026636390285  0.45043762457382847  0.45263069257119487  0.025623532993783126  
1.9000000000000001  0.06968478487369774  0.4512562874567173  0.453443838377797  0.02560720888115144  
1.92  0.06815091364269757  0.4520359141370248  0.4542179618645722  0.025587328389829425  
1.94  0.06669716866998325  0.4527768315759777  0.4549533984042295  0.025564713894408845  
1.96  0.0653216910417707  0.45347957115065307  0.4556506871559648  0.025540154474762853  
1.98  0.0640222781333262  0.45414485753429445  0.4563105599619399  0.025514396924085695  
2.0  0.06279641753034267  0.4547735954805595  0.45693392821432527  0.02548813816516926  
2.02  0.061641323098327226  0.4553668548214593  0.4575218679553072  0.025462019078734008  
2.04  0.06055397276886027  0.4559258539933218  0.45807560334036024  0.025436619723695753  
2.06  0.05953114745094575  0.45645194240673753  0.45859648877666587  0.025412455907021656  
2.08  0.05856947026916734  0.4569465819778353  0.4590859902929533  0.02538997704067024  
2.1  0.05766544552005788  0.4574113281287185  0.4595456665181567  0.025369565205863465  
2.12  0.05681549691960416  0.4578478105502684  0.45997714948994717  0.025351535334074714  
2.14  0.056016004737210176  0.45825771400571647  0.4603821255194227  0.025336136405114743  
2.16  0.055263341418363324  0.45864275943634664  0.46076231635677467  0.025323553554144725  
2.18  0.05455390532917508  0.45900468561126617  0.46111946089772354  0.02531391097284964  
2.2  0.05388415230021566  0.459345231541399  0.4614552976519068  0.025307275486034522  
2.22  0.053250624696388096  0.4596661198539168  0.4617715481698007  0.025303660683816558  
2.24  0.05264997779038212  0.45996904129754734  0.462069901597481  0.025303031491800493  
2.2600000000000002  0.052079003267803764  0.4602556405218864  0.4623520004995974  0.025305309067220894  
2.2800000000000002  0.05153464974157486  0.46052750324622077  0.46261942806148154  0.025310375916900767  
2.3000000000000003  0.051014040200320875  0.46078614490553016  0.462873696753693  0.025318081141255545  
2.32  0.05051448635786467  0.4610330008344491  0.46311623852017336  0.025328245715239724  
2.34  0.050033499906872246  0.46126941802564414  0.46334839653577586  0.025340667721069115  
2.36  0.049568800711239376  0.46149664847747124  0.46357141856612527  0.025355127450515998  
2.38  0.04911832200633215  0.46171584412562283  0.4637864519433048  0.02537139229967287  
2.4  0.04868021271989834  0.46192805333320436  0.4639945401385284  0.02538922138781509  
2.42  0.04825283707412062  0.46213421889273804  0.4641966208736312  0.025408369844024795  
2.44  0.04783477166673301  0.4623351774728455  0.4643935256817882  0.025428592719179244  
2.46  0.04742480025001859  0.4625316604236838  0.46458598081306063  0.02544964849486042  
2.48  0.0470219064370832  0.4627242958395136  0.46477460937640214  0.025471302173244795  
2.5  0.04662526456873871  0.46291361176469153  0.4649599346073835  0.025493327942485412  
2.52  0.04623422897228961  0.46310004042073716  0.4651423841459621  0.025515511420576856  
2.54  0.04584832184634061  0.46328392332673274  0.4653222952023849  0.02553765148771038  
2.56  0.04546722001509629  0.4634655171815878  0.46549992048315464  0.025559561723332312  
2.58  0.045090740800372994  0.46364500037420797  0.4656754347443532  0.02558107146970607  
2.6  0.04471882725612263  0.4638224799869136  0.4658489418373469  0.025602026548725978  
2.62  0.04435153300242733  0.46399799915894574  0.46602048211261843  0.025622289662498646  
2.64  0.04398900688553208  0.46417154468084665  0.46619004005082293  0.025641740510608996  
2.66  0.043631477677694847  0.4643430546962643  0.4663575519960122  0.025660275658304556  
2.68  0.04327923901576188  0.46451242639485035  0.4665229138733605  0.02567780819026432  
2.7  0.04293263476078378  0.4646795235884412  0.4666859887825164  0.025694267184345365  
2.72  0.042592044942994636  0.4648441840717435  0.46684661436727715  0.025709597038793632  
2.74  0.04225787243750352  0.4650062266790678  0.4670046098727724  0.025723756684923854  
2.7600000000000002  0.04193053049637747  0.46516545795916814  0.46715978281219317  0.025736718715272597  
2.7800000000000002  0.04161043124278496  0.46532167840148253  0.4673119351765494  0.02574846845480277  
2.8000000000000003  0.04129797521274165  0.46547468815837306  0.46746086913245133  0.02575900299993814  
2.82  0.04099354201005104  0.4656242922194172  0.46760639216451333  0.025768330247176546  
2.84  0.04069748212049097  0.465770305005107  0.4677483216304249  0.02577646792978164  
2.86  0.040410109912399766  0.4659125543583998  0.46788648870796606  0.025783442677748326  
2.88  0.04013169783280469  0.46605088492312535  0.4680207417239  0.025789289112915663  
2.9  0.039862471791303096  0.46618516090832357  0.4681509488648971  0.02579404898791553  
2.92  0.03960260770818418  0.46631526824694663  0.4682770002799926  0.02579777037462323  
2.94  0.03935222918889152  0.4664411161659247  0.46839880959268004  0.025800506904989612  
2.96  0.039111406273937534  0.466562638192452  0.46851631484846373  0.025802317064608733  
2.98  0.038880155201902154  0.46667979262818887  0.4686294789305003  0.025803263537111258  
3.0  0.038658439113257434  0.4667925625290486  0.4687382894818242  0.02580341259559528  
3.02  0.03844616961448027  0.4669009552331615  0.4688427583774351  0.025802833535787686  
3.04  0.03824320911528248  0.4670050014835011  0.4689429207934107  0.025801598144543154  
3.06  0.038049373846761374  0.4671047541945675  0.469038833922976  0.02579978019660617  
3.08  0.037864437464833076  0.4672002869143312  0.46913057539132724  0.025797454972305654  
3.1  0.03768813514139724  0.4672916920336091  0.46921824142184876  0.025794698788952033  
3.12  0.03752016804525401  0.4673790787950278  0.46930194480636767  0.02579158853915879  
3.14  0.03736020811573468  0.46746257115291306  0.46938181273117213  0.02578820123004523  
3.16  0.03720790303426608  0.46754230553385207  0.469457984508896  0.02578461351826926  
3.18  0.03706288130251365  0.4676184285454201  0.46953060926397505  0.02578090123700373  
3.2  0.036924757340255146  0.46769109467772496  0.4695998436164503  0.025777138912315988  
3.22  0.03679313652156654  0.4677604640389837  0.4696658494053737  0.025773399267819425  
3.24  0.036667620074145396  0.46782670016258465  0.4697287914891404  0.02576975271797745  
3.2600000000000002  0.03654780977348932  0.4678899679189326  0.46978883565589186  0.025766266851934  
3.2800000000000002  0.03643331237107292  0.4679504315608481  0.4698461466725899  0.0257630059112329  
3.3000000000000003  0.036323743703475256  0.46800825292683107  0.46990088649678546  0.02576003026620119  
3.3200000000000003  0.036218732437493704  0.4680635898217109  0.4699532126704259  0.025757395897041492  
3.34  0.03611792341450907  0.46811659458955884  0.47000327691035665  0.02575515388676854  
3.36  0.03602098056563856  0.46816741288924335  0.4700512239056502  0.025753349933980284  
3.38  0.03592758937740678  0.4682161826785633  0.47009719032739583  0.02575202389408759  
3.4  0.03583745889567246  0.46826303340877456  0.47014130405243315  0.02575120935797852  
3.42  0.035750323263273306  0.46830808542746377  0.4701836835984963  0.02575093327720695  
3.44  0.03566594279419565  0.4683514495841176  0.4702244377646192  0.02575121564466869  
3.46  0.0355841045939358  0.46839322702959885  0.4702636654673903  0.025752069239319858  
3.48  0.03550462274206295  0.4684335091979049  0.4703014557607463  0.025753499442862406  
3.5  0.03542733805874599  0.4684723779561275  0.4703378880245532  0.025755504135434426  
3.52  0.03535211748208603  0.46850990590662384  0.47037303230517336  0.02575807367626072  
3.54  0.03527885308746012  0.4685461568237817  0.4704069497897759  0.025761190973957928  
3.56  0.03520746078375128  0.46858118620663936  0.47043969339493635  0.02576483164973559  
3.58  0.03513787872430251  0.4686150419278964  0.4704713084495512  0.025768964295173825  
3.6  0.035070065472666036  0.46864776495952587  0.4705018334516945  0.025773550824598424  
3.62  0.035003997964750136  0.4686793901552761  0.4705313008793284  0.02577854692033913  
3.64  0.03493966930980342  0.46870994707068303  0.47055973803511697  0.02578390256743438  
3.66  0.034877086472869495  0.4687394608020105  0.470587167906544  0.025789562672622206  
3.68  0.03481626788090154  0.46876795282652517  0.47061361002354113  0.02579546776079543  
3.7  0.03475724099370889  0.46879544182771526  0.47063908129718424  0.0258015547405293  
3.72  0.03470003987934611  0.4688219444906171  0.4706635968245908  0.02580775772886588  
3.74  0.034644702831494  0.4688474762539743  0.47068717064681437  0.025814008924251532  
3.7600000000000002  0.03459127006387028  0.4688720520077264  0.4707098164484006  0.02582023951543537  
3.7800000000000002  0.03453978151380421  0.46889568672620774  0.4707315481891255  0.025826380613270375  
3.8000000000000003  0.0344902747838903  0.4689183960292973  0.4707523806604513  0.025832364191694487  
3.8200000000000003  0.034442783247179545  0.46894019666568704  0.470772329961151  0.025838124023781297  
3.84  0.03439733433773339  0.4689611069143151  0.47079141388846657  0.02584359659860731  
3.86  0.03435394804459005  0.4689811469018429  0.47080965224303223  0.02584872200477894  
3.88  0.03431263562333711  0.46900033883579323  0.47082706704755695  0.025853444766863784  
3.9  0.034273398535586995  0.469018707154549  0.47084368268087995  0.025857714621575722  
3.92  0.0342362276228027  0.46903627859699437  0.4708595259305434  0.025861487221434377  
3.94  0.03420110251714706  0.46905308219577635  0.47087462596831614  0.025864724754704232  
3.96  0.03416799128840823  0.4690691491994975  0.47088901425431645  0.025867396471715334  
3.98  0.034136850322603066  0.4690845129299947  0.4709027243763584  0.025869479109129036  
4.0  0.034107624424631076  0.4690992085818104  0.4709157918318652  0.025870957205342347  
4.0200000000000005  0.03408024713437704  0.4691132729714784  0.47092825376044345  0.025871823301955855  
4.04  0.03405464124296177  0.46912674424480627  0.47094014863545647  0.025872078028069304  
4.0600000000000005  0.03403071949344625  0.4691396615504997  0.4709515159233142  0.025871730066041505  
4.08  0.03400838544822483  0.4691520646886911  0.4709623957191645  0.025870795999263747  
4.1  0.03398753450360885  0.4691639937427839  0.4709728283676467  0.025869300044388623  
4.12  0.0339680550307118  0.46917548870290565  0.47098285407701  0.025867273672298133  
4.14  0.033949829620703975  0.46918658908880156  0.47099251253463664  0.02586475512386633  
4.16  0.033932736411813914  0.4691973335797  0.47100184253139354  0.025861788828247505  
4.18  0.03391665047510377  0.4692077596579499  0.471010881601684  0.02585842473293418  
4.2  0.03390144523602386  0.4692179032727028  0.47101966568532966  0.025854717556217884  
4.22  0.03388699390906381  0.4692277985291038  0.4710282288167103  0.025850725973865875  
4.24  0.03387317092341782  0.4692374774077012  0.4710366028456883  0.02584651175280602  
4.26  0.03385985331847947  0.4692469695179783  0.4710448171940536  0.0258421388453978  
4.28  0.03384692208913137  0.4692563018890435  0.47105289865042704  0.025837672458391008  
4.3  0.03383426346218154  0.46926549879971347  0.4710608712055323  0.02583317811098686  
4.32  0.0338217700868929  0.4692745816493391  0.4710687559291511  0.025828720696481313  
4.34  0.03380934212431832  0.46928356886999034  0.4710765708890364  0.025824363561799422  
4.36  0.033796888222072295  0.4692924758798337  0.4710843311114857  0.02582016761882589  
4.38  0.03378432636320083  0.46930131507679984  0.4710920485824648  0.025816190500811163  
4.4  0.0337715845799257  0.46931009587108236  0.4710997322875959  0.0258124857763002  
4.42  0.03375860152520954  0.4693188247543018  0.47110738828869675  0.025809102231992887  
4.44  0.03374532689728129  0.4693275054028392  0.4711150198341441  0.025806083234744065  
4.46  0.03373172171444327  0.4693361388122675  0.47112262749987227  0.025803466181557055  
4.48  0.033717758439631984  0.4693447234595665  0.47113020935751465  0.025801282044934523  
4.5  0.03370342095628862  0.46935325548947127  0.47113776116595285  0.02579955501937075  
4.5200000000000005  0.033688704399091655  0.46936172892123845  0.4711452765823982  0.025798302273110283  
4.54  0.033673614844982824  0.4693701358718439  0.47115274738902174  0.02579753380759303  
4.5600000000000005  0.03365816887167385  0.4693784667917924  0.4711601637311464  0.02579725242528891  
4.58  0.033642392992410314  0.4693867107095744  0.4711675143631323  0.025797453804916493  
4.6000000000000005  0.03362632297720581  0.4693948554810766  0.47117478689813963  0.025798126681368348  
4.62  0.03361000307200258  0.4694028880403159  0.4711819680582106  0.025799253126067227  
4.64  0.03359348512827342  0.4694107946481102  0.4711890439213057  0.02580080892197108  
4.66  0.03357682765644126  0.4694185611355849  0.471196000162224  0.025802764026040478  
4.68  0.03356009481714646  0.46942617313964663  0.4712028222846483  0.025805083110739074  
4.7  0.03354335536485033  0.46943361632792463  0.4712094958418902  0.025807726175032755  
4.72  0.033526681558507965  0.46944087661099443  0.47121600664422714  0.025810649214426412  
4.74  0.03351014805409421  0.4694479403400078  0.4712223409511122  0.025813804938827588  
4.76  0.03349383079362433  0.46945479448825717  0.4712284856468921  0.025817143526482032  
4.78  0.033477805904968544  0.4694614268155189  0.4712344283989706  0.025820613401870543  
4.8  0.033462148626258265  0.46946782601431153  0.47124015779774664  0.025824162025289723  
4.82  0.03344693226799619  0.46947398183760647  0.4712456634779204  0.025827736681897313  
4.84  0.03343222722515751  0.4694798852077537  0.4712509362210957  0.025831285258229197  
4.86  0.03341810005060473  0.469485528306692  0.4712559680398491  0.02583475699460864  
4.88  0.03340461260006276  0.4694909046477731  0.47126075224369834  0.025838103202476356  
4.9  0.03339182125772121  0.46949600912967415  0.47126528348759816  0.025841277936409654  
4.92  0.0333797762502763  0.4695008380731407  0.4712695578037715  0.02584423861151818  
4.94  0.03336852105589746  0.46950538924138796  0.47127357261783775  0.025846946557932786  
4.96  0.03335809191323112  0.46950966184510157  0.47127732675027095  0.025849367505254045  
4.98  0.033348517434140676  0.4695136565331653  0.47128082040437924  0.02585147199107099  
5.0  0.0333398183224657  0.46951737537016724  0.4712840551419298  0.025853235688951065  
5.0200000000000005  0.033332007199671124  0.4695208218018987  0.4712870338476732  0.025854639652659633  
5.04  0.033325088536879856  0.46952400060999144  0.4712897606839521  0.02585567047473032  
5.0600000000000005  0.03331905869144362  0.4695269178569258  0.4712922410365906  0.025856320358872784  
5.08  0.033313906044939896  0.4695295808224744  0.4712944814531902  0.025856587107054758  
5.1000000000000005  0.03330961123828089  0.46953199793273226  0.4712964895749246  0.025856474023397667  
5.12  0.033306147498512705  0.46953417868274555  0.4712982740628354  0.02585598973825161  
5.14  0.03330348105087661  0.4695361335537338  0.4712998445195601  0.02585514795699511  
5.16  0.03330157160879341  0.46953787392579077  0.47130121140735204  0.025853967139140302  
5.18  0.03330037293366281  0.4695394119868692  0.47130238596313084  0.02585247011428038  
5.2  0.03329983345569945  0.46954076063883177  0.4713033801112431  0.025850683642238317  
5.22  0.03329989694650239  0.46954193340122347  0.4713042063745548  0.025848637925451265  
5.24  0.03330050323365845  0.469542944313368  0.47130487778434904  0.02584636608216825  
5.26  0.033301588947414515  0.469543807835354  0.47130540778949837  0.02584390358943095  
5.28  0.03330308828932592  0.4695445387483981  0.47130581016531226  0.025841287705051216  
5.3  0.0333049338127878  0.46954515205502756  0.47130609892236514  0.02583855687788221  
5.32  0.0333070572054871  0.46954566287951915  0.47130628821565  0.025835750155632976  
5.34  0.033309390064062555  0.46954608636899453  0.47130639225428905  0.025832906599259426  
5.36  0.03331186465162599  0.4695464375955388  0.471306425212085  0.02583006471264727  
5.38  0.03331441462926977  0.4695467314597293  0.4713064011391538  0.025827261895818132  
5.4  0.033316975753257885  0.4695469825959735  0.4713063338749114  0.02582453392932245  
5.42  0.03331948653025328  0.46954720528005894  0.47130623696268686  0.025821914496785326  
5.44  0.03332188882366741  0.46954741333929817  0.47130612356625334  0.02581943475180071  
5.46  0.0333241284050213  0.4695476200657443  0.47130600638862324  0.025817122934519134  
5.48  0.033326155445055856  0.46954783813292045  0.4713058975934702  0.025815004042354085  
5.5  0.033327924940222055  0.4695480795165605  0.47130580872959865  0.02581309955827544  
5.5200000000000005  0.03332939707110938  0.46954835541986595  0.47130575065888825  0.025811427239186207  
5.54  0.03333053749029879  0.4695486762038036  0.4713057334882134  0.025810000965865467  
5.5600000000000005  0.03333131753807942  0.469549051322984  0.47130576650586065  0.025808830654989824  
5.58  0.033331714385391675  0.46954948926769485  0.47130585812298886  0.02580792223276166  
5.6000000000000005  0.03333171110428021  0.46954999751260357  0.471306015820681  0.025807277668747325  
5.62  0.03333129666702296  0.469550582472703  0.47130624610320754  0.025806895067640404  
5.64  0.0333304658759426  0.4695512494669816  0.4713065544580314  0.025806768815840098  
5.66  0.03332921922670853  0.4695520026903457  0.47130694532313516  0.025806889778993834  
5.68  0.0333275627086681  0.46955284519424306  0.47130742206222903  0.025807245545969484  
5.7  0.03332550754642034  0.46955377887631916  0.4713079869482785  0.02580782071415688  
5.72  0.033323069887448376  0.46955480447953324  0.4713086411558643  0.025808597210518733  
5.74  0.033320270441141595  0.46955592160089515  0.47130938476267664  0.025809554642416292  
5.76  0.03331713407499161  0.4695571287100633  0.47131021676049056  0.02581067067198277  
5.78  0.0333136893740928  0.4695584231778183  0.4713111350757827  0.025811921407629543  
5.8  0.03330996817035743  0.4695598013144262  0.4713121366001052  0.02581328180621541  
5.82  0.03330600504803201  0.4695612584177292  0.4713132172302061  0.025814726079445478  
5.84  0.03330183683220324  0.46956278883068936  0.47131437191773573  0.025816228098207186  
5.86  0.033297502066989275  0.4695643860080623  0.4713155947283001  0.025817761788778107  
5.88  0.0332930404900419  0.46956604259163165  0.471316878909467  0.025819301515171898  
5.9  0.03328849250982529  0.46956775049346744  0.4713182169671694  0.02582082244228234  
5.92  0.0332838986919107  0.4695695009864452  0.47131960074991125  0.025822300874972896  
5.94  0.03327929926021268  0.469571284801208  0.47132102153994343  0.02582371456877859  
5.96  0.03327473361872562  0.469573092228654  0.4713224701505221  0.025825043008467705  
5.98  0.03327023989888698  0.4695749132269524  0.4713239370283545  0.0258262676513022  
6.0  0.03326585453722346  0.4695767375319833  0.4713254123601184  0.025827372132467604  
6.0200000000000005  0.03326161188742493  0.4695785547700637  0.4713268861819793  0.02582834243081508  
6.04  0.03325754387044643  0.46958035457170094  0.4713283484908811  0.02582916699374055  
6.0600000000000005  0.03325367966567001  0.46958212668511484  0.4713297893563432  0.025829836820710782  
6.08  0.03325004544555064  0.46958386108824773  0.4713311990314564  0.025830345505617056  
6.1000000000000005  0.03324666415556362  0.4695855480979671  0.4713325680617693  0.025830689238758007  
6.12  0.033243555340640336  0.4695871784751651  0.4713338873907101  0.025830866769851732  
6.140000000000001  0.03324073501867119  0.469588743524562  0.4713351484602874  0.025830879334021246  
6.16  0.033238215601040635  0.4695902351879862  0.4713363433058421  0.025830730543193115  
6.18  0.03323600585958464  0.4695916461300808  0.4713374646436576  0.025830426245797032  
6.2  0.03323411093880243  0.46959296981535803  0.4713385059503714  0.0258299743580334  
6.22  0.03323253241163279  0.4695942005757294  0.4713394615331976  0.025829384670304042  
6.24  0.03323126837662538  0.4695953336676945  0.47134032659009933  0.025828668632648523  
6.26  0.0332303135938986  0.4695963653184535  0.47134109725912526  0.02582783912321697  
6.28  0.033229659656884965  0.4695972927605186  0.4713417706563904  0.02582691020393776  
6.3  0.033229295196520334  0.46959811425430964  0.47134234490213706  0.02582589686756976  
6.32  0.03322920611424734  0.469598829098555  0.47134281913465914  0.025824814780313756  
6.34  0.033229375839969  0.46959943762840706  0.47134319351189824  0.025823680024082887  
6.36  0.033229785610910834  0.4695999412013349  0.4713434692007492  0.025822508842361733  
6.38  0.033230414767231  0.46960034217104374  0.4713436483542876  0.02582131739340312  
6.4  0.033231241060151406  0.46960064384979083  0.4713437340772236  0.02582012151424291  
6.42  0.03323224096837884  0.4696008504596727  0.4713437303801153  0.02581893649871992  
6.44  0.0332333900186267  0.4696009670735313  0.47134364212300633  0.025817776892351745  
6.46  0.0332346631061499  0.469600999546329  0.4713434749492493  0.02581665630653939  
6.48  0.03323603481134409  0.46960095443792027  0.4713432352104659  0.025815587254193695  
6.5  0.03323747970865731  0.4696008389282484  0.4713429298836677  0.02581458100844545  
6.5200000000000005  0.03323897266428924  0.4696006607261395  0.47134256648166617  0.025813647485699417  
6.54  0.03324048911942034  0.4696004279728999  0.4713421529580023  0.025812795153850477  
6.5600000000000005  0.033242005356014445  0.4696001491419663  0.4713416976076612  0.02581203096606293  
6.58  0.03324349874256353  0.46959983293597185  0.47134120896491105  0.025811360320109146  
6.6000000000000005  0.03324494795748941  0.46959948818253305  0.4713406956996033  0.02581078704285267  
6.62  0.03324633318828212  0.4695991237301001  0.47134016651330185  0.025810313399104615  
6.640000000000001  0.033247636304830915  0.4695987483452305  0.4713396300366034  0.025809940123715833  
6.66  0.03324884100578316  0.4695983706125098  0.4713390947289232  0.02580966647547382  
6.68  0.03324993293714689  0.4695979988384503  0.4713385687820382  0.025809490311075357  
6.7  0.033250899782734177  0.4695976409604512  0.47133806002860884  0.025809408177205045  
6.72  0.03325173132640955  0.46959730446198367  0.4713375758567247  0.025809415418566933  
6.74  0.03325241948645899  0.46959699629492957  0.4713371231315633  0.025809506299531944  
6.76  0.03325295832273966  0.4695967228099824  0.4713367081250285  0.025809674136967012  
6.78  0.03325334401758297  0.4695964896958809  0.47133633645414696  0.025809911441732072  
6.8  0.03325357483171619  0.4695963019280579  0.4713360130289009  0.02581021006629638  
6.82  0.03325365103673367  0.46959616372725116  0.4713357420099809  0.025810561355948  
6.84  0.033253574825884424  0.46959607852835294  0.4713355267768366  0.02581095630111166  
6.86  0.033253350205145416  0.4695960489597849  0.4713353699062649  0.025811385688378714  
6.88  0.03325298286671868  0.46959607683338284  0.47133527316157503  0.025811840247982405  
6.9  0.033252480047232386  0.46959616314474706  0.47133523749227774  0.025812310795594984  
6.92  0.033251850373021336  0.46959630808381836  0.4713352630440815  0.025812788366507158  
6.94  0.03325110369493408  0.46959651105533123  0.4713353491788625  0.025813264340457134  
6.96  0.03325025091514689  0.4695967707086414  0.471335494504075  0.0258137305555879  
6.98  0.033249303808464054  0.46959708497636005  0.47133569691107313  0.025814179410257238  
7.0  0.03324827484055197  0.4695974511210344  0.47133595362157954  0.025814603951666827  
7.0200000000000005  0.033247176985497034  0.4695978657891344  0.47133626124151834  0.025814997950532905  
7.04  0.03324602354498241  0.4695983250714039  0.471336615821335  0.02581535596126314  
7.0600000000000005  0.03324482797126612  0.46959882456866836  0.4713370129218204  0.025815673367370274  
7.08  0.033243603696005666  0.4695993594620965  0.47133744768445734  0.025815946412085  
7.1000000000000005  0.033242363966809164  0.46959992458683236  0.4713379149052223  0.025816172214375033  
7.12  0.033241121693224046  0.4696005145080078  0.47133840911077923  0.025816348770784394  
7.140000000000001  0.0332398893036756  0.4696011235980109  0.47133892463599036  0.025816474943724126  
7.16  0.03323867861466869  0.46960174611398814  0.4713394557016748  0.02581655043702161  
7.18  0.03323750071335283  0.4696023762745489  0.47133999649158626  0.02581657575970339  
7.2  0.033236365854333844  0.46960300833465235  0.471340541227569  0.025816552179124277  
7.22  0.033235283371398715  0.46960363665776966  0.4713410842419805  0.025816481664674772  
7.24  0.033234261604597436  0.46960425578442033  0.4713416200464623  0.025816366823386786  
7.26  0.03323330784291479  0.46960486049628647  0.47134214339626035  0.025816210828829855  
7.28  0.0332324282825563  0.46960544587517994  0.47134264934936504  0.025816017344720107  
7.3  0.03323162800066941  0.46960600735621666  0.47134313331980743  0.025815790444695823  
7.32  0.03323091094413748  0.4696065407747121  0.47134359112461843  0.02581553452968968  
7.34  0.03323027993290025  0.46960704240630896  0.4713440190239655  0.025815254244311008  
7.36  0.03322973667710474  0.46960750900005177  0.4713444137541813  0.02581495439358745  
7.38  0.03322928180723331  0.4696079378041753  0.4713447725534392  0.025814639861355588  
7.4  0.03322891491623607  0.4696083265844801  0.4713450931799716  0.025814315531495335  
7.42  0.03322863461258425  0.4696086736353521  0.4713453739228484  0.025813986213102  
7.44  0.033228438583066414  0.4696089777834349  0.4713456136053751  0.02581365657057173  
7.46  0.033228323664084854  0.46960923838421237  0.4713458115813411  0.025813331059455765  
7.48  0.03322828592015157  0.4696094553117723  0.4713459677244102  0.025813013868795833  
7.5  0.03322832072825759  0.4696096289421221  0.4713460824110212  0.025812708870524323  
7.5200000000000005  0.033228422866766506  0.4696097601304916  0.4713461564972494  0.02581241957636463  
7.54  0.03322858660749878  0.46960985018317597  0.4713461912901873  0.02581214910253242  
7.5600000000000005  0.03322880580968484  0.46960990082445636  0.47134618851438076  0.02581190014238558  
7.58  0.033229074014509155  0.46960991415923886  0.4713461502740039  0.02581167494705391  
7.6000000000000005  0.033229384539018005  0.46960989263209263  0.4713460790114082  0.025811475313938997  
7.62  0.033229730568230816  0.4696098389833315  0.4713459774627472  0.0258113025828572  
7.640000000000001  0.033230105244371824  0.4696097562028908  0.4713458486114328  0.02581115763948506  
7.66  0.033230501752230274  0.46960964748268946  0.47134569564007306  0.02581104092567692  
7.68  0.0332309133997518  0.46960951616817675  0.4713455218816647  0.025810952456123335  
7.7  0.03323133369307213  0.4696093657097726  0.47134533077070123  0.02581089184075396  
7.72  0.03323175640531065  0.46960919961485265  0.4713451257949043  0.025810858312226254  
7.74  0.03323217563855902  0.46960902140092853  0.47134491044818794  0.02581085075779051  
7.76  0.03323258587861112  0.4696088345506126  0.4713446881854535  0.025810867754790252  
7.78  0.033232982042101594  0.4696086424688871  0.4713444623797956  0.025810907609043036  
7.8  0.03323335951583146  0.4696084484432256  0.47134423628256517  0.025810968395332957  
7.82  0.03323371418817405  0.46960825560694164  0.4713440129867807  0.025811047999259186  
7.84  0.03323404247255987  0.46960806690616924  0.47134379539418936  0.02581114415969827  
7.86  0.03323434132314322  0.46960788507074924  0.4713435861863289  0.0258112545111751  
7.88  0.03323460824285352  0.4696077125893115  0.4713433877998217  0.025811376625475748  
7.9  0.03323484128411429  0.4696075516886627  0.4713432024060294  0.025811508051875362  
7.92  0.0332350390426017  0.46960740431759024  0.47134303189520343  0.025811646355428958  
7.94  0.033235200644484646  0.4696072721351686  0.47134287786510676  0.025811789152814773  
7.96  0.033235325727646946  0.4696071565034377  0.4713427416141499  0.0258119341453079  
7.98  0.03323541441745052  0.4696070584844625  0.47134262413884215  0.0258120791485176  
8.0  0.03323546729763526  0.46960697884154023  0.4713425261354755  0.025812222118602395  
8.02  0.03323548537699036  0.4696069180444047  0.4713424480057841  0.02581236117474563  
8.040000000000001  0.03323547005244664  0.4696068762781364  0.4713423898663382  0.025812494617759595  
8.06  0.03323542306926098  0.4696068534555236  0.4713423515613759  0.025812620944740117  
8.08  0.033235346478959225  0.4696068492324956  0.4713423326787073  0.025812738859775385  
8.1  0.033235242595702104  0.4696068630263228  0.47134233256835595  0.025812847280771906  
8.120000000000001  0.03323511395172417  0.46960689403612715  0.4713423503635159  0.025812945342521706  
8.14  0.033234963252474645  0.4696069412653978  0.47134238500344583  0.025813032396192846  
8.16  0.03323479333205467  0.46960700354601154  0.47134243525787334  0.02581310800546164  
8.18  0.03323460710951536  0.46960707956340775  0.47134249975248155  0.02581317193956337  
8.2  0.03323440754653734  0.4696071678824739  0.47134257699508497  0.025813224163557382  
8.22  0.03323419760696518  0.4696072669737594  0.4713426654020684  0.02581326482614333  
8.24  0.03323398021862167  0.46960737523961255  0.47134276332473096  0.02581329424537198  
8.26  0.033233758237772755  0.46960749103991045  0.4713428690751244  0.025813312892619473  
8.28  0.033233534416560156  0.46960761271698853  0.4713429809510865  0.025813321375191264  
8.3  0.03323331137365967  0.46960773861950195  0.47134309726012247  0.025813320417929615  
8.32  0.033233091568369705  0.46960786712489283  0.47134321634187165  0.025813310844177775  
8.34  0.033232877278274384  0.46960799666026715  0.471343336588905  0.025813293556464112  
8.36  0.033232670580573366  0.46960812572140276  0.47134345646564846  0.025813269517225047  
8.38  0.033232473337113946  0.46960825288978  0.47134357452525066  0.025813239729884425  
8.4  0.0332322871831119  0.4696083768474414  0.4713436894242646  0.0258132052205707  
8.42  0.033232113519499916  0.46960849638962093  0.4713437999350774  0.025813167020726925  
8.44  0.03323195350879329  0.46960861043507396  0.47134390495598105  0.025813126150833154  
8.46  0.033231808074328496  0.4696087180340681  0.4713440035189242  0.025813083605433093  
8.48  0.033231677902686024  0.4696088183740541  0.4713440947949134  0.02581304033961628  
8.5  0.033231563449085316  0.4696089107830938  0.4713441780971388  0.025812997257074057  
8.52  0.033231464945502935  0.46960899473106954  0.4713442528819294  0.02581295519981687  
8.540000000000001  0.03323138241125064  0.4696090698288274  0.47134431874759986  0.02581291493959263  
8.56  0.03323131566572746  0.46960913582536506  0.4713443754313653  0.025812877171036752  
8.58  0.03323126434304847  0.46960919260320466  0.47134442280447464  0.02581284250652853  
8.6  0.03323122790824568  0.46960924017215655  0.4713444608657118  0.025812811472712416  
8.620000000000001  0.033231205674730424  0.4696092786616328  0.4713444897335089  0.025812784508626792  
8.64  0.03323119682271077  0.4696093083117015  0.4713445096368037  0.02581276196533529  
8.66  0.03323120041825837  0.46960932946313405  0.47134452090491635  0.025812744106960897  
8.68  0.033231215432732795  0.46960934254660053  0.47134452395661447  0.025812731112990442  
8.700000000000001  0.033231240762279464  0.46960934807124294  0.4713445192885893  0.025812723081717046  
8.72  0.033231275247133325  0.4696093466128473  0.471344507463559  0.02581272003466591  
8.74  0.033231317690481786  0.46960933880179573  0.471344489098174  0.02581272192185518  
8.76  0.03323136687665721  0.46960932531100674  0.4713444648509672  0.02581272862773249  
8.78  0.03323142158845201  0.4696093068440267  0.47134443541047  0.02581273997763159  
8.8  0.03323148062337729  0.46960928412346664  0.47134440148369877  0.025812755744601526  
8.82  0.03323154280870372  0.4696092578798991  0.4713443637851556  0.025812775656453967  
8.84  0.03323160701515754  0.46960922884140593  0.47134432302646395  0.025812799402896807  
8.86  0.03323167216916356  0.4696091977238269  0.47134427990677347  0.025812826642626702  
8.88  0.03323173726355628  0.46960916522187485  0.4713442351040093  0.025812857010259937  
8.9  0.033231801366706434  0.46960913200114723  0.47134418926706123  0.025812890123003033  
8.92  0.033231863630033075  0.46960909869112066  0.4713441430089506  0.025812925586973852  
8.94  0.03323192329389604  0.4696090658791678  0.47134409690103046  0.02581296300309806  
8.96  0.03323197969188639  0.46960903410561544  0.47134405146824043  0.025813001972521888  
8.98  0.03323203225355115  0.469609003859832  0.47134400718537695  0.02581304210149982  
9.0  0.03323208050561401  0.4696089755773746  0.47134396447441906  0.02581308300572356  
9.02  0.03323212407176165  0.46960894963812927  0.4713439237028515  0.025813124314079863  
9.040000000000001  0.033232162671089034  0.4696089263654019  0.4713438851829246  0.02581316567183073  
9.06  0.03323219611530623  0.46960890602594973  0.47134384917182837  0.025813206743231412  
9.08  0.033232224304819036  0.4696088888308324  0.47134381587268553  0.025813247213593182  
9.1  0.03323224722381033  0.4696088749370444  0.4713437854362946  0.025813286790835752  
9.120000000000001  0.03323226493444722  0.469608864449822  0.4713437579635417  0.02581332520655242  
9.14  0.033232277570351236  0.46960885742557157  0.4713437335083933  0.025813362216634623  
9.16  0.03323228532946784  0.4696088538752794  0.47134371208137105  0.025813397601508508  
9.18  0.03323228846647019  0.46960885376835915  0.47134369365342027  0.025813431166023228  
9.200000000000001  0.033232287284834704  0.4696088570368082  0.471343678160077  0.025813462739052825  
9.22  0.033232282128718905  0.46960886357959974  0.47134366550584444  0.02581349217285678  
9.24  0.03323227337476919  0.4696088732672036  0.4713436555686828  0.025813519342253666  
9.26  0.03323226142398063  0.4696088859461753  0.4713436482045369  0.025813544143654336  
9.28  0.033232246693718416  0.46960890144370476  0.4713436432518195  0.02581356649400394  
9.3  0.033232229610009295  0.46960891957207845  0.4713436405357742  0.025813586329665465  
9.32  0.03323221060019522  0.46960894013296955  0.47134363987267297  0.02581360360529238  
9.34  0.03323219008603382  0.46960896292149973  0.47134364107375387  0.025813618292710342  
9.36  0.03323216847731895  0.46960898773003695  0.471343643948899  0.025813630379841346  
9.38  0.03323214616608221  0.46960901435165836  0.4713436483099666  0.02581363986968192  
9.4  0.033232123521427286  0.4696090425832891  0.47134365397379374  0.025813646779357546  
9.42  0.03323210088503363  0.4696090722284434  0.47134366076479883  0.025813651139248935  
9.44  0.03323207856735746  0.4696091030995925  0.47134366851721277  0.025813652992204898  
9.46  0.03323205684454487  0.4696091350201295  0.4713436770769142  0.02581365239282849  
9.48  0.033232035956062674  0.46960916782594236  0.4713436863028706  0.025813649406833696  
9.5  0.033232016103040225  0.469609201366592  0.47134369606818566  0.025813644110462632  
9.52  0.033231997447308544  0.4696092355061184  0.47134370626080646  0.025813636589941538  
9.540000000000001  0.03323198011111092  0.46960927012350073  0.47134371678386733  0.025813626940970908  
9.56  0.033231964177453215  0.4696093051127797  0.4713437275557187  0.0258136152682196  
9.58  0.033231949691054884  0.4696093403828751  0.47134373850966377  0.025813601684810977  
9.6  0.03323193665985297  0.4696093758571467  0.47134374959344644  0.025813586311780486  
9.620000000000001  0.03323192505700993  0.4696094114727107  0.4713437607684988  0.025813569277488478  
9.64  0.03323191482336973  0.4696094471795589  0.4713437720090319  0.025813550716967514  
9.66  0.03323190587029874  0.46960948293952226  0.4713437833009443  0.02581353077119612  
9.68  0.03323189808285677  0.4696095187251082  0.4713437946406376  0.025813509586286056  
9.700000000000001  0.033231891323229186  0.46960955451823855  0.47134380603373643  0.02581348731256965  
9.72  0.03323188543436125  0.469609590308954  0.47134381749378534  0.025813464103592955  
9.74  0.033231880243727335  0.4696096260940728  0.4713438290409102  0.025813440115006202  
9.76  0.03323187556717743  0.46960966187586506  0.4713438407004982  0.025813415503357025  
9.78  0.03323187121279713  0.46960969766076965  0.4713438525019205  0.025813390424798643  
9.8  0.03323186698472554  0.4696097334581746  0.47134386447732773  0.025813365033716385  
9.82  0.033231862686877035  0.46960976927923337  0.4713438766604977  0.025813339481294925  
9.84  0.03323185812651545  0.46960980513583545  0.4713438890858076  0.025813313914038287  
9.86  0.0332318531176369  0.4696098410396463  0.47134390178730284  0.025813288472270855  
9.88  0.0332318474841165  0.4696098770012743  0.4713439147978711  0.02581326328863499  
9.9  0.03323184106258651  0.4696099130295662  0.4713439281485553  0.025813238486617936  
9.92  0.033231833705012204  0.469609949131025  0.471343941867984  0.025813214179128168  
9.94  0.03323182528094137  0.46960998530934367  0.4713439559819139  0.02581319046715658  
9.96  0.033231815679407105  0.46961002156509474  0.4713439705128919  0.025813167438539123  
9.98  0.03323180481046885  0.46961005789549654  0.4713439854800385  0.025813145166859695  
10.0  0.03323179260638351  0.46961009429430606  0.4713440008989171  0.02581312371050526  
10.02  0.033231779022403825  0.4696101307518202  0.47134401678151255  0.02581310311190953  
10.040000000000001  0.03323176403720362  0.46961016725495985  0.4713440331362711  0.02581308339699572  
10.06  0.03323174765293767  0.4696102037874153  0.4713440499682237  0.025813064574839  
10.08  0.03323172989494842  0.4696102403298771  0.4713440672791614  0.025813046637566405  
10.1  0.03323171081113431  0.4696102768603039  0.47134408506785347  0.025813029560497646  
10.120000000000001  0.033231690470998575  0.469610313354239  0.47134410333029225  0.025813013302536287  
10.14  0.033231668964403646  0.4696103497851369  0.47134412205997533  0.025812997806813672  
10.16  0.03323164640005635  0.46961038612472167  0.47134414124815927  0.025812983001577375  
10.18  0.03323162290375355  0.46961042234333744  0.471344160884162  0.025812968801322153  
10.200000000000001  0.0332315986164191  0.46961045841027954  0.4713441809555998  0.02581295510814455  
10.22  0.0332315736919655  0.4696104942941352  0.4713442014486513  0.0258129418133104  
10.24  0.033231548295015775  0.46961052996308383  0.47134422234826867  0.025812928799010797  
10.26  0.03323152259851813  0.4696105653851715  0.4713442436383722  0.025812915940280345  
10.28  0.03323149678129177  0.4696106005285431  0.4713442653020088  0.025812903107053097  
10.3  0.033231471025537945  0.46961063536165976  0.47134428732148065  0.025812890166323123  
10.32  0.03323144551434966  0.4696106698534619  0.4713443096784307  0.025812876984375  
10.34  0.033231420429257856  0.46961070397348575  0.4713443323539027  0.02581286342905469  
10.36  0.03323139594784031  0.4696107376919712  0.4713443553283779  0.025812849372034322  
10.38  0.03323137224143047  0.4696107709799166  0.4713443785817701  0.02581283469104683  
10.4  0.033231349472949284  0.46961080380909564  0.47134440209340617  0.025812819272045564  
10.42  0.03323132779488967  0.4696108361520674  0.47134442584199676  0.02581280301125215  
10.44  0.03323130734747453  0.4696108679821586  0.4713444498055831  0.025812785817066735  
10.46  0.033231288257010216  0.4696108992734248  0.4713444739614916  0.025812767611799674  
10.48  0.033231270634451845  0.4696109300006053  0.47134449828627634  0.025812748333203305  
10.5  0.03323125457419579  0.4696109601390724  0.4713445227556816  0.025812727935771163  
10.52  0.03323124015310914  0.46961098966479026  0.471344547344614  0.025812706391785473  
10.540000000000001  0.033231227429804035  0.4696110185542578  0.4713445720271224  0.02581268369209657  
10.56  0.03323121644416064  0.4696110467844934  0.47134459677642193  0.02581265984661527  
10.58  0.03323120721710067  0.4696110743330143  0.471344621564929  0.025812634884512974  
10.6  0.03323119975060744  0.4696111011778396  0.4713446463643397  0.02581260885412697  
10.620000000000001  0.033231194027987465  0.4696111272975238  0.47134467114571704  0.025812581822565954  
10.64  0.03323119001436752  0.46961115267119535  0.4713446958796458  0.025812553875026956  
10.66  0.0332311876574111  0.4696111772786455  0.471344720536391  0.0258125251138286  
10.68  0.03323118688824484  0.46961120110041654  0.47134474508611124  0.02581249565718331  
10.700000000000001  0.03323118762257618  0.4696112241179331  0.4713447694990933  0.02581246563771972  
10.72  0.03323118976198603  0.46961124631363904  0.4713447937460112  0.025812435200786972  
10.74  0.03323119319537457  0.4696112676711572  0.4713448177982068  0.025812404502559075  
10.76  0.03323119780054036  0.46961128817546743  0.47134484162800266  0.025812373707979418  
10.78  0.03323120344587015  0.46961130781308996  0.4713448652090153  0.025812342988571175  
10.8  0.03323120999211496  0.4696113265722671  0.4713448885164722  0.025812312520155724  
10.82  0.03323121729423087  0.4696113444431522  0.47134491152753455  0.025812282480507768  
10.84  0.0332312252032582  0.4696113614179766  0.47134493422160306  0.02581225304699282  
10.86  0.03323123356821761  0.469611377491209  0.4713449565806135  0.025812224394222122  
10.88  0.03323124223799815  0.46961139265969576  0.4713449785893089  0.025812196691758577  
10.9  0.03323125106321545  0.46961140692276127  0.4713450002354612  0.025812170101918847  
10.92  0.033231259898019894  0.4696114202822762  0.4713450215100808  0.02581214477770252  
10.94  0.03323126860182886  0.4696114327426928  0.4713450424075578  0.025812120860876014  
10.96  0.033231277040973214  0.469611444311029  0.4713450629257607  0.025812098480250324  
10.98  0.033231285090230794  0.46961145499679857  0.4713450830660712  0.025812077750172285  
11.0  0.03323129263423709  0.46961146481190147  0.47134510283335684  0.02581205876925347  
11.02  0.03323129956875758  0.4696114737704485  0.47134512223589453  0.02581204161935852  
11.040000000000001  0.03323130580180759  0.46961148188854707  0.47134514128520405  0.025812026364855484  
11.06  0.03323131125461098  0.4696114891840309  0.4713451599958291  0.025812013052150133  
11.08  0.033231315862388006  0.46961149567614624  0.4713451783850494  0.025812001709497392  
11.1  0.033231319574965536  0.4696115013852013  0.4713451964725431  0.025811992347090494  
11.120000000000001  0.033231322357204024  0.4696115063321781  0.47134521427996817  0.025811984957422276  
11.14  0.03323132418923967  0.46961151053833305  0.47134523183052324  0.025811979515902462  
11.16  0.033231325066537816  0.469611514024766  0.4713452491484416  0.02581197598171647  
11.18  0.033231324999759955  0.46961151681201596  0.47134526625847567  0.02581197429890486  
11.200000000000001  0.033231324014446256  0.46961151891964054  0.47134528318533897  0.025811974397638042  
11.22  0.03323132215051732  0.4696115203658463  0.4713452999531619  0.025811976195655444  
11.24  0.0332313194616015  0.4696115211671145  0.47134531658491313  0.02581197959984562  
11.26  0.03323131601419789  0.4696115213379204  0.471345333101881  0.025811984507929837  
11.28  0.03323131188668227  0.46961152089046854  0.4713453495231533  0.0258119908102208  
11.3  0.03323130716817084  0.4696115198345188  0.4713453658651273  0.02581199839142227  
11.32  0.03323130195725451  0.46961151817725505  0.4713453821410929  0.02581200713243675  
11.34  0.03323129636062162  0.46961151592325556  0.47134539836086875  0.025812016912158862  
11.36  0.033231290491584936  0.4696115130745257  0.4713454145304809  0.025812027609214645  
11.38  0.033231284468533386  0.4696115096306037  0.47134543065194706  0.025812039103630342  
11.4  0.033231278413330186  0.46961150558874887  0.47134544672312  0.025812051278402734  
11.42  0.03323127244967586  0.46961150094419596  0.4713454627376172  0.025812064020951507  
11.44  0.03323126670146136  0.4696114956904751  0.47134547868483245  0.02581207722443852  
11.46  0.03323126129113116  0.4696114898197809  0.4713454945500279  0.025812090788935226  
11.48  0.03323125633808069  0.4696114833233935  0.47134551031450855  0.02581210462243155  
11.5  0.03323125195710793  0.4696114761921567  0.4713455259558718  0.02581211864167495  
11.52  0.03323124825693871  0.4696114684169363  0.47134554144832386  0.02581213277283774  
11.540000000000001  0.03323124533884898  0.4696114599891489  0.47134555676306916  0.025812146952004934  
11.56  0.033231243295397006  0.4696114509012689  0.4713455718687469  0.02581216112549308  
11.58  0.03323124220928383  0.469611441147331  0.47134558673191856  0.025812175249988942  
11.6  0.0332312421523558  0.4696114307234248  0.47134560131760017  0.025812189292527953  
11.620000000000001  0.033231243184759396  0.46961141962817443  0.4713456155898186  0.025812203230308056  
11.64  0.033231245354258046  0.46961140786317646  0.47134562951218356  0.02581221705035421  
11.66  0.033231248695716024  0.4696113954333917  0.47134564304848325  0.02581223074904513  
11.68  0.03323125323075608  0.46961138234751715  0.47134565616326685  0.0258122443315115  
11.700000000000001  0.03323125896758848  0.46961136861829  0.47134566882243356  0.02581225781092039  
11.72  0.03323126590101339  0.4696113542627283  0.47134568099377566  0.025812271207660213  
11.74  0.033231274012591606  0.46961133930233967  0.4713456926475262  0.025812284548445648  
11.76  0.03323128327097646  0.46961132376323755  0.4713457037568515  0.025812297865354314  
11.78  0.033231293632402154  0.4696113076762276  0.4713457142983045  0.025812311194809607  
11.8  0.033231305041315794  0.4696112910768073  0.47134572425223514  0.025812324576534318  
11.82  0.03323131743114224  0.46961127400512437  0.4713457336031395  0.025812338052483702  
11.84  0.033231330725169456  0.46961125650585545  0.4713457423399488  0.02581235166577899  
11.86  0.033231344837538625  0.46961123862805093  0.47134575045626154  0.025812365459652292  
11.88  0.03323135967432398  0.46961122042492  0.47134575795050404  0.025812379476425912  
11.9  0.03323137513468693  0.46961120195354994  0.4713457648260224  0.025812393756528575  
11.92  0.03323139111208683  0.46961118327460644  0.47134577109110704  0.02581240833757357  
11.94  0.03323140749553073  0.4696111644519697  0.47134577675895073  0.02581242325350336  
11.96  0.03323142417084772  0.4696111455523659  0.47134578184753634  0.02581243853381025  
11.98  0.033231441021967525  0.469611126644937  0.47134578637946295  0.02581245420284976  
12.0  0.033231457932190095  0.46961110780081994  0.4713457903817057  0.025812470279244708  
12.02  0.03323147478542768  0.46961108909267296  0.47134579388531944  0.025812486775394314  
12.040000000000001  0.033231491467407094  0.4696110705942244  0.47134579692508305  0.025812503697086465  
12.06  0.03323150786681588  0.46961105237979667  0.4713457995391129  0.02581252104322052  
12.08  0.03323152387638233  0.46961103452384234  0.47134580176841784  0.0258125388056356  
12.1  0.0332315393938751  0.4696110171004661  0.47134580365641904  0.02581255696905424  
12.120000000000001  0.03323155432301458  0.46961100018298285  0.4713458052484524  0.02581257551112795  
12.14  0.033231568574286476  0.46961098384347577  0.4713458065912414  0.025812594402584665  
12.16  0.03323158206565072  0.4696109681523784  0.4713458077323507  0.02581261360748144  
12.18  0.033231594723140426  0.4696109531780842  0.4713458087196449  0.02581263308354199  
12.200000000000001  0.03323160648134757  0.4696109389865799  0.47134580960074546  0.02581265278258219  
12.22  0.033231617283792696  0.4696109256411117  0.4713458104224863  0.025812672651010365  
12.24  0.033231627083177215  0.4696109132018994  0.47134581123038555  0.025812692630396594  
12.26  0.033231635841521945  0.46961090172585945  0.4713458120681571  0.025812712658094938  
12.280000000000001  0.033231643530190515  0.4696108912663943  0.47134581297723094  0.025812732667915693  
12.3  0.03323165012980478  0.4696108818732116  0.47134581399630743  0.025812752590831215  
12.32  0.03323165563005481  0.4696108735921743  0.4713458151609706  0.02581277235570302  
12.34  0.033231660029411525  0.4696108664652181  0.47134581650331886  0.025812791890026606  
12.36  0.03323166333474747  0.46961086053028533  0.4713458180516687  0.025812811120674774  
12.38  0.03323166556087451  0.46961085582129997  0.47134581983028745  0.025812829974631052  
12.4  0.033231666730009095  0.4696108523682133  0.471345821859196  0.025812848379707192  
12.42  0.03323166687117158  0.4696108501970464  0.4713458241540173  0.02581286626522579  
12.44  0.03323166601953044  0.4696108493300019  0.4713458267258924  0.02581288356267298  
12.46  0.03323166421570472  0.4696108497855916  0.47134582958143745  0.025812900206293152  
12.48  0.033231661505031526  0.4696108515787982  0.47134583272276775  0.025812916133639313  
12.5  0.03323165793680997  0.46961085472127617  0.4713458361475726  0.02581293128605871  
12.52  0.03323165356353464  0.4696108592215669  0.4713458398492406  0.025812945609112802  
12.540000000000001  0.033231648440125036  0.46961086508534816  0.4713458438170434  0.02581295905292812  
12.56  0.03323164262316404  0.46961087231568194  0.4713458480363493  0.025812971572473985  
12.58  0.033231636170154205  0.46961088091330744  0.4713458524888991  0.025812983127766784  
12.6  0.03323162913879909  0.4696108908769147  0.4713458571530934  0.02581299368399527  
12.620000000000001  0.03323162158632043  0.46961090220345486  0.47134586200433914  0.025813003211575015  
12.64  0.03323161356881745  0.46961091488842865  0.47134586701539954  0.02581301168612762  
12.66  0.03323160514067476  0.46961092892619666  0.4713458721567843  0.02581301908838905  
12.68  0.03323159635402674  0.4696109443102811  0.47134587739714356  0.025813025404050546  
12.700000000000001  0.033231587258280786  0.4696109610336387  0.4713458827036725  0.025813030623537344  
12.72  0.03323157789970536  0.4696109790889672  0.47134588804252736  0.025813034741730186  
12.74  0.03323156832108515  0.46961099846894494  0.4713458933792238  0.025813037757634855  
12.76  0.033231558561447286  0.4696110191665098  0.47134589867903576  0.025813039674007582  
12.780000000000001  0.03323154865585739  0.46961104117508257  0.471345903907387  0.0258130404969413  
12.8  0.033231538635287314  0.46961106448877143  0.4713459090302049  0.025813040235423974  
12.82  0.03323152852655539  0.4696110891025676  0.4713459140142632  0.025813038900872012  
12.84  0.033231518352333705  0.46961111501250086  0.47134591882748905  0.025813036506651347  
12.86  0.033231508131225974  0.4696111422157813  0.4713459234392428  0.025813033067590422  
12.88  0.03323149787790887  0.469611170710902  0.4713459278205524  0.02581302859949485  
12.9  0.03323148760333337  0.46961120049771765  0.4713459319443043  0.025813023118670196  
12.92  0.03323147731498553  0.46961123157749657  0.4713459357853984  0.025813016641461784  
12.94  0.03323146701719849  0.46961126395293556  0.47134593932086816  0.025813009183815454  
12.96  0.03323145671151125  0.4696112976281515  0.4713459425299192  0.025813000760870997  
12.98  0.03323144639707048  0.46961133260864335  0.4713459453939538  0.025812991386584976  
13.0  0.03323143607106657  0.4696113689012243  0.471345947896531  0.025812981073399622  
13.02  0.033231425729200674  0.4696114065139286  0.4713459500232838  0.025812969831950902  
13.040000000000001  0.033231415366174376  0.4696114454558992  0.4713459517617832  0.025812957670830108  
13.06  0.033231404976196324  0.46961148573724826  0.4713459531013657  0.025812944596390126  
13.08  0.03323139455349996  0.4696115273688844  0.471345954032906  0.025812930612610318  
13.1  0.03323138409286532  0.4696115703623584  0.4713459545485613  0.02581291572101432  
13.120000000000001  0.033231373590138086  0.4696116147296586  0.47134595464146417  0.025812899920640384  
13.14  0.03323136304274126  0.46961166048301056  0.4713459543053964  0.025812883208067964  
13.16  0.03323135245017115  0.4696117076346627  0.4713459535344018  0.02581286557750041  
13.18  0.03323134181447533  0.46961175619668477  0.4713459523224256  0.025812847020892805  
13.200000000000001  0.03323133114070273  0.4696118061807349  0.47134595066286433  0.02581282752813556  
13.22  0.03323132043732492  0.4696118575978664  0.47134594854815337  0.02581280708728016  
13.24  0.033231309716619896  0.46961191045830086  0.47134594596930274  0.0258127856848094  
13.26  0.033231298995017464  0.46961196477125744  0.4713459429154544  0.02581276330594248  
13.280000000000001  0.03323128829339845  0.46961202054475965  0.4713459393734079  0.02581273993497859  
13.3  0.03323127763734654  0.46961207778547676  0.4713459353271657  0.02581271555566281  
13.32  0.03323126705734887  0.4696121364985887  0.47134593075746944  0.025812690151579724  
13.34  0.03323125658893983  0.46961219668768156  0.47134592564136607  0.025812663706562166  
13.36  0.03323124627279008  0.4696122583546676  0.4713459199517677  0.02581263620511267  
13.38  0.033231236154733466  0.46961232149974974  0.47134591365704254  0.025812607632830012  
13.4  0.0332312262857339  0.4696123861213975  0.4713459067206284  0.025812577976836257  
13.42  0.03323121672178888  0.4696124522164046  0.4713458991006611  0.025812547226197934  
13.44  0.03323120752377048  0.4696125197799603  0.47134589074965283  0.025812515372337943  
13.46  0.03323119875720049  0.4696125888057757  0.4713458816141928  0.025812482409426095  
13.48  0.033231190491963165  0.46961265928626883  0.4713458716346821  0.025812448334753955  
13.5  0.03323118280195535  0.4696127312127828  0.4713458607451215  0.025812413149079096  
13.52  0.0332311757646736  0.4696128045758643  0.47134584887291925  0.025812376856938938  
13.540000000000001  0.033231169460742976  0.4696128793655911  0.4713458359387654  0.025812339466929315  
13.56  0.033231163973389044  0.46961295557195676  0.4713458218565389  0.025812300991946  
13.58  0.03323115938785554  0.4696130331852907  0.47134580653327  0.025812261449380317  
13.6  0.03323115579077289  0.4696131121967399  0.47134578986912723  0.025812220861272425  
13.620000000000001  0.03323115326948239  0.4696131925987921  0.4713457717574847  0.02581217925441477  
13.64  0.033231151911321165  0.46961327438582684  0.4713457520850108  0.025812136660409303  
13.66  0.03323115180287338  0.46961335755472816  0.471345730731819  0.025812093115671057  
13.68  0.03323115302919613  0.46961344210551037  0.4713457075716466  0.02581204866138089  
13.700000000000001  0.03323115567302612  0.4696135280419756  0.47134568247209735  0.025812003343387825  
13.72  0.033231159813975425  0.4696136153723998  0.47134565529491107  0.025811957212056712  
13.74  0.03323116552772597  0.46961370411021447  0.47134562589628715  0.025811910322068404  
13.76  0.03323117288522935  0.46961379427471306  0.4713455941272261  0.0258118627321669  
13.780000000000001  0.03323118195192347  0.4696138858917493  0.47134555983392523  0.025811814504859344  
13.8  0.03323119278697325  0.46961397899442736  0.4713455228581965  0.02581176570607202  
13.82  0.033231205442545445  0.4696140736237641  0.4713454830378927  0.025811716404758947  
13.84  0.03323121996312729  0.4696141698293411  0.4713454402073918  0.025811666672472325  
13.86  0.033231236384895495  0.46961426766992237  0.47134539419806787  0.02581161658289557  
13.88  0.033231254735146  0.46961436721403343  0.47134534483878654  0.025811566211340054  
13.9  0.0332312750317907  0.46961446854048966  0.4713452919564261  0.025811515634213335  
13.92  0.03323129728292617  0.46961457173887344  0.47134523537635703  0.025811464928459035  
13.94  0.0332313214864838  0.46961467690997744  0.4713451749229719  0.025811414170974326  
13.96  0.033231347629962354  0.46961478416616287  0.4713451104201738  0.025811363438006246  
13.98  0.03323137569024739  0.4696148936316703  0.4713450416918623  0.02581131280453052  
14.0  0.03323140563352107  0.4696150054428845  0.47134496856241637  0.025811262343615658  
14.02  0.03323143741526044  0.4696151197485134  0.4713448908571482  0.025811212125779016  
14.040000000000001  0.0332314709803262  0.46961523670973626  0.47134480840273074  0.025811162218326328  
14.06  0.033231506263138234  0.469615356500281  0.47134472102760105  0.025811112684683713  
14.08  0.03323154318793622  0.4696154793064696  0.471344628562351  0.02581106358372079  
14.1  0.033231581669118514  0.46961560532722474  0.47134453084006145  0.025811014969056738  
14.120000000000001  0.03323162161165508  0.46961573477404944  0.47134442769662754  0.025810966888353847  
14.14  0.03323166291156426  0.4696158678709834  0.47134431897103596  0.02581091938258459  
14.16  0.03323170545644875  0.46961600485458577  0.4713442045056393  0.025810872485270128  
14.18  0.033231749126074614  0.4696161459739261  0.47134408414637186  0.025810826221671624  
14.200000000000001  0.033231793792984965  0.4696162914906283  0.4713439577429676  0.025810780607923665  
14.22  0.03323183932313251  0.4696164416790041  0.47134382514914125  0.025810735650080845  
14.24  0.03323188557651846  0.46961659682627543  0.4713436862228058  0.025810691343057232  
14.26  0.03323193240781639  0.4696167572329653  0.47134354082624247  0.025810647669413468  
14.280000000000001  0.03323197966696471  0.46961692321348525  0.4713433888263458  0.025810604597952064  
14.3  0.03323202719970625  0.46961709509699806  0.4713432300948868  0.025810562082054053  
14.32  0.03323207484804711  0.4696172732285979  0.4713430645088642  0.025810520057681377  
14.34  0.03323212245061165  0.4696174579709342  0.47134289195094803  0.025810478440948494  
14.36  0.033232169842856936  0.4696176497063787  0.4713427123101042  0.025810437125132223  
14.38  0.03323221685711036  0.4696178488398654  0.47134252548242433  0.02581039597695101  
14.4  0.03323226332238676  0.46961805580261484  0.4713423313722546  0.02581035483190658  
14.42  0.03323230906392961  0.4696182710569441  0.4713421298937182  0.025810313488397723  
14.44  0.033232353902412526  0.4696184951024794  0.47134192097279026  0.025810271700246655  
14.46  0.03323239765272249  0.46961872848413433  0.4713417045500843  0.025810229167148934  
14.48  0.03323244012222935  0.4696189718023515  0.4713414805845874  0.025810185522410482  
14.5  0.03323248110842417  0.46961922572623144  0.47134124905871244  0.025810140317139903  
14.52  0.03323252039579004  0.4696194910103759  0.47134100998504436  0.02581009299979047  
14.540000000000001  0.03323255775173677  0.4696197685164308  0.47134076341539166  0.02581004288962639  
14.56  0.03323259292141629  0.4696200592406163  0.4713405094528775  0.025809989142282497  
14.58  0.03323262562121968  0.4696203643487451  0.47134024826804355  0.0258099307051405  
14.6  0.033232655530775486  0.4696206852204221  0.47133998012012907  0.02580986625983224  
14.620000000000001  0.033232682283340635  0.46962102350412405  0.47133970538488784  0.02580979414895397  
14.64  0.0332327054546487  0.4696213811842832  0.47133942459025635  0.02580971228443488  
14.66  0.03323272455062978  0.4696217606602507  0.4713391384607047  0.025809618036485394  
14.68  0.033232738995004854  0.4696221648340822  0.4713388479698677  0.025809508105533393  
14.700000000000001  0.0332327481186872  0.4696225971994895  0.4713385543985375  0.025809378385852358  
14.72  0.03323275115412394  0.46962306191763165  0.4713382593913619  0.025809223838699297  
14.74  0.03323274723898835  0.4696235638585995  0.4713379650013098  0.025809038402648823  
14.76  0.03323273543446274  0.46962410858348963  0.47133767370831064  0.025808814974662562  
14.780000000000001  0.033232714763081324  0.46962470224471486  0.47133738839951933  0.025808545491741715  
14.8  0.03323268426940455  0.46962535139293443  0.4713371123037953  0.0258082211289509  
14.82  0.03323264310401669  0.469626062693378  0.4713368488780324  0.02580783261281382  
14.84  0.03323259062840572  0.4696268425661037  0.47133660164328645  0.02580737063998102  
14.86  0.03323252653584801  0.46962769677110316  0.4713363739650943  0.025806826390742773  
14.88  0.03323245098130791  0.46962862996414945  0.471336168773097  0.025806192123469074  
14.9  0.0332323647109773  0.46962964525697554  0.471335988228003  0.02580546181772999  
14.92  0.0332322691794689  0.46963074382456493  0.4713358333666341  0.02580463180474731  
14.94  0.033232166640950744  0.46963192460513004  0.47133570377561307  0.0258037013026774  
14.96  0.03323206020112132  0.46963318412982846  0.47133559734850494  0.025802672778049228  
14.98  0.033231953820468396  0.46963451650018667  0.47133551016665726  0.025801552084445227  
15.0  0.033231852264968616  0.469635913509415  0.4713354365187842  0.025800348371108547  
15.02  0.03323176100659658  0.4696373648860925  0.47133536904936485  0.02579907379050604  
15.040000000000001  0.03323168608117088  0.4696388586291759  0.47133529900916116  0.025797743055046198  
15.06  0.03323163391431735  0.46964038140135156  0.47133521657441185  0.025796372898611697  
15.08  0.033231611127620984  0.46964191895094676  0.4713351112021598  0.02579498149319404  
15.1  0.03323162433676312  0.46964345653790723  0.47133497199447955  0.025793587860574434  
15.120000000000001  0.03323167995215803  0.4696449793451952  0.4713347880508359  0.025792211307920452  
15.14  0.033231783990801955  0.46964647286208  0.4713345487941386  0.025790870906592038  
15.16  0.0332319419060936  0.46964792322997595  0.4713342442611605  0.025789585026031046  
15.18  0.03323215844049913  0.46964931754482936  0.4713338653519508  0.025788370929270492  
15.200000000000001  0.03323243750423551  0.4696506441125803  0.47133340403572094  0.025787244432856633  
15.22  0.03323278208167855  0.46965189265620777  0.4713328535127696  0.02578621963142128  
15.24  0.033233194165973534  0.4696530544744592  0.4713322083334025  0.02578530868537363  
15.26  0.03323367472132973  0.46965412255351047  0.47133146447586205  0.02578452166895909  
15.280000000000001  0.033234223671689656  0.46965509163377295  0.4713306193859764  0.025783866475057867  
15.3  0.03323483991386853  0.4696559582348257  0.4713296719817331  0.025783348772500096  
15.32  0.03323552135282146  0.46965672064192754  0.47132862262623637  0.025782972011250422  
15.34  0.03323626495640696  0.4696573788579697  0.47132747307280476  0.025782737470554516  
15.36  0.03323706682683824  0.46965793452499965  0.4713262263858862  0.025782644344973554  
15.38  0.03323792228593858  0.469658390819565  0.47132488684163554  0.025782689863182336  
15.4  0.03323882597132302  0.4696587523261428  0.4713234598117945  0.025782869434410684  
15.42  0.033239771940692366  0.4696590248929353  0.4713219516345278  0.02578317681749331  
15.44  0.03324075378154679  0.4696592154741429  0.47132036947564754  0.025783604307620896  
15.46  0.03324176472378721  0.4696593319627062  0.47131872118348633  0.025784142936079873  
15.48  0.033242797752862104  0.4696593830172736  0.4713170151405279  0.025784782678495898  
15.5  0.03324384572133109  0.46965937788690915  0.4713152601145897  0.025785512667355476  
15.52  0.03324490145694352  0.4696593262367741  0.4713134651121691  0.025786321404886885  
15.540000000000001  0.03324595786556915  0.4696592379777086  0.4713116392362836  0.02578719697269768  
15.56  0.03324700802755133  0.4696591231023668  0.4713097915508559  0.025788127234897835  
15.58  0.033248045286299044  0.4696589915301527  0.4713079309534603  0.025789100031815202  
15.6  0.03324906332816278  0.46965885296297893  0.4713060660579569  0.025790103361752463  
15.620000000000001  0.03325005625286647  0.46965871675343057  0.4713042050882376  0.02579112554864609  
15.64  0.0332510186339893  0.4696585917866517  0.4713023557840827  0.02579215539384212  
15.66  0.03325194556918832  0.46965848637695423  0.47130052531985644  0.025793182310608707  
15.68  0.03325283272004414  0.4696584081797821  0.4712987202364741  0.025794196440359837  
15.700000000000001  0.033253676341587976  0.4696583641194301  0.4712969463869031  0.025795188749937716  
15.72  0.033254473301720745  0.4696583603325962  0.4712952088951899  0.025796151109646524  
15.74  0.03325522109087959  0.46965840212760684  0.47129351212876375  0.02579707635205142  
15.76  0.03325591782243045  0.469658493958932  0.4712918596836881  0.025797958311878234  
15.780000000000001  0.033256562224372045  0.46965863941634556  0.47129025438221045  0.02579879184761549  
15.8  0.03325715362302731  0.4696588412279201  0.4712886982818944  0.02579957284569566  
15.82  0.03325769191947025  0.4696591012759328  0.47128719269551134  0.025800298208346135  
15.84  0.03325817755949067  0.46965942062449123  0.4712857382206216  0.025800965826398528  
15.860000000000001  0.03325861149794077  0.46965979955772835  0.4712843347778491  0.025801574538511438  
15.88  0.0332589951583321  0.46966023762721365  0.4712829816566935  0.025802124078386265  
15.9  0.033259330388554574  0.46966073370722766  0.4712816775676536  0.02580261501164947  
15.92  0.03325961941359427  0.4696612860565154  0.4712804206995022  0.02580304866414359  
15.94  0.03325986478610308  0.46966189238507766  0.47127920878047797  0.02580342704338366  
15.96  0.033260069335647936  0.4696625499246453  0.4712780391421875  0.025803752754954806  
15.98  0.03326023611742786  0.4696632555014453  0.4712769087850618  0.025804028915571316  
16.0  0.033260368361203586  0.4696640056100073  0.47127581444426964  0.025804259064470772  
16.02  0.03326046942112553  0.46966479648672116  0.471274752654988  0.02580444707473461  
16.04  0.03326054272708926  0.46966562418206553  0.4712737198161221  0.02580459706600855  
16.06  0.033260591738181786  0.4696664846304306  0.47127271225155437  0.025804713319989014  
16.080000000000002  0.03326061989871631  0.4696673737166466  0.471271726268126  0.02580480019988278  
16.1  0.03326063059727844  0.4696682873383586  0.4712707582097085  0.02580486207491526  
16.12  0.033260627129148  0.46966922146360374  0.4712698045067439  0.025804903250789376  
16.14  0.03326061266237889  0.469670172182996  0.4712688617208204  0.025804927906842683  
16.16  0.033260590207762834  0.4696711357561  0.4712679265839015  0.025804940040477474  
16.18  0.03326056259282761  0.46967210865166426  0.47126699603197697  0.02580494341927193  
16.2  0.033260532439955186  0.4696730875815407  0.4712660672329937  0.025804941541014516  
16.22  0.03326050214864109  0.4696740695281909  0.4712651376090254  0.025804937601746635  
16.240000000000002  0.033260473881847996  0.4696750517658478  0.4712642048527683  0.02580493447174604  
16.26  0.033260449556354967  0.46967603187548546  0.47126326693852677  0.025804934679237383  
16.28  0.03326043083694989  0.46967700775378435  0.4712623221279056  0.025804940401497507  
16.3  0.03326041913427587  0.4696779776164752  0.47126136897055887  0.02580495346290454  
16.32  0.033260415606110434  0.4696789399964488  0.4712604063003831  0.025804975339391495  
16.34  0.033260421161822755  0.4696798937370285  0.47125943322748454  0.02580500716868269  
16.36  0.03326043646973724  0.4696808379809653  0.4712584491265061  0.025805049765633217  
16.38  0.03326046196710967  0.4696817721556458  0.47125745362168475  0.025805103641955648  
16.4  0.033260497872409873  0.4696826959550827  0.47125644656922877  0.025805169029574422  
16.42  0.03326054419959428  0.46968360931922853  0.4712554280374747  0.025805245906860425  
16.44  0.03326060077405081  0.4696845124112018  0.4712543982853647  0.02580533402697996  
16.46  0.033260667249892475  0.46968540559295235  0.47125335773973576  0.025805432947633516  
16.48  0.03326074312828811  0.46968628939992574  0.471252306971913  0.025805542061463748  
16.5  0.03326082777652271  0.46968716451520437  0.47125124667406043  0.02580566062649082  
16.52  0.03326092044748876  0.46968803174364415  0.47125017763572397  0.025805787795945574  
16.54  0.033261020299333  0.4696888919863933  0.4712491007209498  0.02580592264696455  
16.56  0.03326112641499064  0.46968974621623155  0.471248016846333  0.025806064207667605  
16.580000000000002  0.03326123782136667  0.46969059545404895  0.47124692696032555  0.02580621148219883  
16.6  0.03326135350793815  0.4696914407467769  0.47124583202400694  0.025806363473413196  
16.62  0.03326147244457959  0.4696922831470016  0.4712447329935752  0.025806519202942087  
16.64  0.03326159359843312  0.4696931236944563  0.47124363080470244  0.025806677728466072  
16.66  0.03326171594966964  0.46969396339956687  0.4712425263588816  0.025806838158086893  
16.68  0.033261838506011505  0.46969480322909485  0.471241420511784  0.025806999661771877  
16.7  0.03326196031591265  0.46969564409396736  0.471240314063731  0.025807161479899702  
16.72  0.033262080480312574  0.4696964868392765  0.47123920775219197  0.02580732292900669  
16.740000000000002  0.03326219816290456  0.46969733223641275  0.47123810224626833  0.025807483404888785  
16.76  0.03326231259888318  0.4696981809772708  0.47123699814310427  0.025807642383253882  
16.78  0.033262423102153556  0.4696990336704228  0.47123589596606325  0.025807799418166057  
16.8  0.03326252907100421  0.4696998908391102  0.47123479616455877  0.02580795413855413  
16.82  0.033262629992268165  0.4697007529209174  0.4712336991153441  0.025808106243079942  
16.84  0.03326272544400875  0.469701620268962  0.47123260512511406  0.02580825549367291  
16.86  0.03326281509678562  0.4697024931544071  0.4712315144342114  0.02580840170805785  
16.88  0.033262898713566864  0.4697033717701011  0.4712304272212358  0.025808544751584433  
16.9  0.033262976148368296  0.46970425623516965  0.47122934360838065  0.02580868452867192  
16.92  0.033263047343711064  0.46970514660036633  0.47122826366727116  0.02580882097416819  
16.94  0.033263112326993964  0.46970604285395373  0.47122718742516195  0.02580895404489366  
16.96  0.03326317120588941  0.46970694492800513  0.4712261148712704  0.025809083711620117  
16.98  0.03326322416287332  0.46970785270491383  0.47122504596310844  0.025809209951707515  
17.0  0.03326327144900602  0.469708766023942  0.471223980632675  0.025809332742584443  
17.02  0.033263313377081306  0.4697096846877255  0.47122291879232026  0.02580945205622156  
17.04  0.03326335031426535  0.46971060846855917  0.471221860340262  0.025809567854715283  
17.06  0.03326338267434306  0.46971153711438546  0.4712208051655629  0.025809680087054507  
17.080000000000002  0.03326341090969172  0.4697124703544031  0.4712197531525812  0.0258097886871115  
17.1  0.03326343550309649  0.46971340790421534  0.471218704184775  0.025809893572859042  
17.12  0.033263456959520696  0.4697143494704892  0.4712176581478739  0.02580999464677984  
17.14  0.03326347579793638  0.4697152947550693  0.47121661493239386  0.025810091797404795  
17.16  0.033263492543318916  0.46971624345856783  0.47121557443548395  0.02581018490188308  
17.18  0.03326350771889996  0.46971719528339984  0.4712145365621529  0.025810273829475098  
17.2  0.03326352183876596  0.4697181499363028  0.4712135012258791  0.025810358445815307  
17.22  0.03326353540088577  0.46971910713033754  0.4712124683486952  0.025810438617798696  
17.240000000000002  0.03326354888063538  0.4697200665864568  0.4712114378607657  0.025810514218913103  
17.26  0.03326356272488738  0.4697210280346433  0.4712104096995538  0.025810585134849368  
17.28  0.03326357734671617  0.4697219912146701  0.47120938380863464  0.02581065126920232  
17.3  0.03326359312076694  0.469722955876585  0.47120836013624673  0.02581071254908665  
17.32  0.033263610379322586  0.4697239217809126  0.47120733863365555  0.02581076893049643  
17.34  0.03326362940909318  0.46972488869867635  0.4712063192533935  0.025810820403243975  
17.36  0.03326365044874786  0.46972585641127623  0.4712053019474911  0.025810866995324408  
17.38  0.033263673687192435  0.46972682471028515  0.4712042866657331  0.025810908776584082  
17.400000000000002  0.03326369926259179  0.46972779339720866  0.4712032733540214  0.025810945861563083  
17.42  0.03326372726212492  0.46972876228325927  0.47120226195293063  0.025810978411434423  
17.44  0.033263757722452096  0.4697297311891471  0.47120125239645816  0.02581100663496068  
17.46  0.03326379063086475  0.46973069994498523  0.4712002446110572  0.025811030788425334  
17.48  0.033263825927082706  0.46973166839026925  0.4711992385149607  0.0258110511745201  
17.5  0.03326386350565472  0.46973263637397483  0.471198234017846  0.025811068140188576  
17.52  0.03326390321891382  0.46973360375478385  0.4711972310208149  0.025811082073456674  
17.54  0.03326394488043152  0.469734570401442  0.4711962294167195  0.025811093399300523  
17.56  0.03326398826891264  0.46973553619320235  0.47119522909083594  0.02581110257462342  
17.580000000000002  0.03326403313246584  0.46973650102040954  0.4711942299218232  0.025811110082440164  
17.6  0.033264079193186726  0.469737464785151  0.4711932317830058  0.02581111642536901  
17.62  0.033264126151982105  0.4697384274019673  0.47119223454388953  0.02581112211856998  
17.64  0.033264173693568155  0.4697393887986075  0.4711912380719046  0.02581112768225794  
17.66  0.03326422149157016  0.46974034891676286  0.47119024223432365  0.02581113363393611  
17.68  0.03326426921365739  0.46974130771280403  0.4711892469002896  0.025811140480509948  
17.7  0.033264316526639956  0.46974226515841394  0.4711882519429356  0.025811148710429065  
17.72  0.033264363101465085  0.4697432212411479  0.47118725724149935  0.025811158786010598  
17.740000000000002  0.0332644086180464  0.46974417596484885  0.47118626268342206  0.025811171136099553  
17.76  0.03326445276986557  0.4697451293499239  0.47118526816635664  0.02581118614920127  
17.78  0.033264495268290985  0.4697460814334015  0.47118427360002285  0.025811204167221546  
17.8  0.03326453584656103  0.4697470322688057  0.47118327890789047  0.025811225479936854  
17.82  0.033264574263385555  0.46974798192579154  0.4711822840286463  0.02581125032029679  
17.84  0.03326461030612614  0.4697489304895426  0.47118128891738964  0.025811278860647324  
17.86  0.03326464379351829  0.46974987805993473  0.4711802935465281  0.025811311209950793  
17.88  0.033264674577911754  0.4697508247504319  0.4711792979063731  0.02581134741205025  
17.900000000000002  0.033264702547006746  0.46975177068675567  0.47117830200540534  0.025811387445009822  
17.92  0.03326472762507155  0.4697527160053154  0.47117730587017603  0.02581143122154657  
17.94  0.03326474977363744  0.46975366085143666  0.4711763095448984  0.025811478590543474  
17.96  0.03326476899166998  0.46975460537737523  0.47117531309067096  0.025811529339612574  
17.98  0.033264785315225795  0.4697555497401862  0.47117431658441167  0.02581158319866634  
18.0  0.03326479881660892  0.46975649409944853  0.47117332011744517  0.025811639844428778  
18.02  0.03326480960304866  0.4697574386148877  0.47117232379384105  0.02581169890580455  
18.04  0.03326481781492533  0.4697583834439392  0.4711713277284876  0.025811759970012792  
18.06  0.033264823623578306  0.46975932873928744  0.4711703320449675  0.025811822589376834  
18.080000000000002  0.0332648272287336  0.4697602746464254  0.4711693368732413  0.025811886288642744  
18.1  0.03326482885559387  0.46976122130127673  0.4711683423472079  0.025811950572716572  
18.12  0.03326482875163861  0.4697621688279034  0.47116734860218523  0.02581201493466488  
18.14  0.033264827183183784  0.46976311733637444  0.47116635577234367  0.025812078863864243  
18.16  0.03326482443175238  0.46976406692080686  0.4711653639881539  0.025812141854146427  
18.18  0.03326482079031046  0.4697650176576058  0.47116437337387906  0.025812203411813176  
18.2  0.0332648165594245  0.46976596960397454  0.47116338404518326  0.02581226306338752  
18.22  0.03326481204339368  0.46976692279665977  0.4711623961068556  0.02581232036297268  
18.240000000000002  0.033264807546410896  0.4697678772510387  0.4711614096507546  0.02581237489911028  
18.26  0.03326480336880401  0.4697688329604641  0.4711604247539287  0.02581242630102352  
18.28  0.03326479980341053  0.4697697898959804  0.47115944147703215  0.025812474244157797  
18.3  0.03326479713212541  0.46977074800632895  0.4711584598629839  0.025812518454930725  
18.32  0.033264795622672046  0.46977170721830797  0.47115747993595636  0.025812558714631385  
18.34  0.033264795525626445  0.4697726674374479  0.4711565017006821  0.025812594862412573  
18.36  0.03326479707173236  0.4697736285490033  0.4711555251420963  0.02581262679733667  
18.38  0.03326480046952853  0.4697745904192615  0.47115455022532854  0.02581265447945967  
18.400000000000002  0.033264805903312565  0.4697755528971092  0.471153576896039  0.025812677929939274  
18.42  0.033264813531449555  0.4697765158158962  0.47115260508112083  0.02581269723018188  
18.44  0.03326482348503776  0.46977747899551753  0.4711516346897446  0.025812712520044252  
18.46  0.03326483586692885  0.46977844224473336  0.47115066561472385  0.025812723995128843  
18.48  0.03326485075109906  0.46977940536364776  0.4711496977342111  0.02581273190322525  
18.5  0.033264868182362926  0.4697803681463839  0.471148730913685  0.02581273653994924  
18.52  0.03326488817641673  0.4697813303838438  0.47114776500820643  0.02581273824366404  
18.54  0.033264910720195086  0.46978229186660947  0.47114679986491537  0.025812737389760247  
18.56  0.03326493577252491  0.4697832523878431  0.47114583532568716  0.02581273438439265  
18.580000000000002  0.03326496326505899  0.4697842117462494  0.47114487122998366  0.025812729657780028  
18.6  0.03326499310347098  0.469785169748985  0.47114390741776047  0.025812723657180757  
18.62  0.03326502516889436  0.4697861262144773  0.47114294373241367  0.025812716839661288  
18.64  0.03326505931958906  0.46978708097515715  0.4711419800237206  0.02581270966478852  
18.66  0.03326509539281827  0.46978803387998935  0.47114101615068354  0.025812702587367658  
18.68  0.033265133206918644  0.4697889847967785  0.47114005198423414  0.025812696050352982  
18.7  0.03326517256354565  0.46978993361421995  0.471139087409744  0.025812690478058314  
18.72  0.03326521325007383  0.46979088024362176  0.4711381223292659  0.025812686269775023  
18.740000000000002  0.03326525504213001  0.46979182462029784  0.47113715666349226  0.02581268379391177  
18.76  0.03326529770623567  0.46979276670454595  0.47113619035335724  0.025812683382741786  
18.78  0.033265341002530056  0.4697937064822512  0.4711352233612864  0.025812685327846904  
18.8  0.033265384687545085  0.4697946439650699  0.4711342556720357  0.025812689876314937  
18.82  0.033265428517  0.4697955791901745  0.4711332872931497  0.025812697227746203  
18.84  0.03326547224858043  0.4697965122195952  0.47113231825498075  0.025812707532098335  
18.86  0.0332655156446691  0.4697974431391663  0.47113134861033584  0.02581272088838444  
18.88  0.033265558474991304  0.46979837205706565  0.4711303784337189  0.025812737344229817  
18.900000000000002  0.03326560051914085  0.46979929910203855  0.47112940782019525  0.025812756896264034  
18.92  0.0332656415689521  0.4698002244212663  0.471128436883932  0.025812779491329495  
18.94  0.033265681430688594  0.4698011481779938  0.47112746575642567  0.02581280502845085  
18.96  0.03326571992701776  0.469802070548908  0.4711264945844565  0.025812833361525577  
18.98  0.033265756898746064  0.46980299172134515  0.47112552352780385  0.02581286430265682  
19.0  0.0332657922062946  0.46980391189035436  0.4711245527567951  0.025812897626068445  
19.02  0.03326582573089714  0.4698048312557026  0.47112358244970726  0.025812933072510674  
19.04  0.03326585737550693  0.469805750018831  0.47112261279005924  0.025812970354078865  
19.06  0.033265887065407396  0.469806668379856  0.4711216439638978  0.025813009159350624  
19.080000000000002  0.03326591474851967  0.4698075865346233  0.4711206761570373  0.025813049158751888  
19.1  0.0332659403954125  0.4698085046718933  0.47111970955239024  0.025813090010058985  
19.12  0.03326596399901843  0.46980942297068173  0.4711187443273353  0.02581313136394266  
19.14  0.03326598557406808  0.46981034159780855  0.4711177806512639  0.02581317286946988  
19.16  0.033266005156258084  0.4698112607056636  0.47111681868325544  0.025813214179471744  
19.18  0.033266022801170796  0.4698121804302591  0.47111585856995897  0.025813254955702813  
19.2  0.0332660385829682  0.46981310088955586  0.4711149004437035  0.02581329487370944  
19.22  0.03326605259288473  0.46981402218209045  0.47111394442084703  0.025813333627349274  
19.240000000000002  0.03326606493754853  0.4698149443859459  0.4711129906004022  0.02581337093289191  
19.26  0.033266075737157924  0.4698158675580228  0.47111203906293714  0.02581340653265703  
19.28  0.03326608512354464  0.46981679173365903  0.47111108986976347  0.025813440198146447  
19.3  0.03326609323815716  0.46981771692657226  0.47111014306242877  0.02581347173263078  
19.32  0.0332661002299919  0.46981864312912086  0.471109198662498  0.025813500973175963  
19.34  0.033266106253504776  0.4698195703128677  0.4711082566716223  0.025813527792090233  
19.36  0.03326611146653443  0.46982049842944584  0.471107317071898  0.025813552097791778  
19.38  0.03326611602826097  0.4698214274116786  0.4711063798264822  0.02581357383509038  
19.400000000000002  0.03326612009722951  0.46982235717497745  0.4711054448804821  0.025813592984910025  
19.42  0.03326612382946004  0.46982328761892717  0.4711045121620576  0.025813609563465272  
19.44  0.03326612737666609  0.46982421862907786  0.4711035815837555  0.02581362362092086  
19.46  0.03326613088459945  0.469825150078921  0.471102653044017  0.025813635239571503  
19.48  0.03326613449153705  0.46982608183196223  0.4711017264288603  0.025813644531590792  
19.5  0.033266138326926195  0.4698270137439213  0.4711008016136953  0.025813651636384143  
19.52  0.0332661425101961  0.4698279456649731  0.47109987846523155  0.025813656717615197  
19.54  0.03326614714974781  0.4698288774420282  0.4710989568434658  0.025813659959948568  
19.56  0.03326615234212828  0.46982980892100645  0.4710980366037148  0.02581366156558453  
19.580000000000002  0.0332661581713916  0.4698307399490611  0.47109711759863726  0.025813661750631458  
19.6  0.0332661647086521  0.4698316703767413  0.47109619968024996  0.025813660741390687  
19.62  0.033266172011825294  0.4698326000600298  0.47109528270188217  0.025813658770609278  
19.64  0.03326618012555528  0.4698335288622721  0.47109436652006065  0.02581365607376092  
19.66  0.03326618908132173  0.4698344566559203  0.4710934509962627  0.02581365288541887  
19.68  0.03326619889771731  0.4698353833241159  0.47109253599855483  0.025813649435763867  
19.7  0.033266209580887246  0.469836308762062  0.47109162140308286  0.025813645947286967  
19.72  0.03326622112511622  0.4698372328781882  0.4710907070953856  0.02581364263172935  
19.740000000000002  0.03326623351354925  0.46983815559507447  0.47108979297152137  0.025813639687293742  
19.76  0.03326624671902932  0.4698390768501587  0.4710888789390074  0.025813637296169038  
19.78  0.033266260705038214  0.46983999659619974  0.4710879649175618  0.025813635622393128  
19.8  0.03326627542671925  0.4698409148015046  0.47108705083962266  0.025813634810069788  
19.82  0.0332662908319657  0.46984183144992464  0.47108613665068294  0.025813634981963457  
19.84  0.03326630686255521  0.4698427465406264  0.4710852223093951  0.02581363623847157  
19.86  0.03326632345531284  0.46984366008763634  0.4710843077875173  0.02581363865698492  
19.88  0.03326634054328436  0.46984457211921626  0.47108339306962366  0.025813642291624805  
19.900000000000002  0.033266358056902465  0.4698454826770203  0.4710824781526757  0.025813647173347314  
19.92  0.033266375925128655  0.4698463918151006  0.4710815630454085  0.0258136533104075  
19.94  0.033266394076556745  0.4698472995987701  0.471080647767572  0.0258136606891491  
19.96  0.033266412440461995  0.4698482061033384  0.47107973234905487  0.025813669275107864  
19.98  0.03326643094778467  0.46984911141274116  0.4710788168288758  0.025813679014391154  
20.0  0.03326644953203721  0.46985001561811485  0.47107790125409554  0.025813689835304618  
