0.02  -0.030580961725065216  0.001397481857464827
0.04  -0.07339835446912703  0.002605827820626291
0.06  -0.11116690993701502  0.0030226940947629837
0.08  -0.14477215580515795  0.002961772073232502
0.1  -0.1747293370964925  0.002629938356850519
0.12  -0.20136327909671953  0.0021589874524125478
0.14  -0.22490476496715117  0.0016301349394265184
0.16  -0.24553944168780611  0.0010914513025039874
0.18  -0.26343096579351355  0.0005701955627655892
0.2  -0.2787309002581843  8.096509998965946e-05
0.22  -0.2915823925521813  -0.0003690726945477143
0.24  -0.3021216788668339  -0.0007769514389570546
0.26  -0.3104786142006468  -0.0011418969399045003
0.28  -0.31677725816468427  -0.0014641538898765047
0.3  -0.3211367497600743  -0.0017444284833327182
0.32  -0.32367233071223633  -0.001983581457817469
0.34  -0.3244965291178276  -0.002182612747801589
0.36  -0.3237203180040598  -0.0023426167260619355
0.38  -0.3214540652879273  -0.0024646928822477394
0.4  -0.3178083235361622  -0.002550121029680591
0.42  -0.31289432900815783  -0.0026004005769070023
0.44  -0.3068242085065739  -0.002617235152387408
0.46  -0.29971099897417736  -0.002602549952248616
0.48  -0.2916684515849638  -0.0025584931235909823
0.5  -0.2828106022626315  -0.0024873980460002184
0.52  -0.27325118866414083  -0.002391764270127378
0.54  -0.26310295179666676  -0.002274269849387496
0.56  -0.25247698286481207  -0.002137681609591746
0.58  -0.24148195540884834  -0.0019848001387876833
0.6  -0.23022326521089534  -0.0018184529775320088
0.62  -0.21880225793681402  -0.0016414445896831352
0.64  -0.2073155777594586  -0.0014564947113902002
0.66  -0.1958545781607152  -0.001266234526777979
0.68  -0.1845047655526623  -0.0010732142938836738
0.7000000000000001  -0.1733452704015525  -0.0008798684638201325
0.72  -0.16244842900162235  -0.0006884773135778477
0.74  -0.1518794637092932  -0.000501131860881154
0.76  -0.14169626760865023  -0.0003197237425813642
0.78  -0.1319492809995816  -0.0001459581224194368
0.8  -0.12268145176941497  1.8637965835512267e-05
0.8200000000000001  -0.11392826910428447  0.00017274034116242985
0.84  -0.10571786512294445  0.00031524026600888007
0.86  -0.09807118747154832  0.00044522940255870393
0.88  -0.09100224900439231  0.000561986707802605
0.9  -0.08451842507339698  0.0006649771810040964
0.92  -0.07862079454805494  0.0007538524468441116
0.9400000000000001  -0.07330454752344985  0.0008284551612288863
0.96  -0.06855946005066012  0.0008888160599338519
0.98  -0.06437039453355747  0.0009351347919757706
1.0  -0.06071779235333211  0.0009677596879627878
1.02  -0.057578166670878346  0.000987170056397652
1.04  -0.054924602033222664  0.0009939607997804067
1.06  -0.052727259409288775  0.0009888309103965637
1.08  -0.05095388301502438  0.0009725729229590048
1.1  -0.04957030343234237  0.0009460593386823523
1.12  -0.048540928979164906  0.0009102252662401526
1.1400000000000001  -0.0478292191217128  0.0008660525016969794
1.16  -0.047398135784985154  0.0008145570172895921
1.18  -0.04721057009656644  0.0007567777490239844
1.2  -0.04722974434827549  0.0006937663249083187
1.22  -0.04741958750649228  0.0006265763265225086
1.24  -0.04774508089233778  0.0005562510628360116
1.26  -0.04817257078478938  0.0004838114998924443
1.28  -0.048670046635805334  0.0004102457774853303
1.3  -0.04920738480051261  0.0003365001276630349
1.32  -0.04975655750828541  0.00026347085383036895
1.34  -0.05029180683364667  0.00019199716490096136
1.36  -0.05078978362491442  0.00012285475821539735
1.3800000000000001  -0.05122965174155706  5.6750100586295393e-05
1.4000000000000001  -0.05159315835986204  -5.684471111361831e-06
1.42  -0.05186467145232247  -6.38946821592985e-05
1.44  -0.05203118592620854  -0.00011740723369617942
1.46  -0.05208230012589099  -0.00016583160469997766
1.48  -0.05201016462750639  -0.00020886075502784244
1.5  -0.05180940541657006  -0.000246270780893465
1.52  -0.05147702371782972  -0.00027791956535428873
1.54  -0.05101227489053155  -0.0003037444703486089
1.56  -0.05041652885907635  -0.00032375908390443544
1.58  -0.049693114569312864  -0.0003380490212049853
1.6  -0.04884715105886929  -0.0003467669063334969
1.62  -0.04788536778524642  -0.00035012675961845345
1.6400000000000001  -0.04681591677353989  -0.00034839795389463675
1.6600000000000001  -0.04564817904590514  -0.00034189881963594455
1.68  -0.04439256771291589  -0.0003309899787604883
1.7  -0.04306033007507869  -0.0003160675863087359
1.72  -0.04166335117729916  -0.00029755666086143825
1.74  -0.04021396122029458  -0.00027590449640466596
1.76  -0.03872474889216456  -0.00025157408608755756
1.78  -0.03720838238368529  -0.0002250376008842018
1.8  -0.03567743970162541  -0.00019677002909084535
1.82  -0.034144249745401714  -0.00016724307329693772
1.84  -0.032620745429522785  -0.0001369193822350646
1.86  -0.031118329938960312  -0.00010624718164831072
1.8800000000000001  -0.02964775700286475  -7.565535675629033e-05
1.9000000000000001  -0.028219025866414758  -4.554902685877655e-05
1.92  -0.026841291434904487  -1.630564053565532e-05
1.94  -0.02552278986066744  1.1728390826808301e-05
1.96  -0.024270779643592297  3.8240511180660124e-05
1.98  -0.02309149812352245  6.295428413908934e-05
2.0  -0.021990133062764566  8.563110208893005e-05
2.02  -0.020970808851773624  0.00010607134448459629
2.04  -0.020036586721251377  0.00012411499674465113
2.06  -0.019189478209790632  0.0001396417469141491
2.08  -0.0184304710168055  0.0001525705795033254
2.1  -0.017759566267010824  0.00016285888946133428
2.12  -0.0171758261269514  0.00017050114817463574
2.14  -0.016677430642716446  0.00017552715967764993
2.16  -0.016261742614081205  0.00017799994785440627
2.18  -0.015925379286042658  0.00017801331716770435
2.2  -0.015664289619471278  0.0001756891310689848
2.22  -0.015473835897395151  0.00017117435389230675
2.24  -0.015348878433493647  0.00016463790360931436
2.2600000000000002  -0.015283862174567845  0.00015626736397314234
2.2800000000000002  -0.015272904027575342  0.0001462656051496773
2.3000000000000003  -0.015309879792542069  0.0001348473616611843
2.32  -0.015388509643910399  0.0001222358149713068
2.34  -0.015502441174457461  0.00010865922538962053
2.36  -0.015645329097278247  9.434765482855244e-05
2.38  -0.01581091079082404  7.95298186957721e-05
2.4  -0.015993076968274404  6.44301018526077e-05
2.42  -0.016185936854621587  4.926577009375352e-05
2.44  -0.016383877360834978  3.424440525218246e-05
2.46  -0.016581615851037384  1.956158878985392e-05
2.48  -0.016774246200776163  5.398854651778593e-06
2.5  -0.01695727793577757  -8.0780742940753e-06
2.52  -0.017126668314734382  -2.072076091955632e-05
2.54  -0.01727884727730858  -3.239924348468181e-05
2.56  -0.0174107352351278  -4.3002949552935785e-05
2.58  -0.0175197537650734  -5.2441341061924926e-05
2.6  -0.017603829381386184  -6.064428722539814e-05
2.62  -0.01766139068866256  -6.756214864913365e-05
2.64  -0.017691359306038407  -7.316554151434523e-05
2.66  -0.01769313500041353  -7.744473911389734e-05
2.68  -0.017666575526795313  -8.040869403462108e-05
2.7  -0.017611971759775896  -8.208375454255923e-05
2.72  -0.01753001874381418  -8.25122261072767e-05
2.74  -0.017421783265854057  -8.175089723705609e-05
2.7600000000000002  -0.017288668518551216  -7.986955298938496e-05
2.7800000000000002  -0.01713237641477865  -7.694944205583398e-05
2.8000000000000003  -0.0169548681227701  -7.308166607308781e-05
2.82  -0.01675832339686027  -6.836548878626301e-05
2.84  -0.016545099273663707  -6.290658873963305e-05
2.86  -0.016317688687110275  -5.681529151903308e-05
2.88  -0.016078679529855113  -5.020481829890675e-05
2.9  -0.01583071465606658  -4.318958243440226e-05
2.92  -0.015576453283384887  -3.588355998404433e-05
2.94  -0.01531853421080146  -2.8398755208644815e-05
2.96  -0.015059541225108865  -2.084377839616945e-05
2.98  -0.014801971022492717  -1.3322549578132967e-05
3.0  -0.014548203925006883  -5.93313746833935e-06
3.02  -0.014300477624548676  1.2332606965013938e-06
3.04  -0.014060864138959503  8.09319495607188e-06
3.06  -0.013831250116144177  1.4571691874003517e-05
3.08  -0.01361332057330877  2.06028361225399e-05
3.1  -0.013408546110469322  2.6130204472174295e-05
3.12  -0.013218173590950556  3.110715350299899e-05
3.14  -0.013043220237496544  3.549696389574256e-05
3.16  -0.012884471051403324  3.9272845723211487e-05
3.18  -0.012742479423991915  4.2417810627350724e-05
3.2  -0.012617570775139551  4.492441812638861e-05
3.22  -0.012509849022731915  4.6794404408795256e-05
3.24  -0.012419205660013817  4.8038203173296793e-05
3.2600000000000002  -0.01234533119500275  4.8674369180300495e-05
3.2800000000000002  -0.01228772868750478  4.8728916260112594e-05
3.3000000000000003  -0.012245729104775477  4.8234582415248976e-05
3.3200000000000003  -0.012218508206599522  4.723003522592021e-05
3.34  -0.012205104664369222  4.5759031107273204e-05
3.36  -0.012204439116573578  4.386954202948492e-05
3.38  -0.01221533386480739  4.16128635502863e-05
3.4  -0.012236532920057927  3.904271858945393e-05
3.42  -0.012266722118656453  3.6214372006256165e-05
3.44  -0.012304549040625064  3.318377019781335e-05
3.46  -0.012348642479850472  3.0006717224326164e-05
3.48  -0.01239763123522256  2.6738098629613266e-05
3.5  -0.012450162011578288  2.3431168441916095e-05
3.52  -0.012504916234859748  2.0136910013136594e-05
3.54  -0.01256062560582918  1.6903461621380034e-05
3.56  -0.012616086249114679  1.377559449637541e-05
3.58  -0.012670171343259248  1.0794249374203964e-05
3.6  -0.012721842136837191  7.996145969574938e-06
3.62  -0.012770157277164202  5.413473622635154e-06
3.64  -0.012814280403894807  3.073664608101872e-06
3.66  -0.012853485986169743  9.992480032795965e-07
3.68  -0.01288716340722263  -7.922200357653262e-07
3.7  -0.012914819323863708  -2.2881545168263384e-06
3.72  -0.012936078349853365  -3.4808729122664367e-06
3.74  -0.01295068213211947  -4.367463507736391e-06
3.7600000000000002  -0.012958486907079464  -4.949594934904587e-06
3.7800000000000002  -0.0129594596403766  -5.233271805575059e-06
3.8000000000000003  -0.012953672866765  -5.228542192431819e-06
3.8200000000000003  -0.012941298357694968  -4.949163279527942e-06
3.84  -0.01292259975312788  -4.412231994480292e-06
3.86  -0.012897924301475298  -3.6377875973045057e-06
3.88  -0.0128676938572575  -2.648393315523006e-06
3.9  -0.01283239528973196  -1.4687039398710955e-06
3.92  -0.012792570457094152  -1.2502614078014956e-07
3.94  -0.012748805899967661  1.3551221081830244e-06
3.96  -0.012701722404883356  2.943446956741951e-06
3.98  -0.012651964583506101  4.611303301505182e-06
4.0  -0.012600190606770426  6.330103430432759e-06
4.0200000000000005  -0.012547062224859486  8.071704968307212e-06
4.04  -0.012493235194498024  9.80877391625187e-06
4.0600000000000005  -0.012439350224240874  1.1515119101883603e-05
4.08  -0.01238602453677157  1.316599495428377e-05
4.1  -0.012333844134725866  1.4738370117416404e-05
4.12  -0.012283356843490863  1.6211160084784592e-05
4.14  -0.012235066191078718  1.756542269135239e-05
4.16  -0.012189426171542297  1.8784515821188973e-05
4.18  -0.01214683692476249  1.9854216938324485e-05
4.2  -0.012107641351807794  2.076280432111228e-05
4.22  -0.01207212267164413  2.1501100217048306e-05
4.24  -0.01204050291200324  2.206247681328335e-05
4.26  -0.012012942314823624  2.2442826689537856e-05
4.28  -0.011989539625137054  2.2640500102112757e-05
4.3  -0.011970333221725329  2.265621183635924e-05
4.32  -0.011955303038280834  2.2492920620650176e-05
4.34  -0.011944373215398759  2.215568415855245e-05
4.36  -0.011937415416369581  2.165149295928762e-05
4.38  -0.011934252733626149  2.098908617971751e-05
4.4  -0.011934664107765686  2.017875277574076e-05
4.42  -0.011938389177372815  1.9232121272081185e-05
4.44  -0.011945133475417523  1.816194147431457e-05
4.46  -0.011954573886778074  1.698186139392619e-05
4.48  -0.011966364281390826  1.5706202574216233e-05
4.5  -0.01198014123864436  1.4349736885816344e-05
4.5200000000000005  -0.011995529780833132  1.2927467704148827e-05
4.54  -0.01201214903668493  1.1454418179577598e-05
4.5600000000000005  -0.012029617760117697  9.945429119341759e-06
4.58  -0.01204755963437318  8.41496872189463e-06
4.6000000000000005  -0.012065608297369346  6.8769561914325174e-06
4.62  -0.01208341203047414  5.344600943194629e-06
4.64  -0.012100638059786414  3.830258859533928e-06
4.66  -0.012116976426279083  2.345306740364451e-06
4.68  -0.012132143388756452  9.000358106906435e-07
4.7  -0.012145884331354096  -4.964351488304921e-07
4.72  -0.012157976155147878  -1.8362267872628116e-06
4.74  -0.012168229141292172  -3.112746291374178e-06
4.76  -0.012176488280757382  -4.320714906588124e-06
4.78  -0.012182634073232002  -5.4561763929570815e-06
4.8  -0.012186582804860286  -6.516487202361384e-06
4.82  -0.012188286321197337  -7.500289300978538e-06
4.84  -0.012187731318009855  -8.407466830951489e-06
4.86  -0.012184938178234789  -9.239087910008182e-06
4.88  -0.012179959388493772  -9.997333009777447e-06
4.9  -0.012172877573005758  -1.0685411505171054e-05
4.92  -0.012163803186492699  -1.1307468034377156e-05
4.94  -0.012152871910737096  -1.1868480391405802e-05
4.96  -0.012140241801763185  -1.2374150691989486e-05
4.98  -0.012126090236230722  -1.2830791597475961e-05
5.0  -0.01211061070650109  -1.324520931304167e-05
5.0200000000000005  -0.012094009514021625  -1.3624585099195768e-05
5.04  -0.012076502410173426  -1.3976356940751278e-05
5.0600000000000005  -0.012058311232553319  -1.430810295466019e-05
5.08  -0.012039660582944903  -1.4627428026589074e-05
5.1000000000000005  -0.012020774590866305  -1.4941855058976672e-05
5.12  -0.012001873803798635  -1.5258722085954217e-05
5.14  -0.011983172241889505  -1.558508638453373e-05
5.16  -0.011964874651289517  -1.5927636558421424e-05
5.18  -0.011947173986257779  -1.6292613430884755e-05
5.2  -0.011930249145963556  -1.6685740430365736e-05
5.22  -0.011914262987431899  -1.7112163982549932e-05
5.24  -0.011899360631545994  -1.7576404281474287e-05
5.26  -0.011885668074390386  -1.8082316639628573e-05
5.28  -0.011873291111607918  -1.8633063487449994e-05
5.3  -0.011862314578888221  -1.923109691889162e-05
5.32  -0.011852801907303381  -1.9878151568070677e-05
5.34  -0.01184479498796572  -2.057524744990139e-05
5.36  -0.011838314336469166  -2.1322702307936955e-05
5.38  -0.011833359543880845  -2.2120152866613395e-05
5.4  -0.011829909997616291  -2.29665843364472e-05
5.42  -0.011827925852489454  -2.386036741248667e-05
5.44  -0.011827349229580921  -2.4799301948197068e-05
5.46  -0.011828105618262308  -2.57806664331909e-05
5.48  -0.011830105454905177  -2.6801272372784337e-05
5.5  -0.011833245850361485  -2.785752264021236e-05
5.5200000000000005  -0.011837412437321016  -2.894547284649086e-05
5.54  -0.011842481308105822  -3.006089479839038e-05
5.5600000000000005  -0.011848321013287665  -3.119934111306822e-05
5.58  -0.011854794591827717  -3.235621008521511e-05
5.6000000000000005  -0.011861761604051724  -3.3526809947695424e-05
5.62  -0.011869080139816319  -3.47064216969867e-05
5.64  -0.01187660877556469  -3.589035972598084e-05
5.66  -0.01188420845562222  -3.707402956461183e-05
5.68  -0.011891744275061709  -3.8252982082015604e-05
5.7  -0.011899087143547924  -3.942296361200519e-05
5.72  -0.011906115312027692  -4.057996150065964e-05
5.74  -0.01191271574660081  -4.172024468133024e-05
5.76  -0.011918785336567688  -4.2840398965436524e-05
5.78  -0.011924231926370387  -4.393735679204949e-05
5.8  -0.011928975163921652  -4.500842129597768e-05
5.82  -0.011932947160542506  -4.605128462092467e-05
5.84  -0.011936092960483508  -4.706404045421445e-05
5.86  -0.011938370820629457  -4.804519086779052e-05
5.88  -0.01193975230351425  -4.899364759401622e-05
5.9  -0.011940222189165087  -4.9908727959224026e-05
5.92  -0.011939778213514763  -5.07901457802351e-05
5.94  -0.011938430643127627  -5.1637997594763463e-05
5.96  -0.011936201697849622  -5.245274460848677e-05
5.98  -0.01193312483460056  -5.323519071867306e-05
6.0  -0.011929243906988893  -5.398645697846636e-05
6.0200000000000005  -0.011924612216578891  -5.4707952881238354e-05
6.04  -0.011919291472502508  -5.540134496152425e-05
6.0600000000000005  -0.011913350676674296  -5.60685232763084e-05
6.08  -0.01190686495220526  -5.671156636420199e-05
6.1000000000000005  -0.011899914332708868  -5.733270527794569e-05
6.12  -0.011892582530067088  -5.7934287263631764e-05
6.140000000000001  -0.011884955697863745  -5.851873963600129e-05
6.16  -0.011877121207123873  -5.908853431135623e-05
6.18  -0.011869166450203673  -5.96461534991072e-05
6.2  -0.011861177687738651  -6.019405692610089e-05
6.22  -0.011853238952369793  -6.073465099972402e-05
6.24  -0.011845431021739327  -6.127026022068223e-05
6.26  -0.011837830471821518  -6.180310113017658e-05
6.28  -0.011830508820178238  -6.233525903544745e-05
6.3  -0.011823531767154637  -6.286866768069046e-05
6.32  -0.01181695854142276  -6.340509199519233e-05
6.34  -0.01181084135466228  -6.394611402179488e-05
6.36  -0.011805224968506986  -6.44931220270033e-05
6.38  -0.011800146375303841  -6.504730279664539e-05
6.4  -0.01179563459262587  -6.560963705481515e-05
6.42  -0.011791710569999066  -6.618089789769754e-05
6.44  -0.011788387204870555  -6.67616521054607e-05
6.46  -0.011785669463479389  -6.735226417379754e-05
6.48  -0.011783554601108238  -6.795290283805072e-05
6.5  -0.01178203247507265  -6.856354989681439e-05
6.5200000000000005  -0.011781085942805573  -6.918401106566013e-05
6.54  -0.011780691336629324  -6.981392862893374e-05
6.5600000000000005  -0.011780819006033333  -7.045279563067054e-05
6.58  -0.011781433917822567  -7.109997132711805e-05
6.6000000000000005  -0.011782496304043311  -7.175469768486734e-05
6.62  -0.011783962347398171  -7.241611664094528e-05
6.640000000000001  -0.011785784893737439  -7.308328791747474e-05
6.66  -0.011787914181283516  -7.37552071529208e-05
6.68  -0.011790298576402672  -7.443082414293283e-05
6.7  -0.011792885306060718  -7.510906099867336e-05
6.72  -0.011795621177515543  -7.578883002719436e-05
6.74  -0.01179845327631186  -7.646905115496293e-05
6.76  -0.0118013296342842  -7.714866870893076e-05
6.78  -0.011804199859958902  -7.782666733463148e-05
6.8  -0.011807015724502188  -7.850208684661566e-05
6.82  -0.01180973169722594  -7.917403572067934e-05
6.84  -0.01181230542548  -7.984170291107698e-05
6.86  -0.011814698154696691  -8.050436763736262e-05
6.88  -0.011816875085275336  -8.116140670435195e-05
6.9  -0.011818805663939353  -8.181229893330862e-05
6.92  -0.01182046380816985  -8.245662626615808e-05
6.94  -0.011821828063265441  -8.30940711718968e-05
6.96  -0.011822881692543403  -8.37244101407911e-05
6.98  -0.01182361270208709  -8.434750322670735e-05
7.0  -0.011824013802371563  -8.496327992755842e-05
7.0200000000000005  -0.011824082309929058  -8.55717219991536e-05
7.04  -0.011823819992997212  -8.617284415177547e-05
7.0600000000000005  -0.011823232865765084  -8.676667389993282e-05
7.08  -0.011822330936319275  -8.735323190296111e-05
7.1000000000000005  -0.01182112791368653  -8.793251405867251e-05
7.12  -0.0118196408795842  -8.850447623320456e-05
7.140000000000001  -0.011817889930582389  -8.90690220034783e-05
7.16  -0.01181589779649589  -8.962599339133493e-05
7.18  -0.011813689440854716  -9.017516426537399e-05
7.2  -0.011811291649308536  -9.071623602407676e-05
7.22  -0.011808732611634424  -9.12488351473832e-05
7.24  -0.011806041502840401  -9.177251227676756e-05
7.26  -0.011803248068578548  -9.228674253857258e-05
7.28  -0.011800382219800752  -9.279092689902627e-05
7.3  -0.011797473641261345  -9.328439440122724e-05
7.32  -0.01179455141814999  -9.376640516691262e-05
7.34  -0.011791643684748242  -9.42361540847489e-05
7.36  -0.011788777298608206  -9.469277513220507e-05
7.38  -0.011785977543340428  -9.51353462715211e-05
7.4  -0.011783267862676396  -9.556289487316905e-05
7.42  -0.011780669628023432  -9.597440362292471e-05
7.44  -0.011778201941336547  -9.636881685326027e-05
7.46  -0.011775881474646564  -9.674504726505187e-05
7.48  -0.011773722347199339  -9.710198297238105e-05
7.5  -0.011771736040696038  -9.743849489343308e-05
7.5200000000000005  -0.011769931352621714  -9.775344444837292e-05
7.54  -0.011768314387220688  -9.804569163987965e-05
7.5600000000000005  -0.011766888583076715  -9.831410355571149e-05
7.58  -0.011765654775804806  -9.855756334385863e-05
7.6000000000000005  -0.011764611293780553  -9.877497971428945e-05
7.62  -0.011763754084383758  -9.896529701584433e-05
7.640000000000001  -0.011763076867757502  -9.912750585608875e-05
7.66  -0.011762571314704862  -9.926065422093399e-05
7.68  -0.011762227245080196  -9.93638589753334e-05
7.7  -0.011762032842813722  -9.943631755107642e-05
7.72  -0.011761974883633484  -9.947731960399702e-05
7.74  -0.011762038971541012  -9.948625835661825e-05
7.76  -0.011762209780221033  -9.946264134849013e-05
7.78  -0.011762471295679068  -9.940610026867809e-05
7.8  -0.011762807056680792  -9.9316399611645e-05
7.82  -0.011763200389788902  -9.919344388237381e-05
7.84  -0.011763634636105254  -9.903728313625252e-05
7.86  -0.011764093367126983  -9.884811669652794e-05
7.88  -0.011764560587439658  -9.862629490834063e-05
7.9  -0.011765020922293045  -9.837231889088581e-05
7.92  -0.011765459788416536  -9.808683827342962e-05
7.94  -0.01176586354671179  -9.777064695054414e-05
7.96  -0.011766219635814531  -9.742467695504484e-05
7.98  -0.011766516685739508  -9.704999055894714e-05
8.0  -0.011766744611156801  -9.664777078795023e-05
8.02  -0.011766894684065256  -9.621931050524785e-05
8.040000000000001  -0.011766959585931776  -9.57660002949475e-05
8.06  -0.011766933439569065  -9.528931538835684e-05
8.08  -0.01176681182133433  -9.479080186496877e-05
8.1  -0.011766591754403411  -9.427206232915188e-05
8.120000000000001  -0.011766271683994502  -9.37347411726907e-05
8.14  -0.011765851435504758  -9.318050958741924e-05
8.16  -0.011765332156869321  -9.261105062034156e-05
8.18  -0.011764716246701152  -9.202804448517034e-05
8.2  -0.011764007269822314  -9.143315430517403e-05
8.22  -0.011763209861787367  -9.08280124493014e-05
8.24  -0.011762329624041258  -9.021420758209808e-05
8.26  -0.011761373011424485  -8.959327258078515e-05
8.28  -0.011760347213774907  -8.896667342315611e-05
8.3  -0.011759260033389202  -8.833579912740909e-05
8.32  -0.011758119760077537  -8.770195283581766e-05
8.34  -0.011756935045506046  -8.70663440820452e-05
8.36  -0.011755714778460578  -8.643008228465736e-05
8.38  -0.011754467962586125  -8.579417149667503e-05
8.4  -0.0117532035980518  -8.515950642584501e-05
8.42  -0.011751930568475639  -8.45268697130026e-05
8.44  -0.011750657534335206  -8.389693047279058e-05
8.46  -0.011749392833924894  -8.327024405815301e-05
8.48  -0.011748144392816337  -8.264725301220725e-05
8.5  -0.011746919642583335  -8.202828916128047e-05
8.52  -0.011745725449440837  -8.141357680057699e-05
8.540000000000001  -0.011744568053262069  -8.080323688211603e-05
8.56  -0.011743453017305873  -8.019729214950772e-05
8.58  -0.011742385188813688  -7.959567312524089e-05
8.6  -0.011741368670506154  -7.89982248712452e-05
8.620000000000001  -0.011740406802858122  -7.84047144076723e-05
8.64  -0.011739502156903324  -7.781483870788987e-05
8.66  -0.011738656537191472  -7.722823316217917e-05
8.68  -0.01173787099440459  -7.664448039263551e-05
8.700000000000001  -0.01173714584705139  -7.606311932972158e-05
8.72  -0.011736480711547682  -7.54836544299828e-05
8.74  -0.011735874539933638  -7.490556493708431e-05
8.76  -0.011735325664403568  -7.432831408438087e-05
8.78  -0.011734831847762486  -7.375135813333103e-05
8.8  -0.011734390338925062  -7.317415516261893e-05
8.82  -0.011733997932498632  -7.259617351553372e-05
8.84  -0.011733651031511031  -7.201689981114101e-05
8.86  -0.011733345712349205  -7.143584646985158e-05
8.88  -0.011733077790969038  -7.085255865199027e-05
8.9  -0.011732842889466567  -7.02666205865602e-05
8.92  -0.01173263650215325  -6.967766120024232e-05
8.94  -0.01173245406029658  -6.90853590397101e-05
8.96  -0.011732290994758185  -6.848944643275814e-05
8.98  -0.011732142795822176  -6.788971287577454e-05
9.0  -0.01173200506956557  -6.728600762369552e-05
9.02  -0.011731873590196937  -6.667824148891245e-05
9.040000000000001  -0.01173174434788347  -6.606638784709752e-05
9.06  -0.011731613591633345  -6.545048284807884e-05
9.08  -0.011731477866926857  -6.48306248864343e-05
9.1  -0.011731334047815421  -6.420697331648229e-05
9.120000000000001  -0.011731179363347832  -6.357974647956167e-05
9.14  -0.01173101141821384  -6.294921907131477e-05
9.16  -0.011730828207606337  -6.231571890763423e-05
9.18  -0.01173062812636478  -6.167962313314646e-05
9.200000000000001  -0.011730409972513454  -6.104135394992304e-05
9.22  -0.011730172945426769  -6.040137390541419e-05
9.24  -0.011729916638842352  -5.976018083993272e-05
9.26  -0.01172964102905634  -5.9118302532725256e-05
9.28  -0.011729346458662212  -5.8476291132313095e-05
9.3  -0.01172903361621614  -5.783471744403711e-05
9.32  -0.01172870351228771  -5.719416513447656e-05
9.34  -0.011728357452335136  -5.655522493192456e-05
9.36  -0.01172799700691455  -5.5918488884273466e-05
9.38  -0.011727623979706059  -5.5284544736776745e-05
9.4  -0.01172724037386333  -5.465397049448604e-05
9.42  -0.011726848357210863  -5.402732922180553e-05
9.44  -0.01172645022678035  -5.340516413605438e-05
9.46  -0.011726048373191767  -5.2787994034592263e-05
9.48  -0.011725645245357321  -5.2176309120634604e-05
9.5  -0.011725243315950054  -5.157056724314327e-05
9.52  -0.011724845047976782  -5.097119056420143e-05
9.540000000000001  -0.011724452862685569  -5.0378562599802856e-05
9.56  -0.011724069108888565  -4.979302582956512e-05
9.58  -0.01172369603395635  -4.921488033425884e-05
9.6  -0.011723335757047678  -4.864438358485152e-05
9.620000000000001  -0.011722990245367855  -4.8081750589256224e-05
9.64  -0.011722661294119727  -4.752715382672968e-05
9.66  -0.011722350510305558  -4.6980723051759e-05
9.68  -0.01172205930005299  -4.6442545269512376e-05
9.700000000000001  -0.01172178885902661  -4.591266514276612e-05
9.72  -0.011721540165663628  -4.5391085962591306e-05
9.74  -0.011721313977151175  -4.487777121981048e-05
9.76  -0.011721110828184085  -4.4372646699528226e-05
9.78  -0.011720931032501115  -4.3875603032833706e-05
9.8  -0.011720774687167968  -4.3386498602671216e-05
9.82  -0.011720641679503953  -4.290516271688238e-05
9.84  -0.011720531696474187  -4.243139899006836e-05
9.86  -0.011720444236359064  -4.196498887856494e-05
9.88  -0.011720378622435537  -4.15056953027236e-05
9.9  -0.011720334018422353  -4.105326634241155e-05
9.92  -0.011720309445401273  -4.0607438938922494e-05
9.94  -0.01172030379993655  -4.016794258917411e-05
9.96  -0.01172031587310255  -3.9734502971770064e-05
9.98  -0.011720344370129577  -3.930684548435616e-05
10.0  -0.011720387930388026  -3.8884698641246244e-05
10.02  -0.011720445147439884  -3.846779730771625e-05
10.040000000000001  -0.01172051458888122  -3.805588572833616e-05
10.06  -0.011720594815742934  -3.764872031798293e-05
10.08  -0.011720684401185474  -3.724607220134842e-05
10.1  -0.01172078194829267  -3.684772945464925e-05
10.120000000000001  -0.011720886106753065  -3.6453499055213914e-05
10.14  -0.011720995588256969  -3.6063208500396876e-05
10.16  -0.011721109180445301  -3.56767071056581e-05
10.18  -0.011721225759292273  -3.5293866957607635e-05
10.200000000000001  -0.011721344299799572  -3.491458353331296e-05
10.22  -0.011721463884946753  -3.453877598692378e-05
10.24  -0.01172158371281887  -3.41663871053529e-05
10.26  -0.011721703101899758  -3.3797382944798933e-05
10.28  -0.011721821494523874  -3.3431752172385085e-05
10.3  -0.011721938458507707  -3.306950511495918e-05
10.32  -0.011722053687000246  -3.271067255585793e-05
10.34  -0.011722166996629793  -3.235530428599844e-05
10.36  -0.011722278324032644  -3.2003467447312586e-05
10.38  -0.011722387720851792  -3.165524468863389e-05
10.4  -0.011722495347358246  -3.131073217172461e-05
10.42  -0.011722601464807431  -3.09700374508153e-05
10.44  -0.011722706426682966  -3.063327725867502e-05
10.46  -0.011722810668994903  -3.0300575227089842e-05
10.48  -0.011722914699797055  -2.9972059583942506e-05
10.5  -0.011723019088082678  -2.964786084045306e-05
10.52  -0.01172312445224643  -2.9328109503745875e-05
10.540000000000001  -0.011723231448277124  -2.9012933840049803e-05
10.56  -0.011723340757860497  -2.870245772309025e-05
10.58  -0.011723453076553186  -2.8396798570374843e-05
10.6  -0.01172356910218786  -2.8096065397604456e-05
10.620000000000001  -0.011723689523674021  -2.7800357013507107e-05
10.64  -0.011723815010325047  -2.7509760352225623e-05
10.66  -0.011723946201847697  -2.722434897999514e-05
10.68  -0.011724083699104177  -2.6944181762057924e-05
10.700000000000001  -0.011724228055756819  -2.6669301717151695e-05
10.72  -0.011724379770856554  -2.6399735065908128e-05
10.74  -0.011724539282452272  -2.613549050387411e-05
10.76  -0.011724706962231862  -2.587655872157246e-05
10.78  -0.011724883111204416  -2.562291224136317e-05
10.8  -0.011725067956376548  -2.537450564597105e-05
10.82  -0.011725261648358073  -2.5131276341624727e-05
10.84  -0.011725464259773504  -2.48931460020355e-05
10.86  -0.011725675784388202  -2.466002291280552e-05
10.88  -0.011725896136813307  -2.4431805381914368e-05
10.9  -0.011726125152807774  -2.420838628650003e-05
10.92  -0.01172636259029571  -2.3989658633817167e-05
10.94  -0.011726608131405403  -2.3775521625146636e-05
10.96  -0.01172686138599334  -2.3565886382484144e-05
10.98  -0.011727121897084948  -2.3360680251968355e-05
11.0  -0.01172738914846072  -2.3159848682134958e-05
11.02  -0.011727662574201565  -2.2963354146250984e-05
11.040000000000001  -0.011727941569592788  -2.2771172298139666e-05
11.06  -0.01172822550255092  -2.2583286213271356e-05
11.08  -0.01172851372474062  -2.239967989037272e-05
11.1  -0.011728805581770915  -2.2220332149156148e-05
11.120000000000001  -0.01172910042218666  -2.2045211741309812e-05
11.14  -0.011729397605219264  -2.1874274034589794e-05
11.16  -0.011729696507414176  -2.170745929738776e-05
11.18  -0.011729996528321058  -2.1544692376282686e-05
11.200000000000001  -0.011730297095411676  -2.138588346314559e-05
11.22  -0.01173059766835793  -2.123092964633616e-05
11.24  -0.011730897742757729  -2.1079716968407406e-05
11.26  -0.01173119685334349  -2.0932122758921337e-05
11.28  -0.011731494576698278  -2.078801810730628e-05
11.3  -0.011731790533481088  -2.0647270331560137e-05
11.32  -0.011732084390151349  -2.0509745375467392e-05
11.34  -0.011732375860174473  -2.0375310063798415e-05
11.36  -0.011732664704714839  -2.0243834186388615e-05
11.38  -0.011732950732788443  -2.0115192368364042e-05
11.4  -0.01173323380090063  -1.9989265718112106e-05
11.42  -0.011733513812158782  -1.9865943236567344e-05
11.44  -0.011733790714875243  -1.9745122980063844e-05
11.46  -0.011734064500685391  -1.962671297221823e-05
11.48  -0.011734335202209702  -1.9510631873762658e-05
11.5  -0.011734602890289682  -1.9396809410951704e-05
11.52  -0.011734867670835012  -1.928518656863057e-05
11.540000000000001  -0.011735129681338585  -1.91757155759562e-05
11.56  -0.011735389087091652  -1.906835967676251e-05
11.58  -0.011735646077169683  -1.8963092719483663e-05
11.6  -0.011735900860230247  -1.8859898583851672e-05
11.620000000000001  -0.0117361536601902  -1.875877045437349e-05
11.64  -0.011736404711836377  -1.8659709974368167e-05
11.66  -0.011736654256427552  -1.8562726292978792e-05
11.68  -0.011736902537350609  -1.846783503481217e-05
11.700000000000001  -0.011737149795882081  -1.83750572085041e-05
11.72  -0.011737396267106775  -1.828441808332808e-05
11.74  -0.011737642176057096  -1.8195946040266292e-05
11.76  -0.011737887734095648  -1.8109671434996942e-05
11.78  -0.011738133135612804  -1.8025625478391212e-05
11.8  -0.011738378555045734  -1.7943839156344538e-05
11.82  -0.01173862414427297  -1.786434220639742e-05
11.84  -0.011738870030398887  -1.7787162152076987e-05
11.86  -0.01173911631394791  -1.771232342914075e-05
11.88  -0.011739363067488583  -1.7639846593321012e-05
11.9  -0.011739610334682763  -1.756974761687476e-05
11.92  -0.011739858129773073  -1.7502037304184613e-05
11.94  -0.011740106437493134  -1.743672079921075e-05
11.96  -0.011740355213394556  -1.7373797205993274e-05
11.98  -0.011740604384577785  -1.731325931558878e-05
12.0  -0.011740853850794684  -1.7255093450290566e-05
12.02  -0.011741103485903749  -1.719927940151204e-05
12.040000000000001  -0.011741353139652657  -1.7145790468330914e-05
12.06  -0.011741602639738127  -1.70945935986256e-05
12.08  -0.011741851794128972  -1.704564961671712e-05
12.1  -0.011742100393588535  -1.6998913531443636e-05
12.120000000000001  -0.01174234821437514  -1.6954334914166726e-05
12.14  -0.011742595021068537  -1.6911858352260947e-05
12.16  -0.011742840569480618  -1.687142394908223e-05
12.18  -0.011743084609615283  -1.683296786716661e-05
12.200000000000001  -0.011743326888624176  -1.679642291998806e-05
12.22  -0.011743567153725962  -1.676171917712406e-05
12.24  -0.011743805155051709  -1.672878459403279e-05
12.26  -0.011744040648373484  -1.6697545643112595e-05
12.280000000000001  -0.011744273397686862  -1.6667927952858266e-05
12.3  -0.01174450317761816  -1.6639856924007706e-05
12.32  -0.011744729775626378  -1.6613258331986186e-05
12.34  -0.011744952993977842  -1.6588058912295667e-05
12.36  -0.011745172651472454  -1.6564186899180376e-05
12.38  -0.01174538858491542  -1.6541572531978115e-05
12.4  -0.011745600650304635  -1.652014851883022e-05
12.42  -0.011745808723745912  -1.6499850454001607e-05
12.44  -0.011746012702082725  -1.6480617173016013e-05
12.46  -0.011746212503242568  -1.6462391068853535e-05
12.48  -0.01174640806631122  -1.6445118339419125e-05
12.5  -0.011746599351326516  -1.6428749182898416e-05
12.52  -0.01174678633882933  -1.6413237939627426e-05
12.540000000000001  -0.011746969029161572  -1.6398543167460433e-05
12.56  -0.011747147441549144  -1.6384627674010787e-05
12.58  -0.011747321612969208  -1.637145848696161e-05
12.6  -0.01174749159684933  -1.6359006779164927e-05
12.620000000000001  -0.011747657461599042  -1.634724774579458e-05
12.64  -0.011747819289012137  -1.6336160431580714e-05
12.66  -0.011747977172566489  -1.6325727526152255e-05
12.68  -0.011748131215637527  -1.6315935127277244e-05
12.700000000000001  -0.011748281529665554  -1.6306772462513824e-05
12.72  -0.011748428232291754  -1.6298231589271237e-05
12.74  -0.01174857144550019  -1.6290307088827208e-05
12.76  -0.011748711293781054  -1.6282995723501973e-05
12.780000000000001  -0.011748847902341222  -1.6276296093462267e-05
12.8  -0.011748981395389473  -1.6270208294242347e-05
12.82  -0.011749111894512165  -1.6264733562774698e-05
12.84  -0.011749239517156397  -1.6259873932602143e-05
12.86  -0.011749364375241968  -1.6255631899502897e-05
12.88  -0.011749486573911769  -1.6252010096525957e-05
12.9  -0.011749606210433618  -1.624901098420939e-05
12.92  -0.011749723373261526  -1.6246636567399412e-05
12.94  -0.011749838141264467  -1.624488812131651e-05
12.96  -0.011749950583127014  -1.624376595544153e-05
12.98  -0.011750060756915974  -1.624326919864085e-05
13.0  -0.011750168709826177  -1.6243395610966824e-05
13.02  -0.011750274478087411  -1.6244141432457924e-05
13.040000000000001  -0.011750378087032658  -1.624550125196362e-05
13.06  -0.011750479551328373  -1.6247467916198242e-05
13.08  -0.011750578875340083  -1.6250032466172154e-05
13.1  -0.011750676053642325  -1.625318409976661e-05
13.120000000000001  -0.011750771071639177  -1.6256910175975036e-05
13.14  -0.011750863906305736  -1.6261196231386174e-05
13.16  -0.011750954527014579  -1.6266026035306855e-05
13.18  -0.01175104289644251  -1.6271381663249013e-05
13.200000000000001  -0.011751128971546586  -1.627724360026982e-05
13.22  -0.011751212704579784  -1.6283590857907434e-05
13.24  -0.011751294044141887  -1.6290401114462522e-05
13.26  -0.011751372936248583  -1.6297650869998926e-05
13.280000000000001  -0.01175144932539884  -1.6305315611465443e-05
13.3  -0.011751523155626418  -1.631336999366543e-05
13.32  -0.011751594371528569  -1.6321788020250095e-05
13.34  -0.011751662919250363  -1.6330543243015894e-05
13.36  -0.011751728747419143  -1.6339608950169512e-05
13.38  -0.011751791808011822  -1.6348958359483094e-05
13.4  -0.011751852057158983  -1.6358564811101272e-05
13.42  -0.011751909455858939  -1.6368401949176474e-05
13.44  -0.011751963970606794  -1.637844390801267e-05
13.46  -0.011752015573938252  -1.638866547571809e-05
13.48  -0.01175206424487121  -1.639904225117023e-05
13.5  -0.01175210996925231  -1.640955079274507e-05
13.52  -0.011752152740004965  -1.6420168748261087e-05
13.540000000000001  -0.011752192557280265  -1.643087497283052e-05
13.56  -0.011752229428511249  -1.644164962192674e-05
13.58  -0.01175226336837416  -1.645247423932042e-05
13.6  -0.011752294398661555  -1.646333181983472e-05
13.620000000000001  -0.011752322548073686  -1.6474206856743694e-05
13.64  -0.011752347851928826  -1.6485085366993208e-05
13.66  -0.01175237035180824  -1.649595491100736e-05
13.68  -0.011752390095133127  -1.6506804577877366e-05
13.700000000000001  -0.011752407134694278  -1.65176249640933e-05
13.72  -0.01175242152812942  -1.6528408138531897e-05
13.74  -0.011752433337362206  -1.653914758666309e-05
13.76  -0.011752442628021368  -1.6549838146279303e-05
13.780000000000001  -0.011752449468831186  -1.656047592322931e-05
13.8  -0.011752453930994246  -1.6571058202574e-05
13.82  -0.011752456087570922  -1.658158334786491e-05
13.84  -0.011752456012868524  -1.659205069413851e-05
13.86  -0.011752453781835426  -1.6602460433099092e-05
13.88  -0.01175244946948498  -1.6612813487758976e-05
13.9  -0.011752443150338148  -1.6623111392668208e-05
13.92  -0.011752434897906111  -1.6633356169810985e-05
13.94  -0.011752424784206404  -1.66435502027564e-05
13.96  -0.011752412879323125  -1.6653696110506468e-05
13.98  -0.01175239925101441  -1.6663796629507138e-05
14.0  -0.011752383964366633  -1.6673854494968254e-05
14.02  -0.01175236708150013  -1.668387233350261e-05
14.040000000000001  -0.011752348661335427  -1.66938525547813e-05
14.06  -0.01175232875939908  -1.670379725989316e-05
14.08  -0.01175230742769577  -1.6713708153154186e-05
14.1  -0.011752284714624191  -1.6723586462623645e-05
14.120000000000001  -0.011752260664947101  -1.673343287868131e-05
14.14  -0.011752235319813864  -1.6743247494751363e-05
14.16  -0.011752208716819314  -1.675302976455426e-05
14.18  -0.011752180890116499  -1.6762778468546488e-05
14.200000000000001  -0.011752151870559682  -1.677249169891045e-05
14.22  -0.011752121685893159  -1.678216684068305e-05
14.24  -0.011752090360960582  -1.6791800585098915e-05
14.26  -0.011752057917948405  -1.6801388935448888e-05
14.280000000000001  -0.011752024376652327  -1.681092723622435e-05
14.3  -0.011751989754754805  -1.6820410202582586e-05
14.32  -0.011751954068124154  -1.6829831971640612e-05
14.34  -0.01175191733111355  -1.6839186146892164e-05
14.36  -0.01175187955687349  -1.6848465861924746e-05
14.38  -0.011751840757656007  -1.6857663845748234e-05
14.4  -0.011751800945118497  -1.6866772495534646e-05
14.42  -0.011751760130622431  -1.6875783950127704e-05
14.44  -0.011751718325512289  -1.688469017280882e-05
14.46  -0.011751675541384517  -1.689348303308681e-05
14.48  -0.011751631790341763  -1.6902154388990696e-05
14.5  -0.011751587085219133  -1.6910696168058285e-05
14.52  -0.011751541439790876  -1.6919100452798645e-05
14.540000000000001  -0.011751494868958373  -1.692735955573341e-05
14.56  -0.011751447388905463  -1.693546610072457e-05
14.58  -0.011751399017227502  -1.6943413091970736e-05
14.6  -0.011751349773038981  -1.695119398102175e-05
14.620000000000001  -0.01175129967704754  -1.695880272865218e-05
14.64  -0.01175124875160816  -1.6966233861742783e-05
14.66  -0.011751197020736823  -1.6973482517560346e-05
14.68  -0.011751144510117795  -1.698054448381409e-05
14.700000000000001  -0.01175109124706876  -1.698741623503802e-05
14.72  -0.011751037260495385  -1.6994094948016185e-05
14.74  -0.011750982580814279  -1.7000578524598324e-05
14.76  -0.011750927239863655  -1.700686559227317e-05
14.780000000000001  -0.01175087127079149  -1.7012955501998547e-05
14.8  -0.011750814707929456  -1.7018848319922113e-05
14.82  -0.011750757586656162  -1.702454480661023e-05
14.84  -0.011750699943240985  -1.7030046393325885e-05
14.86  -0.011750641814692302  -1.7035355142443003e-05
14.88  -0.011750583238584918  -1.7040473710303527e-05
14.9  -0.011750524252892438  -1.7045405299634115e-05
14.92  -0.011750464895817919  -1.7050153606068845e-05
14.94  -0.01175040520561487  -1.7054722760373215e-05
14.96  -0.01175034522042626  -1.7059117270574477e-05
14.98  -0.011750284978114462  -1.7063341954270234e-05
15.0  -0.01175022451610507  -1.706740187227781e-05
15.02  -0.011750163871233302  -1.707130226327497e-05
15.040000000000001  -0.011750103079601719  -1.7075048472023184e-05
15.06  -0.011750042176453434  -1.7078645885078238e-05
15.08  -0.011749981196051348  -1.708209986350936e-05
15.1  -0.011749920171570165  -1.708541567336299e-05
15.120000000000001  -0.011749859135002656  -1.7088598431811927e-05
15.14  -0.01174979811708456  -1.7091653042570435e-05
15.16  -0.011749737147227442  -1.7094584144612993e-05
15.18  -0.011749676253469267  -1.7097396064415194e-05
15.200000000000001  -0.01174961546243737  -1.7100092767750386e-05
15.22  -0.011749554799330982  -1.710267782649411e-05
15.24  -0.01174949428791083  -1.71051543851131e-05
15.26  -0.011749433950504616  -1.710752513272044e-05
15.280000000000001  -0.011749373808028308  -1.7109792290265148e-05
15.3  -0.011749313880015492  -1.7111957592685803e-05
15.32  -0.011749254184662591  -1.7114022289313555e-05
15.34  -0.011749194738875195  -1.7115987141131154e-05
15.36  -0.011749135558332142  -1.7117852431337735e-05
15.38  -0.011749076657556569  -1.7119617980482877e-05
15.4  -0.011749018049986355  -1.712128316611191e-05
15.42  -0.01174895974806131  -1.7122846948762537e-05
15.44  -0.011748901763301747  -1.712430790288931e-05
15.46  -0.011748844106402302  -1.7125664256498706e-05
15.48  -0.011748786787319478  -1.7126913926685753e-05
15.5  -0.011748729815364133  -1.712805456596236e-05
15.52  -0.011748673199288254  -1.7129083610245902e-05
15.540000000000001  -0.011748616947380008  -1.7129998326369982e-05
15.56  -0.01174856106754444  -1.7130795855916563e-05
15.58  -0.011748505567388661  -1.713147328141133e-05
15.6  -0.011748450454300455  -1.713202766318267e-05
15.620000000000001  -0.01174839573552268  -1.713245609926312e-05
15.64  -0.01174834141821768  -1.7132755770968104e-05
15.66  -0.011748287509533115  -1.7132923992547186e-05
15.68  -0.011748234016652894  -1.713295825639063e-05
15.700000000000001  -0.01174818094684988  -1.7132856275966254e-05
15.72  -0.01174812830751937  -1.7132616029491793e-05
15.74  -0.01174807610621674  -1.7132235790851143e-05
15.76  -0.011748024350681136  -1.7131714161225094e-05
15.780000000000001  -0.011747973048854875  -1.7131050103428495e-05
15.8  -0.011747922208888767  -1.7130242958020205e-05
15.82  -0.011747871839148744  -1.7129292462590012e-05
15.84  -0.011747821948209563  -1.7128198767071042e-05
15.860000000000001  -0.011747772544844909  -1.7126962440529303e-05
15.88  -0.011747723638008321  -1.7125584472618466e-05
15.9  -0.011747675236809113  -1.7124066276263158e-05
15.92  -0.011747627350484284  -1.7122409672107764e-05
15.94  -0.011747579988362268  -1.7120616889220667e-05
15.96  -0.01174753315982854  -1.7118690537707684e-05
15.98  -0.011747486874278467  -1.7116633597054397e-05
16.0  -0.011747441141074344  -1.7114449383725475e-05
16.02  -0.011747395969499027  -1.711214153101039e-05
16.04  -0.011747351368704315  -1.7109713957902904e-05
16.06  -0.011747307347661749  -1.7107170832005047e-05
16.080000000000002  -0.011747263915112351  -1.7104516535883718e-05
16.1  -0.011747221079513391  -1.7101755631704287e-05
16.12  -0.011747178848992176  -1.709889282566036e-05
16.14  -0.011747137231300485  -1.7095932922128667e-05
16.16  -0.011747096233763469  -1.7092880789017207e-05
16.18  -0.011747055863243138  -1.7089741319585388e-05
16.2  -0.011747016126096011  -1.7086519391355044e-05
16.22  -0.011746977028141427  -1.7083219834152224e-05
16.240000000000002  -0.011746938574627653  -1.707984738985661e-05
16.26  -0.011746900770206771  -1.7076406680474382e-05
16.28  -0.011746863618915833  -1.7072902178699885e-05
16.3  -0.011746827124157535  -1.706933817659516e-05
16.32  -0.011746791288693107  -1.7065718765397542e-05
16.34  -0.01174675611463218  -1.7062047807081245e-05
16.36  -0.011746721603436577  -1.7058328916854716e-05
16.38  -0.011746687755922657  -1.7054565449675055e-05
16.4  -0.01174665457227283  -1.705076048579365e-05
16.42  -0.011746622052051653  -1.704691682544282e-05
16.44  -0.01174659019422162  -1.7043036979114655e-05
16.46  -0.011746558997172356  -1.7039123169799986e-05
16.48  -0.011746528458744682  -1.7035177331639812e-05
16.5  -0.011746498576262986  -1.703120111959974e-05
16.52  -0.011746469346572764  -1.7027195913852657e-05
16.54  -0.011746440766073497  -1.702316283609857e-05
16.56  -0.011746412830761005  -1.701910275654113e-05
16.580000000000002  -0.0117463855362696  -1.7015016316541975e-05
16.6  -0.011746358877911575  -1.7010903946620656e-05
16.62  -0.011746332850723414  -1.700676588087995e-05
16.64  -0.011746307449503831  -1.7002602185678178e-05
16.66  -0.011746282668858906  -1.699841277773116e-05
16.68  -0.011746258503247606  -1.6994197451604268e-05
16.7  -0.011746234947012402  -1.698995590015376e-05
16.72  -0.011746211994425867  -1.698568773923526e-05
16.740000000000002  -0.011746189639720218  -1.6981392535955135e-05
16.76  -0.011746167877119636  -1.697706982229676e-05
16.78  -0.011746146700874208  -1.6972719125486562e-05
16.8  -0.011746126105281501  -1.696833998445727e-05
16.82  -0.011746106084711468  -1.6963931969724748e-05
16.84  -0.011746086633626224  -1.6959494703463996e-05
16.86  -0.011746067746591198  -1.6955027872546477e-05
16.88  -0.011746049418288699  -1.6950531245677554e-05
16.9  -0.011746031643523258  -1.694600468317702e-05
16.92  -0.011746014417224757  -1.6941448150336908e-05
16.94  -0.011745997734446945  -1.6936861722606413e-05
16.96  -0.011745981590365545  -1.693224559705202e-05
16.98  -0.01174596598025969  -1.6927600087934065e-05
17.0  -0.011745950899512782  -1.69229256379729e-05
17.02  -0.0117459363435892  -1.6918222813150786e-05
17.04  -0.011745922308017425  -1.6913492301060505e-05
17.06  -0.011745908788370375  -1.6908734905142812e-05
17.080000000000002  -0.011745895780244799  -1.6903951543767795e-05
17.1  -0.011745883279233376  -1.6899143239627694e-05
17.12  -0.011745871280905276  -1.6894311108518116e-05
17.14  -0.011745859780774314  -1.6889456351820557e-05
17.16  -0.011745848774274491  -1.6884580243910587e-05
17.18  -0.011745838256736056  -1.6879684121395573e-05
17.2  -0.011745828223357888  -1.6874769369797365e-05
17.22  -0.011745818669180503  -1.686983740751153e-05
17.240000000000002  -0.011745809589069978  -1.686488967763658e-05
17.26  -0.011745800977686283  -1.6859927628778298e-05
17.28  -0.011745792829467878  -1.685495270465292e-05
17.3  -0.011745785138617359  -1.6849966332513778e-05
17.32  -0.011745777899080028  -1.684496990717873e-05
17.34  -0.011745771104534716  -1.683996478231848e-05
17.36  -0.011745764748386156  -1.683495225856819e-05
17.38  -0.01174575882375291  -1.682993357207327e-05
17.400000000000002  -0.01174575332346935  -1.6824909887839634e-05
17.42  -0.01174574824008174  -1.681988229076042e-05
17.44  -0.011745743565854817  -1.681485178041815e-05
17.46  -0.011745739292773998  -1.6809819263417043e-05
17.48  -0.01174573541255516  -1.680478555551488e-05
17.5  -0.01174573191665778  -1.679975137299102e-05
17.52  -0.011745728796298862  -1.6794717336280425e-05
17.54  -0.011745726042465984  -1.6789683969178784e-05
17.56  -0.011745723645940485  -1.6784651698972613e-05
17.580000000000002  -0.011745721597319566  -1.6779620863456807e-05
17.6  -0.011745719887033736  -1.677459171441477e-05
17.62  -0.011745718505374581  -1.676956442139805e-05
17.64  -0.0117457174425185  -1.676453907804669e-05
17.66  -0.011745716688551368  -1.6759515711364814e-05
17.68  -0.011745716233498283  -1.675449429174139e-05
17.7  -0.011745716067347263  -1.674947473578127e-05
17.72  -0.011745716180076936  -1.6744456921715864e-05
17.740000000000002  -0.011745716561681767  -1.6739440692142165e-05
17.76  -0.011745717202198781  -1.6734425872509966e-05
17.78  -0.011745718091729489  -1.6729412272188768e-05
17.8  -0.011745719220465398  -1.6724399700195763e-05
17.82  -0.011745720578709151  -1.6719387970350237e-05
17.84  -0.011745722156894508  -1.6714376913952173e-05
17.86  -0.011745723945604695  -1.6709366386517756e-05
17.88  -0.011745725935589625  -1.6704356273817503e-05
17.900000000000002  -0.011745728117779752  -1.669934650735228e-05
17.92  -0.011745730483301381  -1.6694337062434807e-05
17.94  -0.011745733023484268  -1.6689327965112224e-05
17.96  -0.011745735729872604  -1.6684319299994693e-05
17.98  -0.011745738594229949  -1.667931121295739e-05
18.0  -0.011745741608540446  -1.6674303910074674e-05
18.02  -0.011745744765014839  -1.666929766184095e-05
18.04  -0.011745748056087132  -1.6664292802567567e-05
18.06  -0.011745751474407309  -1.665928972741039e-05
18.080000000000002  -0.011745755012842394  -1.665428889480137e-05
18.1  -0.011745758664463068  -1.6649290820868455e-05
18.12  -0.011745762422536783  -1.664429607523037e-05
18.14  -0.011745766280516252  -1.663930528281426e-05
18.16  -0.01174577023202638  -1.663431911049369e-05
18.18  -0.01174577427085437  -1.662933827241414e-05
18.2  -0.011745778390929926  -1.6624363517330626e-05
18.22  -0.011745782586315218  -1.661939562365639e-05
18.240000000000002  -0.011745786851189067  -1.661443540058172e-05
18.26  -0.011745791179832706  -1.6609483671510235e-05
18.28  -0.011745795566614575  -1.6604541273369095e-05
18.3  -0.011745800005976557  -1.6599609050951336e-05
18.32  -0.011745804492418674  -1.6594687845514525e-05
18.34  -0.011745809020491382  -1.6589778491868747e-05
18.36  -0.011745813584776593  -1.65848818074427e-05
18.38  -0.011745818179882496  -1.6579998588249977e-05
18.400000000000002  -0.011745822800429179  -1.6575129602554284e-05
18.42  -0.011745827441045995  -1.657027558136701e-05
18.44  -0.011745832096355838  -1.6565437216427465e-05
18.46  -0.011745836760974918  -1.6560615151192724e-05
18.48  -0.011745841429506569  -1.655580997781623e-05
18.5  -0.011745846096536686  -1.655102223143914e-05
18.52  -0.0117458507566327  -1.654625238820147e-05
18.54  -0.011745855404339797  -1.6541500859793327e-05
18.56  -0.011745860034189483  -1.653676799075578e-05
18.580000000000002  -0.011745864640693162  -1.6532054059601343e-05
18.6  -0.011745869218348574  -1.652735927209814e-05
18.62  -0.011745873761649143  -1.652268376596132e-05
18.64  -0.011745878265081717  -1.6518027607439426e-05
18.66  -0.011745882723136486  -1.6513390791092963e-05
18.68  -0.0117458871303181  -1.6508773244973895e-05
18.7  -0.011745891481148974  -1.6504174827753433e-05
18.72  -0.011745895770181002  -1.6499595330851516e-05
18.740000000000002  -0.011745899992003282  -1.6495034482506582e-05
18.76  -0.011745904141254414  -1.6490491951419786e-05
18.78  -0.011745908212626884  -1.6485967349622824e-05
18.8  -0.011745912200883498  -1.6481460235084628e-05
18.82  -0.011745916100861698  -1.647697011553388e-05
18.84  -0.011745919907485539  -1.647249645594256e-05
18.86  -0.011745923615777157  -1.646803868029812e-05
18.88  -0.011745927220859667  -1.6463596178189967e-05
18.900000000000002  -0.011745930717971163  -1.6459168310800436e-05
18.92  -0.011745934102467817  -1.6454754416350627e-05
18.94  -0.011745937369835598  -1.6450353814646953e-05
18.96  -0.01174594051569257  -1.6445965813402747e-05
18.98  -0.011745943535794473  -1.6441589713201625e-05
19.0  -0.011745946426043007  -1.6437224815047443e-05
19.02  -0.011745949182486344  -1.643287042355358e-05
19.04  -0.011745951801322386  -1.642852585394803e-05
19.06  -0.011745954278901103  -1.642419043370013e-05
19.080000000000002  -0.011745956611721523  -1.6419863511547633e-05
19.1  -0.011745958796439113  -1.641554445875042e-05
19.12  -0.011745960829859906  -1.6411232674366186e-05
19.14  -0.011745962708938245  -1.6406927585225378e-05
19.16  -0.011745964430778714  -1.6402628655533063e-05
19.18  -0.011745965992626667  -1.6398335380178586e-05
19.2  -0.011745967391873419  -1.6394047295522946e-05
19.22  -0.01174596862604296  -1.638976397339031e-05
19.240000000000002  -0.011745969692795961  -1.638548502625397e-05
19.26  -0.011745970589919136  -1.638121010265109e-05
19.28  -0.01174597131532312  -1.6376938887669617e-05
19.3  -0.01174597186703515  -1.6372671107473967e-05
19.32  -0.011745972243196484  -1.636840651833869e-05
19.34  -0.01174597244205506  -1.6364144910425125e-05
19.36  -0.011745972461957684  -1.6359886102257403e-05
19.38  -0.011745972301347588  -1.6355629940293303e-05
19.400000000000002  -0.011745971958756398  -1.6351376294244956e-05
19.42  -0.011745971432800265  -1.634712505388077e-05
19.44  -0.011745970722171765  -1.634287612678172e-05
19.46  -0.011745969825638112  -1.6338629431882068e-05
19.48  -0.0117459687420342  -1.6334384904899196e-05
19.5  -0.011745967470256342  -1.633014248589754e-05
19.52  -0.011745966009262587  -1.632590212173482e-05
19.54  -0.01174596435806584  -1.6321663762831505e-05
19.56  -0.01174596251573111  -1.6317427361412385e-05
19.580000000000002  -0.011745960481374742  -1.6313192867932838e-05
19.6  -0.011745958254160142  -1.6308960231727824e-05
19.62  -0.011745955833296826  -1.63047293986505e-05
19.64  -0.011745953218043257  -1.6300500310966826e-05
19.66  -0.011745950407701763  -1.6296272906057136e-05
19.68  -0.011745947401619678  -1.6292047112094227e-05
19.7  -0.011745944199192435  -1.6287822857823846e-05
19.72  -0.011745940799863979  -1.6283600061955006e-05
19.740000000000002  -0.011745937203124394  -1.6279378641383612e-05
19.76  -0.011745933408516497  -1.6275158505076688e-05
19.78  -0.011745929415636805  -1.6270939563304957e-05
19.8  -0.011745925224138217  -1.6266721720714953e-05
19.82  -0.011745920833731459  -1.626250488063894e-05
19.84  -0.011745916244188678  -1.6258288948188624e-05
19.86  -0.01174591145535022  -1.625407382443327e-05
19.88  -0.01174590646712042  -1.6249859418836037e-05
19.900000000000002  -0.0117459012794781  -1.6245645639242174e-05
19.92  -0.011745895892475332  -1.6241432402068045e-05
19.94  -0.011745890306242516  -1.623721962716227e-05
19.96  -0.011745884520988285  -1.6233007243104545e-05
19.98  -0.011745878537007606  -1.6228795184215804e-05
20.0  -0.011745872354680529  -1.6224583397177748e-05
