0.02  -0.04670335430948595  6.882683724132757e-05
0.04  -0.08753612616403465  5.866568089107949e-05
0.06  -0.12375691135110452  3.816397488123127e-05
0.08  -0.15607665090933465  6.498017177518527e-06
0.1  -0.1849195404147314  -3.5689910487566624e-05
0.12  -0.21056395026446956  -8.721847925660421e-05
0.14  -0.23321655503926372  -0.0001465733485617111
0.16  -0.25304937692197266  -0.00021203327308308122
0.18  -0.270216817358411  -0.0002817547248312801
0.2  -0.2848626848330724  -0.00035384644819358744
0.22  -0.297122869103791  -0.0004264901101575906
0.24  -0.30712651369988214  -0.0004979175364015909
0.26  -0.31499668740855974  -0.0005664587752211942
0.28  -0.3208511108109443  -0.0006305976030844729
0.3  -0.3248032273672236  -0.0006889811824495753
0.32  -0.3269632885132249  -0.0007404246372196469
0.34  -0.32743961973030233  -0.0007839639489150344
0.36  -0.32633976720446434  -0.0008188173079459653
0.38  -0.3237714044603583  -0.0008443523201961938
0.4  -0.3198429786570221  -0.0008601476794531633
0.42  -0.3146641424195642  -0.00086597910935893
0.44  -0.30834590098989906  -0.0008617987317973263
0.46  -0.3010005092978065  -0.000847740537752138
0.48  -0.29274117053701937  -0.000824099181723142
0.5  -0.28368154476974994  -0.0007913097789855907
0.52  -0.2739351132763443  -0.0007499332659966094
0.54  -0.2636144571579214  -0.0007006308813048156
0.56  -0.2528304929199279  -0.0006441700560957468
0.58  -0.2416916573323495  -0.0005814067302163422
0.6  -0.23030310528529613  -0.0005132642649918266
0.62  -0.21876595924472628  -0.00044072519838782797
0.64  -0.20717660529809945  -0.0003648078201357494
0.66  -0.19562602760658593  -0.0002865392023205059
0.68  -0.18419924722663755  -0.00020692749259546787
0.7000000000000001  -0.17297484732173563  -0.00012695011288198595
0.72  -0.16202456987111225  -4.754714718142254e-05
0.74  -0.15141300480731607  3.0385315071268732e-05
0.76  -0.14119737120888087  0.0001060016026152802
0.78  -0.1314273910650581  0.00017851702947657867
0.8  -0.12214525227000315  0.0002472191677448827
0.8200000000000001  -0.11338564973502513  0.00031147535523386936
0.84  -0.10517589561912259  0.0003707368593763471
0.86  -0.09753610335129191  0.00042453705688450606
0.88  -0.09047945254574355  0.0004724824560726646
0.9  -0.08401252623457559  0.0005142506569124948
0.92  -0.07813569770146235  0.0005496036076945833
0.9400000000000001  -0.07284355060823663  0.0005783966730882038
0.96  -0.06812532009053704  0.0006005734344233943
0.98  -0.06396534976667025  0.0006161624544616712
1.0  -0.0603435750313334  0.000625273180764399
1.02  -0.05723602229223016  0.0006280881475850596
1.04  -0.05461531526341335  0.0006248561167538034
1.06  -0.05245118503804989  0.0006158855924985729
1.08  -0.0507109786300737  0.0006015379127598066
1.1  -0.04936016085089595  0.000582219808834977
1.12  -0.04836280459587311  0.0005583759928772991
1.1400000000000001  -0.04768206471903114  0.00053048233201842
1.16  -0.0472806314917637  0.0004990393098115564
1.18  -0.047121159931818285  0.00046456498728822285
1.2  -0.04716667077189855  0.0004275864103436063
1.22  -0.047380921129282154  0.00038862889239280496
1.24  -0.04772874910230206  0.0003482071395942734
1.26  -0.048176391393587314  0.00030682243429306575
1.28  -0.04869176281163848  0.0002649609101516588
1.3  -0.04924469659590777  0.00022309009530833683
1.32  -0.04980714977099324  0.00018165466348643474
1.34  -0.05035337483392473  0.0001410724310749078
1.36  -0.050860057462255366  0.0001017309613239637
1.3800000000000001  -0.0513064198389831  6.39848387048392e-05
1.4000000000000001  -0.051674289673199085  2.8153603455444143e-05
1.42  -0.051948135801937204  -5.479763653904292e-06
1.44  -0.05211507201939469  -3.6669974859305176e-05
1.46  -0.0521648311106042  -6.521023367068166e-05
1.48  -0.052089711089855203  -9.09325894642566e-05
1.5  -0.0518844956938304  -0.0001137077610240141
1.52  -0.05154635136228284  -0.00013344452684383085
1.54  -0.05107470310556399  -0.00015008885804144756
1.56  -0.05047109180468833  -0.00016362281934739818
1.58  -0.049739015740272466  -0.0001740631280248755
1.6  -0.048883759183175036  -0.00018145937608929369
1.62  -0.04791221057718687  -0.00018589210073988074
1.6400000000000001  -0.046832672730936525  -0.0001874709435410132
1.6600000000000001  -0.04565466764618267  -0.00018633308643893382
1.68  -0.0443887387589176  -0.0001826419769719101
1.7  -0.043046253265245624  -0.00017658606968350756
1.72  -0.04163920685462514  -0.00016837701274378936
1.74  -0.04018003262435565  -0.0001582466203561367
1.76  -0.03868141543725451  -0.0001464423080186881
1.78  -0.03715611289822494  -0.00013322135980171397
1.8  -0.03561678450278698  -0.00011884496060001815
1.82  -0.03407583090992135  -0.00010357291250253858
1.84  -0.0325452452974552  -8.76594741544475e-05
1.86  -0.031036478370905302  -7.135026966644201e-05
1.8800000000000001  -0.029560318080662368  -5.487998019609126e-05
1.9000000000000001  -0.028126784666508805  -3.8470528771945096e-05
1.92  -0.026745041343327565  -2.2329563334566517e-05
1.94  -0.02542332073111636  -6.64914021920575e-06
1.96  -0.0241688669692687  8.395423185460704e-06
1.98  -0.022987893308882745  2.2646522979073675e-05
2.0  -0.021885554833400586  3.596505449617558e-05
2.02  -0.02086593581377266  4.8230992551098186e-05
2.04  -0.0199320510638034  5.9343753046419144e-05
2.06  -0.019085860528825188  6.9222329042666e-05
2.08  -0.01832829622236227  7.780520142239698e-05
2.1  -0.017659300528822062  8.50500265003595e-05
2.12  -0.01707787480968107  9.093310717034174e-05
2.14  -0.016582137179076487  9.544866620667613e-05
2.16  -0.016169388260207695  9.860794685642211e-05
2.18  -0.01583618370026026  0.00010043816205981202
2.2  -0.01557841220468192  0.00010098131109307116
2.22  -0.015391377847754066  0.00010029288356472099
2.24  -0.015269885425409375  9.844047215414677e-05
2.2600000000000002  -0.01520832763932706  9.55023158564634e-05
2.2800000000000002  -0.015200772938552697  9.156579492924276e-05
2.3000000000000003  -0.015241052895391082  8.672589772977627e-05
2.32  -0.015322848054851608  8.10836784293308e-05
2.34  -0.015439771270674422  7.474472339850789e-05
2.36  -0.01558544762367007  6.781764335793384e-05
2.38  -0.015753590106555377  6.041260804669224e-05
2.4  -0.015938070352792735  5.263993935989661e-05
2.42  -0.01613298378440938  4.460877737615251e-05
2.44  -0.016332708653690683  3.64258320096975e-05
2.46  -0.016531958554375593  2.819423223969432e-05
2.48  -0.016725828078353815  2.0012485092598873e-05
2.5  -0.016909831392533548  1.1973557229816084e-05
2.52  -0.017079933607146193  4.1640920103969375e-06
2.54  -0.017232574902295825  -3.3362279762750614e-06
2.56  -0.017364687479084914  -1.0455172356766318e-05
2.58  -0.017473705515144263  -1.7128331378063217e-05
2.6  -0.017557568441138836  -2.329942781587903e-05
2.62  -0.017614717992482293  -2.8920683150038154e-05
2.64  -0.017644089525082236  -3.395331691212944e-05
2.66  -0.017645097888150735  -3.8368082989192716e-05
2.68  -0.017617617870732287  -4.214556811915968e-05
2.7  -0.01756195934366249  -4.527605771124341e-05
2.72  -0.01747883773662499  -4.7759038705739814e-05
2.74  -0.017369340827704024  -4.960253309962059e-05
2.7600000000000002  -0.017234892726412408  -5.082238746542439e-05
2.7800000000000002  -0.01707721570498403  -5.144155138662852e-05
2.8000000000000003  -0.016898290414327992  -5.148934109558043e-05
2.82  -0.016700315002109695  -5.100068377775002e-05
2.84  -0.01648566365966069  -5.001534429615527e-05
2.86  -0.016256845125591543  -4.8577140175515244e-05
2.88  -0.016016461660024208  -4.6733152466312987e-05
2.9  -0.015767168977727272  -4.453294094727974e-05
2.92  -0.015511637595151402  -4.202777243040971e-05
2.94  -0.015252516008463968  -3.926987083417249e-05
2.96  -0.01499239607784983  -3.631169731127174e-05
2.98  -0.014733780947931839  -3.320526828207751e-05
3.0  -0.01447905578635962  -3.0001518017642656e-05
3.02  -0.014230461573614314  -2.674971107270534e-05
3.04  -0.013990072127419307  -2.3496908939673493e-05
3.06  -0.013759774495203032  -2.0287494710280246e-05
3.08  -0.013541252798562886  -1.7162758515266367e-05
3.1  -0.013335975565429986  -1.4160545487217828e-05
3.12  -0.013145186539245568  -1.1314966954804483e-05
3.14  -0.012969898910510853  -8.656174795664928e-06
3.16  -0.01281089287494126  -6.210198062231963e-06
3.18  -0.012668716384520193  -3.998840346308827e-06
3.2  -0.012543688923362998  -2.0396356621581765e-06
3.22  -0.012435908109712308  -3.458600195293984e-07
3.24  -0.012345258898826261  1.0734046972741e-06
3.2600000000000002  -0.012271425139107915  2.2131583706093113e-06
3.2800000000000002  -0.012213903215595644  3.072326012533227e-06
3.3000000000000003  -0.012172017500888085  3.653561333772108e-06
3.3200000000000003  -0.012144937323731436  3.9630151968436775e-06
3.34  -0.012131695159709532  4.010073728968769e-06
3.36  -0.012131205746718554  3.8070708486681723e-06
3.38  -0.01214228583007304  3.368979901507063e-06
3.4  -0.012163674248182953  2.7130888636841513e-06
3.42  -0.012194052079679288  1.8586632035445263e-06
3.44  -0.012232062586522985  8.265994350745978e-07
3.46  -0.012276330703994282  -3.6092965171311735e-07
3.48  -0.012325481845236162  -1.6808381642474234e-06
3.5  -0.012378159803109638  -3.1094932992386973e-06
3.52  -0.012433043550480681  -4.623068120133652e-06
3.54  -0.012488862769110062  -6.197864096268112e-06
3.56  -0.012544411969906816  -7.810602420076302e-06
3.58  -0.012598563091151385  -9.438693204924682e-06
3.6  -0.01265027648046102  -1.1060487423418812e-05
3.62  -0.012698610188639435  -1.2655509733571033e-05
3.64  -0.012742727529255558  -1.420466820743917e-05
3.66  -0.012781902883657267  -1.5690437712049176e-05
3.68  -0.012815525755804729  -1.7097014752528398e-05
3.7  -0.012843103104444382  -1.8410442528536772e-05
3.72  -0.01286426000177494  -1.961870560549092e-05
3.74  -0.012878738687637621  -2.0711794302450716e-05
3.7600000000000002  -0.012886396106119753  -2.1681739438221927e-05
3.7800000000000002  -0.012887200027135306  -2.2522618485556524e-05
3.8000000000000003  -0.012881223869049538  -2.3230534506873013e-05
3.8200000000000003  -0.012868640349819264  -2.380356941207335e-05
3.84  -0.012849714103688969  -2.424171327909555e-05
3.86  -0.012824793408020018  -2.45467716214877e-05
3.88  -0.012794301170306777  -2.4722252715844858e-05
3.9  -0.012758725328680599  -2.4773237262722234e-05
3.92  -0.012718608820236921  -2.470623281803112e-05
3.94  -0.01267453927039776  -2.4529015594481295e-05
3.96  -0.012627138553482447  -2.4250462273008684e-05
3.98  -0.012577052369711156  -2.3880374511321418e-05
4.0  -0.012524939977345533  -2.3429298817893547e-05
4.0200000000000005  -0.012471464210577137  -2.290834441620235e-05
4.04  -0.012417281904393977  -2.232900160905048e-05
4.0600000000000005  -0.012363034837055602  -2.1702963068544092e-05
4.08  -0.012309341289212282  -2.10419502492633e-05
4.1  -0.012256788306251862  -2.0357546977769808e-05
4.12  -0.012205924737295596  -1.9661042026456995e-05
4.14  -0.012157255110706838  -1.8963282321918544e-05
4.16  -0.012111234392187344  -1.8274538240464712e-05
4.18  -0.012068263657859808  -1.7604382293041248e-05
4.2  -0.012028686701313376  -1.6961582273936277e-05
4.22  -0.01199278758045335  -1.6354009744073386e-05
4.24  -0.011960789097329602  -1.578856444863153e-05
4.26  -0.011932852191885099  -1.5271114996653987e-05
4.28  -0.011909076219076255  -1.4806455913417716e-05
4.3  -0.011889500068169375  -1.4398280912725637e-05
4.32  -0.01187410407338304  -1.4049172067442136e-05
4.34  -0.011862812656522278  -1.3760604389746831e-05
4.36  -0.011855497634892718  -1.3532965172398295e-05
4.38  -0.01185198212161507  -1.3365587332069202e-05
4.4  -0.011852044940537442  -1.3256795851817834e-05
4.42  -0.011855425474224558  -1.3203966307501886e-05
4.44  -0.011861828861024173  -1.320359436569787e-05
4.46  -0.011870931455934527  -1.3251375031943095e-05
4.48  -0.011882386469892734  -1.334229034574393e-05
4.5  -0.011895829703143554  -1.347070412584337e-05
4.5200000000000005  -0.011910885290438301  -1.3630462317973445e-05
4.54  -0.011927171378955267  -1.3814997424138413e-05
4.5600000000000005  -0.011944305663844279  -1.4017435472742134e-05
4.58  -0.011961910711243372  -1.4230703959326112e-05
4.6000000000000005  -0.011979619004196976  -1.4447639207796617e-05
4.62  -0.011997077653256312  -1.4661091631057248e-05
4.64  -0.012013952720344048  -1.4864027455628115e-05
4.66  -0.012029933111746766  -1.5049625537288632e-05
4.68  -0.012044734003687598  -1.5211368065763632e-05
4.7  -0.012058099771732785  -1.5343124050884005e-05
4.72  -0.01206980640316975  -1.5439224654998664e-05
4.74  -0.012079663379367778  -1.5494529595693103e-05
4.76  -0.012087515022853568  -1.5504483956096504e-05
4.78  -0.012093241311331257  -1.5465164935686245e-05
4.8  -0.012096758168048678  -1.537331821113919e-05
4.82  -0.012098017244679644  -1.522638375935358e-05
4.84  -0.012097005219177455  -1.5022511153505867e-05
4.86  -0.012093742636832477  -1.4760564506631003e-05
4.88  -0.012088282327883396  -1.4440117380305675e-05
4.9  -0.01208070743955757  -1.4061438085353855e-05
4.92  -0.012071129124199501  -1.3625465942374926e-05
4.94  -0.012059683928268127  -1.3133779140167068e-05
4.96  -0.012046530929327677  -1.258855494537433e-05
4.98  -0.012031848669822764  -1.1992523065609058e-05
5.0  -0.012015831937327328  -1.1348913042835999e-05
5.0200000000000005  -0.011998688441163453  -1.0661396604959837e-05
5.04  -0.011980635434833393  -9.934025925052324e-06
5.0600000000000005  -0.011961896332539367  -9.171168763238069e-06
5.08  -0.011942697366375665  -8.377441466922973e-06
5.1000000000000005  -0.011923264328413976  -7.55764080402388e-06
5.12  -0.011903819439126235  -6.716675580901315e-06
5.14  -0.011884578380295765  -5.8594989543559535e-06
5.16  -0.011865747526883458  -4.991042326697682e-06
5.18  -0.011847521408341742  -4.116151626851834e-06
5.2  -0.011830080425580008  -3.23952675352425e-06
5.22  -0.01181358884534244  -2.365664866914069e-06
5.24  -0.011798193089153981  -1.4988081376784176e-06
5.26  -0.011784020329363841  -6.428964970711572e-07
5.28  -0.011771177400144207  1.9847417329191307e-07
5.3  -0.011759750026745858  1.0220880392513903e-06
5.32  -0.011749802371840114  1.8251392360839835e-06
5.34  -0.011741376893530851  2.6052555169858043e-06
5.36  -0.011734494505549635  3.3605155441229035e-06
5.38  -0.01172915502642033  4.089459794430104e-06
5.4  -0.011725337900922547  4.7910951600163435e-06
5.42  -0.011723003174099163  5.46489338573773e-06
5.44  -0.011722092695358828  6.110783563508058e-06
5.46  -0.011722531527923567  6.729138971347365e-06
5.48  -0.0117242295369948  7.320758602821461e-06
5.5  -0.011727083128558566  7.886843797269441e-06
5.5200000000000005  -0.011730977109768531  8.428970411027245e-06
5.54  -0.011735786641211693  8.949057030059994e-06
5.5600000000000005  -0.011741379251271916  9.449329739297577e-06
5.58  -0.011747616883001629  9.932283987993426e-06
5.6000000000000005  -0.011754357944591  1.040064412916004e-05
5.62  -0.011761459335523998  1.0857321192046018e-05
5.64  -0.011768778421866391  1.1305369457205742e-05
5.66  -0.01177617493575752  1.1747942423543279e-05
5.68  -0.01178351277616764  1.2188248711035381e-05
5.7  -0.011790661690078176  1.2629508492385789e-05
5.72  -0.011797498815656976  1.307491097284172e-05
5.74  -0.011803910071495529  1.3527573492504782e-05
5.76  -0.011809791378650023  1.3990502776615771e-05
5.78  -0.011815049704968852  1.4466558843662352e-05
5.8  -0.011819603924011077  1.4958422018863731e-05
5.82  -0.01182338548366861  1.5468563438406156e-05
5.84  -0.011826338882410428  1.599921931217356e-05
5.86  -0.011828421953753738  1.6552369136954483e-05
5.88  -0.011829605962119497  1.7129717958872643e-05
5.9  -0.0118298755156385  1.7732682760824615e-05
5.92  -0.011829228303718665  1.8362382971756804e-05
5.94  -0.011827674669222084  1.901963510361922e-05
5.96  -0.011825237026966815  1.970495144136184e-05
5.98  -0.011821949141905878  2.0418542675948415e-05
6.0  -0.011817855281730377  2.1160324335825714e-05
6.0200000000000005  -0.011813009259825459  2.1929926787565e-05
6.04  -0.011807473385355994  2.272670856390079e-05
6.0600000000000005  -0.01180131733792884  2.3549772710876283e-05
6.08  -0.011794616984612656  2.439798585168496e-05
6.1000000000000005  -0.01178745315724378  2.5269999597676027e-05
6.12  -0.011779910407773576  2.6164273927780702e-05
6.140000000000001  -0.011772075759078043  2.707910219520163e-05
6.16  -0.011764037468035438  2.801263734594577e-05
6.18  -0.011755883816905217  2.896291897981656e-05
6.2  -0.011747701948030657  2.9927900886793347e-05
6.22  -0.011739576755793707  3.090547868714918e-05
6.24  -0.011731589848402606  3.189351722505902e-05
6.26  -0.011723818590749589  3.2889877402638205e-05
6.28  -0.011716335238025555  3.3892442125572095e-05
6.3  -0.011709206168250552  3.489914108915557e-05
6.32  -0.011702491220213992  3.590797414542281e-05
6.34  -0.011696243141718039  3.6917033022489825e-05
6.36  -0.01169050715133537  3.792452120089852e-05
6.38  -0.011685320615308734  3.892877178107376e-05
6.4  -0.011680712839583336  3.992826320933741e-05
6.42  -0.011676704975489078  4.0921632771133095e-05
6.44  -0.01167331003612742  4.1907687782222495e-05
6.46  -0.011670533019151504  4.2885414453491756e-05
6.48  -0.011668371130417222  4.385398443831098e-05
6.5  -0.011666814101829173  4.481275909524649e-05
6.5200000000000005  -0.011665844595737801  4.576129154598398e-05
6.54  -0.011665438687381848  4.66993266073657e-05
6.5600000000000005  -0.011665566416142959  4.762679874893694e-05
6.58  -0.011666192395834888  4.854382817690223e-05
6.6000000000000005  -0.01166727647379439  4.9450715234676914e-05
6.62  -0.011668774428279897  5.0347933234826776e-05
6.640000000000001  -0.011670638693510094  5.123611989743266e-05
6.66  -0.011672819101647011  5.211606748467665e-05
6.68  -0.011675263631121549  5.298871174299236e-05
6.7  -0.01167791915084847  5.385511963258927e-05
6.72  -0.011680732150170892  5.471647582690995e-05
6.74  -0.01168364944467953  5.557406780104285e-05
6.76  -0.011686618848470366  5.64292692508879e-05
6.78  -0.011689589803877305  5.728352146392091e-05
6.8  -0.011692513960285698  5.8138312147969424e-05
6.82  -0.011695345694391141  5.8995151139887335e-05
6.84  -0.011698042565215363  5.985554242427091e-05
6.86  -0.011700565698485094  6.072095196051855e-05
6.88  -0.011702880096695522  6.159277104481682e-05
6.9  -0.011704954873343046  6.24722753183052e-05
6.92  -0.0117067634125102  6.336058009244266e-05
6.94  -0.01170828345802136  6.425859340380665e-05
6.96  -0.011709497139683589  6.516696910074336e-05
6.98  -0.011710390947126958  6.608606310327215e-05
7.0  -0.011710955663814679  6.701589669431322e-05
7.0200000000000005  -0.011711186273644834  6.795613072228986e-05
7.04  -0.011711081849302439  6.890605379133031e-05
7.0600000000000005  -0.011710645425196606  6.986458569034013e-05
7.08  -0.01170988385055936  7.083029513308049e-05
7.1000000000000005  -0.011708807613327793  7.180142903160855e-05
7.12  -0.01170743062503411  7.277594980227076e-05
7.140000000000001  -0.01170576996064248  7.37515774083104e-05
7.16  -0.011703845552829852  7.472583374458654e-05
7.18  -0.011701679845186365  7.569608772003766e-05
7.2  -0.01169929741204494  7.665959993421345e-05
7.22  -0.011696724554005632  7.761356607378895e-05
7.24  -0.011693988878343248  7.855515823700164e-05
7.26  -0.011691118872824372  7.948156346632905e-05
7.28  -0.011688143480667908  8.039001895976671e-05
7.3  -0.011685091683550622  8.127784358551968e-05
7.32  -0.011681992098850492  8.214246549899032e-05
7.34  -0.011678872596711416  8.298144573552416e-05
7.36  -0.011675759941896926  8.37924977602092e-05
7.38  -0.01167267946489871  8.45735029948424e-05
7.4  -0.0116696547661626  8.532252245633913e-05
7.42  -0.011666707456809658  8.603780468698292e-05
7.44  -0.011663856938623008  8.671779022341604e-05
7.46  -0.011661120225544233  8.736111296818937e-05
7.48  -0.011658511808265382  8.796659879059613e-05
7.5  -0.011656043562866805  8.853326181223499e-05
7.5200000000000005  -0.011653724703754142  8.90602988143331e-05
7.54  -0.011651561780347267  8.954708221968851e-05
7.5600000000000005  -0.011649558716166217  8.999315209085094e-05
7.58  -0.011647716888108613  9.03982074612211e-05
7.6000000000000005  -0.011646035242883278  9.076209728041195e-05
7.62  -0.011644510446845188  9.108481111172874e-05
7.640000000000001  -0.011643137064839888  9.136646966826875e-05
7.66  -0.011641907763221028  9.160731519718254e-05
7.68  -0.0116408135318866  9.180770171101336e-05
7.7  -0.011639843920123202  9.196808503564096e-05
7.72  -0.011638987281094233  9.208901271975662e-05
7.74  -0.011638231020066987  9.217111382986036e-05
7.76  -0.011637561841805956  9.221508874668555e-05
7.78  -0.011636965993044764  9.22216990760455e-05
7.8  -0.011636429496428449  9.21917578387208e-05
7.82  -0.011635938372819935  9.212612008219413e-05
7.84  -0.011635478849437508  9.202567406658133e-05
7.86  -0.01163503755172084  9.189133314555848e-05
7.88  -0.011634601677342206  9.172402843152125e-05
7.9  -0.01163415915116027  9.152470229092393e-05
7.92  -0.011633698760339036  9.129430271258282e-05
7.94  -0.011633210269150778  9.103377850638866e-05
7.96  -0.011632684513339271  9.074407532255036e-05
7.98  -0.01163211347415704  9.042613240762919e-05
8.0  -0.011631490332458128  9.008088005266825e-05
8.02  -0.011630809503431044  8.970923755925671e-05
8.040000000000001  -0.011630066652800499  8.931211153903991e-05
8.06  -0.011629258695479861  8.889039420319222e-05
8.08  -0.011628383777815336  8.844496149864407e-05
8.1  -0.011627441244531325  8.797667143504008e-05
8.120000000000001  -0.01162643159148291  8.748636326373318e-05
8.14  -0.011625356405633414  8.69748574631733e-05
8.16  -0.011624218293952476  8.64429558878816e-05
8.18  -0.01162302080289844  8.589144165181218e-05
8.2  -0.011621768329985944  8.53210787816345e-05
8.22  -0.011620466028899762  8.47326118001011e-05
8.24  -0.011619119709647947  8.412676529932946e-05
8.26  -0.011617735735249973  8.350424354978416e-05
8.28  -0.01161632091644834  8.286573015100183e-05
8.3  -0.01161488240583294  8.221188773765157e-05
8.32  -0.011613427592747274  8.154335780910282e-05
8.34  -0.011611964000271473  8.086076064709146e-05
8.36  -0.011610499185440548  8.016469530390308e-05
8.38  -0.011609040643762152  7.945573969697682e-05
8.4  -0.011607595718997474  7.873445085039218e-05
8.42  -0.011606171519059762  7.800136529887162e-05
8.44  -0.011604774838760705  7.725699963414938e-05
8.46  -0.011603412090018136  7.650185122735844e-05
8.48  -0.011602089240020015  7.573639908906602e-05
8.5  -0.011600811757712718  7.496110488692159e-05
8.52  -0.011599584568867342  7.417641410212229e-05
8.540000000000001  -0.011598412019862399  7.338275730728772e-05
8.56  -0.011597297850210271  7.258055155127924e-05
8.58  -0.011596245173737838  7.177020183171397e-05
8.6  -0.011595256468256564  7.095210262645464e-05
8.620000000000001  -0.01159433357344361  7.012663945932436e-05
8.64  -0.01159347769657119  6.929419048280283e-05
8.66  -0.01159268942565279  6.845512803682402e-05
8.68  -0.011591968749509844  6.760982015654825e-05
8.700000000000001  -0.011591315084184857  6.675863201697309e-05
8.72  -0.01159072730509703  6.590192726884866e-05
8.74  -0.011590203784287649  6.50400692533647e-05
8.76  -0.011589742432072895  6.417342206143436e-05
8.78  -0.011589340742396328  6.330235144027602e-05
8.8  -0.011588995841171817  6.242722549221831e-05
8.82  -0.011588704536895745  6.154841519905003e-05
8.84  -0.01158846337281155  6.066629472344066e-05
8.86  -0.01158826867993577  5.978124151625352e-05
8.88  -0.011588116630253716  5.889363619944037e-05
8.9  -0.011588003289440842  5.8003862248822737e-05
8.92  -0.011587924668494322  5.711230548340518e-05
8.94  -0.01158787677368861  5.621935335791122e-05
8.96  -0.011587855654328478  5.532539408236153e-05
8.98  -0.011587857447818439  5.4430815592730294e-05
9.0  -0.011587878421607294  5.3536004372776904e-05
9.02  -0.011587915011638968  5.264134416309372e-05
9.040000000000001  -0.011587963856994558  5.17472145884529e-05
9.06  -0.011588021830455448  5.085398970527944e-05
9.08  -0.011588086064799715  4.9962036518154786e-05
9.1  -0.011588153974679976  4.907171348757098e-05
9.120000000000001  -0.011588223274008777  4.818336905130247e-05
9.14  -0.011588291988829245  4.729734019057538e-05
9.16  -0.011588358465695848  4.641395107172336e-05
9.18  -0.0115884213756554  4.553351178361668e-05
9.200000000000001  -0.01158847971396212  4.465631719393731e-05
9.22  -0.011588532795703103  4.378264595401979e-05
9.24  -0.011588580247568422  4.2912759656348336e-05
9.26  -0.011588621996010118  4.204690218546816e-05
9.28  -0.011588658252102325  4.1185299258965054e-05
9.3  -0.011588689493411537  4.032815818100639e-05
9.32  -0.011588716443238606  3.9475667844369566e-05
9.34  -0.011588740047580863  3.8627998978896846e-05
9.36  -0.01158876145021969  3.7785304716265165e-05
9.38  -0.011588781966294856  3.6947721520482206e-05
9.4  -0.01158880305478921  3.6115370585396926e-05
9.42  -0.011588826290296159  3.5288359864782686e-05
9.44  -0.011588853334469178  3.446678687684914e-05
9.46  -0.01158888590748447  3.365074233837288e-05
9.48  -0.011588925759854167  3.28403141398461e-05
9.5  -0.011588974644764069  3.2035589862012724e-05
9.52  -0.011589034291160684  3.123665458168136e-05
9.540000000000001  -0.011589106378031493  3.044358191164789e-05
9.56  -0.011589192510846093  2.9656423291374474e-05
9.58  -0.011589294201091609  2.8875206151481665e-05
9.6  -0.011589412848541711  2.8099943314628087e-05
9.620000000000001  -0.011589549724897945  2.7330643650552017e-05
9.64  -0.011589705958394422  2.6567316301236957e-05
9.66  -0.01158988252019804  2.5809969897166714e-05
9.68  -0.011590080213510412  2.5058610925350784e-05
9.700000000000001  -0.011590299665630115  2.4313243328857046e-05
9.72  -0.011590541322918604  2.3573869448049024e-05
9.74  -0.01159080544844399  2.284049173602304e-05
9.76  -0.01159109212216252  2.2113114742128e-05
9.78  -0.011591401243499843  2.1391747007887675e-05
9.8  -0.011591732536211992  2.0676402728863567e-05
9.82  -0.011592085555390097  1.9967103084801133e-05
9.84  -0.0115924596964488  1.9263877241328402e-05
9.86  -0.011592854205928376  1.856676302145388e-05
9.88  -0.011593268193909092  1.787580727591082e-05
9.9  -0.011593700647818546  1.719106596442929e-05
9.92  -0.011594150447415982  1.651260399314141e-05
9.94  -0.011594616380702815  1.5840494827902e-05
9.96  -0.011595097160528516  1.517481990462202e-05
9.98  -0.011595591441635907  1.4515667872522524e-05
10.0  -0.011596097837921822  1.3863133690258922e-05
10.02  -0.011596614939659546  1.3217317601345823e-05
10.040000000000001  -0.011597141330472828  1.2578324011068098e-05
10.06  -0.011597675603827427  1.1946260295688578e-05
10.08  -0.011598216378860344  1.1321235554464886e-05
10.1  -0.011598762315334504  1.0703359334643674e-05
10.120000000000001  -0.011599312127568179  1.0092740359889834e-05
10.14  -0.011599864597179148  9.489485252363685e-06
10.16  -0.011600418584526932  8.893697303155373e-06
10.18  -0.011600973038719662  8.305475287348984e-06
10.200000000000001  -0.011601527006127332  7.724912347861887e-06
10.22  -0.011602079637319917  7.152094952008999e-06
10.24  -0.011602630192397285  6.587101951729946e-06
10.26  -0.011603178044685488  6.03000374727725e-06
10.28  -0.011603722682818398  5.48086155832705e-06
10.3  -0.011604263711205017  4.939726830813988e-06
10.32  -0.01160480084895912  4.406640754178921e-06
10.34  -0.011605333927325597  3.881633923333652e-06
10.36  -0.011605862885705958  3.364726127270078e-06
10.38  -0.011606387766375521  2.8559262714635144e-06
10.4  -0.011606908708005136  2.3552324259990204e-06
10.42  -0.011607425938111628  1.8626320010356966e-06
10.44  -0.011607939764575057  1.3781020438150882e-06
10.46  -0.011608450566365018  9.016096418600354e-07
10.48  -0.011608958783626635  4.33112433548136e-07
10.5  -0.011609464907277  -2.7440788457917115e-08
10.52  -0.011609969468281633  -4.801093998282489e-07
10.540000000000001  -0.011610473026738143  -9.249601852177598e-07
10.56  -0.011610976160961066  -1.3620665292766402e-06
10.58  -0.011611479456668846  -1.7915075653645858e-06
10.6  -0.011611983496453728  -2.213367289124015e-06
10.620000000000001  -0.011612488849653452  -2.6277336552965624e-06
10.64  -0.011612996062746014  -3.0346976710435075e-06
10.66  -0.011613505650385611  -3.434352496867058e-06
10.68  -0.011614018087180645  -3.8267925642475895e-06
10.700000000000001  -0.011614533800304264  -4.212112737292883e-06
10.72  -0.011615053163000842  -4.590407498539532e-06
10.74  -0.011615576489061183  -4.96177018897043e-06
10.76  -0.011616104028298284  -5.326292327523295e-06
10.78  -0.01161663596305988  -5.684062966133984e-06
10.8  -0.011617172405794515  -6.035168137812964e-06
10.82  -0.011617713397663506  -6.379690377944958e-06
10.84  -0.011618258908206537  -6.7177083292226385e-06
10.86  -0.011618808836027122  -7.04929643165008e-06
10.88  -0.011619363010486246  -7.374524711041585e-06
10.9  -0.011619921194372964  -7.693458657218456e-06
10.92  -0.01162048308751371  -8.006159207759624e-06
10.94  -0.011621048331271512  -8.312682816384229e-06
10.96  -0.01162161651387666  -8.613081607486645e-06
10.98  -0.011622187176493604  -8.907403598235508e-06
11.0  -0.01162275981986878  -9.195692959261027e-06
11.02  -0.011623333911432223  -9.47799029953788e-06
11.040000000000001  -0.011623908892648652  -9.754332972683607e-06
11.06  -0.011624484186462353  -1.0024755391443432e-05
11.08  -0.011625059204692215  -1.028928937794318e-05
11.1  -0.011625633355258125  -1.0547964559016012e-05
11.120000000000001  -0.011626206049162003  -1.080080880923388e-05
11.14  -0.011626776707156634  -1.104784874470427e-05
11.16  -0.011627344766055194  -1.1289110261507112e-05
11.18  -0.011627909684613483  -1.152461909368301e-05
11.200000000000001  -0.011628470948960579  -1.1754401369616738e-05
11.22  -0.011629028077503867  -1.197848416165982e-05
11.24  -0.011629580625285699  -1.2196895976000982e-05
11.26  -0.011630128187738781  -1.2409667212674822e-05
11.28  -0.011630670403809374  -1.2616830555213542e-05
11.3  -0.011631206958433808  -1.2818421306468118e-05
11.32  -0.011631737584341093  -1.301447766592585e-05
11.34  -0.011632262063191514  -1.3205040943021508e-05
11.36  -0.011632780226043927  -1.3390155732207138e-05
11.38  -0.011633291953177869  -1.3569870036055684e-05
11.4  -0.011633797173284062  -1.3744235345655611e-05
11.42  -0.011634295862054621  -1.391330669452286e-05
11.44  -0.011634788040218984  -1.4077142666397285e-05
11.46  -0.011635273771064842  -1.4235805384369684e-05
11.48  -0.011635753157482071  -1.4389360461454156e-05
11.5  -0.011636226338603922  -1.4537876928989127e-05
11.52  -0.011636693486089086  -1.4681427131315943e-05
11.540000000000001  -0.011637154800104363  -1.4820086604088291e-05
11.56  -0.01163761050508601  -1.4953933910582173e-05
11.58  -0.0116380608453217  -1.508305045766744e-05
11.6  -0.011638506080428573  -1.5207520281349462e-05
11.620000000000001  -0.011638946480796619  -1.5327429810279582e-05
11.64  -0.011639382323046989  -1.5442867598432068e-05
11.66  -0.011639813885567434  -1.5553924042679957e-05
11.68  -0.011640241444190298  -1.5660691065061427e-05
11.700000000000001  -0.011640665268057246  -1.5763261793991668e-05
11.72  -0.011641085615724153  -1.586173021949906e-05
11.74  -0.011641502731548202  -1.595619084175762e-05
11.76  -0.011641916842395654  -1.6046738318877473e-05
11.78  -0.011642328154711192  -1.6133467101791317e-05
11.8  -0.011642736851970883  -1.621647108662592e-05
11.82  -0.011643143092537951  -1.6295843267404898e-05
11.84  -0.011643547007942649  -1.6371675400189982e-05
11.86  -0.01164394870159784  -1.6444057694812856e-05
11.88  -0.011644348247948334  -1.6513078522362504e-05
11.9  -0.011644745692049145  -1.657882414734488e-05
11.92  -0.011645141049581082  -1.6641378498506048e-05
11.94  -0.011645534307265164  -1.67008229666225e-05
11.96  -0.011645925423683798  -1.675723623558882e-05
11.98  -0.011646314330458148  -1.6810694159022604e-05
12.0  -0.011646700933778412  -1.6861269666170646e-05
12.02  -0.011647085116245815  -1.6909032718148242e-05
12.040000000000001  -0.011647466738982487  -1.6954050292313514e-05
12.06  -0.011647845643988377  -1.699638641125263e-05
12.08  -0.0116482216566972  -1.7036102206191594e-05
12.1  -0.011648594588690771  -1.7073256016954155e-05
12.120000000000001  -0.01164896424052731  -1.7107903517668544e-05
12.14  -0.01164933040465205  -1.7140097882240956e-05
12.16  -0.011649692868338456  -1.716988996505281e-05
12.18  -0.011650051416621492  -1.7197328511535782e-05
12.200000000000001  -0.011650405835187302  -1.7222460380927668e-05
12.22  -0.011650755913179305  -1.7245330784999694e-05
12.24  -0.011651101445881658  -1.7265983534984445e-05
12.26  -0.011651442237254901  -1.7284461298307935e-05
12.280000000000001  -0.01165177810229271  -1.7300805850222476e-05
12.3  -0.011652108869165033  -1.731505832299298e-05
12.32  -0.011652434381135123  -1.732725945242697e-05
12.34  -0.011652754498235943  -1.7337449808720192e-05
12.36  -0.011653069098670815  -1.734567002017681e-05
12.38  -0.011653378079951801  -1.7351960965766302e-05
12.4  -0.011653681359753457  -1.7356363965943594e-05
12.42  -0.011653978876486587  -1.7358920937618678e-05
12.44  -0.011654270589590315  -1.7359674529279106e-05
12.46  -0.011654556479545511  -1.735866823580288e-05
12.48  -0.011654836547630623  -1.7355946481589595e-05
12.5  -0.011655110815408275  -1.735155467658654e-05
12.52  -0.011655379323985965  -1.7345539256702813e-05
12.540000000000001  -0.01165564213304231  -1.7337947678809152e-05
12.56  -0.011655899319659619  -1.7328828410583452e-05
12.58  -0.011656150976972849  -1.731823088243703e-05
12.6  -0.01165639721266318  -1.7306205428807727e-05
12.620000000000001  -0.011656638147321067  -1.7292803197103794e-05
12.64  -0.011656873912700814  -1.7278076043257973e-05
12.66  -0.011657104649906557  -1.726207641815586e-05
12.68  -0.01165733050751532  -1.7244857225768477e-05
12.700000000000001  -0.011657551639683489  -1.722647168595203e-05
12.72  -0.011657768204253773  -1.7206973172220134e-05
12.74  -0.011657980360881249  -1.7186415058449776e-05
12.76  -0.011658188269220852  -1.7164850556987486e-05
12.780000000000001  -0.011658392087178657  -1.7142332552814218e-05
12.8  -0.011658591969260787  -1.7118913443525132e-05
12.82  -0.011658788065031787  -1.709464497757216e-05
12.84  -0.011658980517701707  -1.7069578112275264e-05
12.86  -0.01165916946285599  -1.7043762865068647e-05
12.88  -0.011659355027338048  -1.7017248181992837e-05
12.9  -0.01165953732830068  -1.699008181688089e-05
12.92  -0.0116597164724149  -1.6962310224624938e-05
12.94  -0.011659892555267785  -1.6933978470813225e-05
12.96  -0.01166006566092306  -1.6905130144537835e-05
12.98  -0.011660235861668082  -1.6875807305882914e-05
13.0  -0.011660403217917777  -1.6846050425356376e-05
13.02  -0.011660567778305483  -1.6815898361920926e-05
13.040000000000001  -0.011660729579910167  -1.6785388339118034e-05
13.06  -0.011660888648653599  -1.675455594936701e-05
13.08  -0.011661044999817401  -1.672343515950024e-05
13.1  -0.011661198638706039  -1.669205834049748e-05
13.120000000000001  -0.01166134956140507  -1.6660456305973522e-05
13.14  -0.01166149775565048  -1.6628658357899586e-05
13.16  -0.011661643201772529  -1.6596692348970433e-05
13.18  -0.011661785873711843  -1.656458475111721e-05
13.200000000000001  -0.011661925740081116  -1.653236073097887e-05
13.22  -0.011662062765264485  -1.6500044231906462e-05
13.24  -0.011662196910533117  -1.646765806086756e-05
13.26  -0.011662328135166449  -1.643522397437976e-05
13.280000000000001  -0.011662456397553797  -1.640276277889278e-05
13.3  -0.011662581656275465  -1.637029441194462e-05
13.32  -0.0116627038711387  -1.6337838039656065e-05
13.34  -0.011662823004161042  -1.630541214563835e-05
13.36  -0.011662939020490362  -1.627303461321824e-05
13.38  -0.011663051889249473  -1.624072281189578e-05
13.4  -0.011663161584297277  -1.620849367112647e-05
13.42  -0.011663268084900568  -1.6176363749918928e-05
13.44  -0.011663371376310456  -1.6144349307939453e-05
13.46  -0.01166347145023438  -1.611246635604578e-05
13.48  -0.011663568305215827  -1.6080730712056694e-05
13.5  -0.0116636619468999  -1.6049158043403365e-05
13.52  -0.011663752388201682  -1.6017763898910063e-05
13.540000000000001  -0.01166383964937347  -1.5986563741678887e-05
13.56  -0.011663923757969373  -1.595557296859868e-05
13.58  -0.011664004748722165  -1.5924806925495232e-05
13.6  -0.011664082663327873  -1.5894280910668662e-05
13.620000000000001  -0.011664157550146208  -1.586401017667936e-05
13.64  -0.011664229463827948  -1.5834009922571443e-05
13.66  -0.011664298464876509  -1.580429528524554e-05
13.68  -0.011664364619148448  -1.5774881323982084e-05
13.700000000000001  -0.01166442799730671  -1.574578299550519e-05
13.72  -0.011664488674223934  -1.5717015128929412e-05
13.74  -0.011664546728374647  -1.5688592402198398e-05
13.76  -0.011664602241177439  -1.566052930698959e-05
13.780000000000001  -0.011664655296349507  -1.5632840116906017e-05
13.8  -0.011664705979245559  -1.5605538855707963e-05
13.82  -0.011664754376200742  -1.5578639258192637e-05
13.84  -0.01166480057389313  -1.5552154737801026e-05
13.86  -0.011664844658723401  -1.5526098351599624e-05
13.88  -0.011664886716228146  -1.55004827631779e-05
13.9  -0.011664926830517262  -1.547532021199861e-05
13.92  -0.011664965083762796  -1.5450622481748407e-05
13.94  -0.011665001555730765  -1.542640086742847e-05
13.96  -0.011665036323360349  -1.540266615374493e-05
13.98  -0.011665069460394802  -1.5379428582860217e-05
14.0  -0.011665101037073824  -1.5356697839107307e-05
14.02  -0.011665131119874392  -1.5334483026306276e-05
14.040000000000001  -0.011665159771320408  -1.5312792648128088e-05
14.06  -0.011665187049839758  -1.529163460219356e-05
14.08  -0.01166521300968133  -1.5271016163863457e-05
14.1  -0.01166523770089135  -1.5250943982046032e-05
14.120000000000001  -0.011665261169333873  -1.5231424072450323e-05
14.14  -0.011665283456771085  -1.5212461821613465e-05
14.16  -0.011665304600981873  -1.5194061983596428e-05
14.18  -0.011665324635931971  -1.5176228686409482e-05
14.200000000000001  -0.011665343591974058  -1.5158965437276598e-05
14.22  -0.011665361496088312  -1.5142275134068196e-05
14.24  -0.011665378372150188  -1.5126160072281782e-05
14.26  -0.011665394241222569  -1.511062195999472e-05
14.280000000000001  -0.011665409121867362  -1.5095661931703423e-05
14.3  -0.011665423030476626  -1.508128056765132e-05
14.32  -0.011665435981603776  -1.5067477908236053e-05
14.34  -0.011665447988310092  -1.5054253473856076e-05
14.36  -0.011665459062503842  -1.5041606290691352e-05
14.38  -0.011665469215279748  -1.5029534907796288e-05
14.4  -0.011665478457243576  -1.5018037427913414e-05
14.42  -0.011665486798828747  -1.50071115250052e-05
14.44  -0.011665494250599116  -1.4996754476592831e-05
14.46  -0.01166550082351972  -1.4986963190427843e-05
14.48  -0.01166550652921838  -1.4977734227064404e-05
14.5  -0.011665511380216506  -1.4969063832932631e-05
14.52  -0.011665515390129114  -1.4960947964106199e-05
14.540000000000001  -0.011665518573843958  -1.4953382312290066e-05
14.56  -0.0116655209476685  -1.4946362340053742e-05
14.58  -0.01166552252944267  -1.4939883296847829e-05
14.6  -0.011665523338623626  -1.4933940253485816e-05
14.620000000000001  -0.011665523396346383  -1.4928528120718208e-05
14.64  -0.011665522725446274  -1.4923641678356466e-05
14.66  -0.011665521350454653  -1.491927559416355e-05
14.68  -0.011665519297575122  -1.4915424449013157e-05
14.700000000000001  -0.011665516594624791  -1.491208275352404e-05
14.72  -0.011665513270957082  -1.4909244969328638e-05
14.74  -0.011665509357361234  -1.4906905524494007e-05
14.76  -0.0116655048859422  -1.4905058830417324e-05
14.780000000000001  -0.011665499889987175  -1.4903699294632213e-05
14.8  -0.011665494403813292  -1.4902821331315799e-05
14.82  -0.011665488462604748  -1.490241937415754e-05
14.84  -0.011665482102246124  -1.4902487881738008e-05
14.86  -0.011665475359141381  -1.4903021342786509e-05
14.88  -0.011665468270034302  -1.4904014283889276e-05
14.9  -0.011665460871824507  -1.4905461265954584e-05
14.92  -0.011665453201389647  -1.4907356891331414e-05
14.94  -0.011665445295401568  -1.4909695792969697e-05
14.96  -0.011665437190160695  -1.4912472640710812e-05
14.98  -0.011665428921426326  -1.4915682128435498e-05
15.0  -0.011665420524262025  -1.4919318972572162e-05
15.02  -0.011665412032893972  -1.4923377902211225e-05
15.040000000000001  -0.011665403480574349  -1.4927853647717158e-05
15.06  -0.011665394899465335  -1.4932740935892554e-05
15.08  -0.011665386320532128  -1.4938034472076057e-05
15.1  -0.01166537777345231  -1.4943728934709748e-05
15.120000000000001  -0.011665369286546068  -1.4949818958701142e-05
15.14  -0.011665360886712661  -1.4956299127904518e-05
15.16  -0.011665352599390293  -1.4963163954028196e-05
15.18  -0.011665344448526613  -1.4970407874861924e-05
15.200000000000001  -0.01166533645656749  -1.4978025238816047e-05
15.22  -0.01166532864445939  -1.498601028833836e-05
15.24  -0.011665321031668207  -1.4994357157003028e-05
15.26  -0.011665313636204436  -1.5003059857824133e-05
15.280000000000001  -0.011665306474666404  -1.5012112274535004e-05
15.3  -0.011665299562297178  -1.5021508156869492e-05
15.32  -0.011665292913039728  -1.5031241116573904e-05
15.34  -0.01166528653961751  -1.5041304618129583e-05
15.36  -0.011665280453605261  -1.5051691983952156e-05
15.38  -0.011665274665516666  -1.5062396396063366e-05
15.4  -0.011665269184895648  -1.507341089240728e-05
15.42  -0.011665264020405783  -1.5084728375761947e-05
15.44  -0.011665259179925634  -1.5096341618904747e-05
15.46  -0.011665254670643834  -1.5108243272243718e-05
15.48  -0.01166525049915534  -1.512042587355542e-05
15.5  -0.011665246671550882  -1.5132881861702806e-05
15.52  -0.011665243193508281  -1.5145603589940173e-05
15.540000000000001  -0.011665240070376994  -1.5158583337905953e-05
15.56  -0.011665237307258599  -1.517181332846585e-05
15.58  -0.011665234909080224  -1.5185285748666399e-05
15.6  -0.011665232880663842  -1.519899276107746e-05
15.620000000000001  -0.011665231226787856  -1.5212926526820126e-05
15.64  -0.011665229952237262  -1.5227079219323845e-05
15.66  -0.011665229061851454  -1.5241443048726218e-05
15.68  -0.01166522856056307  -1.5256010275873418e-05
15.700000000000001  -0.011665228453423649  -1.5270773227515878e-05
15.72  -0.011665228745625006  -1.528572432071731e-05
15.74  -0.011665229442516706  -1.5300856071152598e-05
15.76  -0.011665230549608212  -1.5316161110655226e-05
15.780000000000001  -0.011665232072564846  -1.53316321981906e-05
15.8  -0.011665234017206105  -1.5347262236148243e-05
15.82  -0.0116652363894874  -1.5363044273432964e-05
15.84  -0.011665239195476653  -1.5378971516346674e-05
15.860000000000001  -0.011665242441335634  -1.5395037338592095e-05
15.88  -0.011665246133287569  -1.541123527821017e-05
15.9  -0.011665250277581102  -1.54275590444772e-05
15.92  -0.011665254880462304  -1.5444002517909204e-05
15.94  -0.011665259948129211  -1.546055974954377e-05
15.96  -0.011665265486695647  -1.547722495508154e-05
15.98  -0.01166527150215322  -1.5493992515022204e-05
16.0  -0.011665278000329  -1.5510856964428123e-05
16.02  -0.011665284986845678  -1.5527812989771413e-05
16.04  -0.011665292467084884  -1.5544855418810478e-05
16.06  -0.011665300446150047  -1.5561979211927996e-05
16.080000000000002  -0.011665308928830918  -1.5579179454918693e-05
16.1  -0.011665317919571812  -1.5596451345308558e-05
16.12  -0.011665327422443812  -1.56137901827654e-05
16.14  -0.011665337441113739  -1.563119136092022e-05
16.16  -0.01166534797882711  -1.5648650355027532e-05
16.18  -0.011665359038383977  -1.566616271178367e-05
16.2  -0.011665370622127602  -1.5683724038042634e-05
16.22  -0.011665382731929885  -1.5701329994354126e-05
16.240000000000002  -0.01166539536918191  -1.5718976281626736e-05
16.26  -0.011665408534793364  -1.5736658637003687e-05
16.28  -0.011665422229187396  -1.575437282238623e-05
16.3  -0.011665436452308647  -1.5772114620270412e-05
16.32  -0.011665451203626267  -1.5789879828668628e-05
16.34  -0.011665466482145458  -1.5807664254461392e-05
16.36  -0.01166548228641714  -1.582546370980278e-05
16.38  -0.011665498614557549  -1.584327401058731e-05
16.4  -0.011665515464264885  -1.5861090980168213e-05
16.42  -0.011665532832838159  -1.5878910436511052e-05
16.44  -0.011665550717203916  -1.589672820357464e-05
16.46  -0.011665569113936358  -1.591454010829588e-05
16.48  -0.011665588019284485  -1.593234198738093e-05
16.5  -0.011665607429198586  -1.5950129687496942e-05
16.52  -0.011665627339359236  -1.596789907072334e-05
16.54  -0.01166564774520353  -1.5985646017816922e-05
16.56  -0.011665668641953323  -1.6003366439599207e-05
16.580000000000002  -0.01166569002464437  -1.6021056279386277e-05
16.6  -0.011665711888149589  -1.603871152026199e-05
16.62  -0.011665734227210104  -1.6056328191520913e-05
16.64  -0.011665757036457825  -1.6073902379520736e-05
16.66  -0.011665780310440785  -1.609143022980982e-05
16.68  -0.011665804043644947  -1.6108907957409374e-05
16.7  -0.011665828230517076  -1.6126331853016354e-05
16.72  -0.011665852865478872  -1.6143698292152872e-05
16.740000000000002  -0.011665877942950088  -1.6161003745145304e-05
16.76  -0.011665903457355426  -1.617824478346866e-05
16.78  -0.011665929403141099  -1.619541808973963e-05
16.8  -0.011665955774783316  -1.621252047029776e-05
16.82  -0.011665982566793007  -1.6229548855988365e-05
16.84  -0.011666009773720273  -1.624650031217627e-05
16.86  -0.011666037390159046  -1.6263372040704372e-05
16.88  -0.011666065410743434  -1.628016137726233e-05
16.9  -0.011666093830146069  -1.629686580030895e-05
16.92  -0.011666122643078945  -1.6313482927394747e-05
16.94  -0.011666151844278286  -1.6330010516713586e-05
16.96  -0.011666181428506178  -1.634644646570483e-05
16.98  -0.011666211390536845  -1.6362788812948896e-05
17.0  -0.011666241725147023  -1.6379035733751692e-05
17.02  -0.011666272427111619  -1.639518553536094e-05
17.04  -0.011666303491187104  -1.6411236663242744e-05
17.06  -0.01166633491209974  -1.642718768538775e-05
17.080000000000002  -0.011666366684541804  -1.6443037296806368e-05
17.1  -0.011666398803150166  -1.6458784307532667e-05
17.12  -0.011666431262500405  -1.6474427641333686e-05
17.14  -0.011666464057092638  -1.6489966328162248e-05
17.16  -0.01166649718134137  -1.6505399495802533e-05
17.18  -0.011666530629567764  -1.6520726361765234e-05
17.2  -0.011666564395984166  -1.6535946226185327e-05
17.22  -0.011666598474685557  -1.6551058467584626e-05
17.240000000000002  -0.0116666328596449  -1.6566062525932542e-05
17.26  -0.011666667544704197  -1.6580957904277905e-05
17.28  -0.011666702523567829  -1.6595744154612496e-05
17.3  -0.01166673778979884  -1.6610420876528092e-05
17.32  -0.01166677333681337  -1.6624987703106337e-05
17.34  -0.011666809157884124  -1.6639444300571853e-05
17.36  -0.011666845246134021  -1.6653790358351836e-05
17.38  -0.011666881594541361  -1.6668025585434823e-05
17.400000000000002  -0.01166691819593903  -1.6682149705813515e-05
17.42  -0.011666955043024082  -1.6696162455202628e-05
17.44  -0.011666992128359564  -1.6710063574503972e-05
17.46  -0.011667029444380236  -1.6723852813237355e-05
17.48  -0.011667066983407559  -1.6737529922412767e-05
17.5  -0.011667104737653426  -1.675109465378721e-05
17.52  -0.011667142699233569  -1.6764546764814147e-05
17.54  -0.011667180860179384  -1.677788601432917e-05
17.56  -0.01166721921245279  -1.6791112159547975e-05
17.580000000000002  -0.011667257747955503  -1.6804224969119922e-05
17.6  -0.011667296458548075  -1.6817224214524902e-05
17.62  -0.011667335336063366  -1.6830109674618792e-05
17.64  -0.0116673743723196  -1.6842881143005713e-05
17.66  -0.011667413559137167  -1.685553842496729e-05
17.68  -0.01166745288835484  -1.686808134468106e-05
17.7  -0.011667492351842201  -1.6880509744143313e-05
17.72  -0.01166753194151484  -1.6892823491598656e-05
17.740000000000002  -0.011667571649348132  -1.6905022481693754e-05
17.76  -0.011667611467391698  -1.6917106638458075e-05
17.78  -0.011667651387779275  -1.6929075922727144e-05
17.8  -0.011667691402738828  -1.6940930332521697e-05
17.82  -0.011667731504604801  -1.695266990484073e-05
17.84  -0.011667771685825522  -1.6964294723437342e-05
17.86  -0.011667811938969921  -1.6975804917429874e-05
17.88  -0.01166785225673445  -1.69872006678712e-05
17.900000000000002  -0.011667892631947195  -1.6998482209737095e-05
17.92  -0.011667933057572511  -1.7009649834993337e-05
17.94  -0.01166797352671043  -1.702070389212793e-05
17.96  -0.011668014032599209  -1.703164478934142e-05
17.98  -0.011668054568614087  -1.7042473000113568e-05
18.0  -0.011668095128268885  -1.7053189062581455e-05
18.02  -0.011668135705211087  -1.70637935780268e-05
18.04  -0.011668176293217316  -1.7074287213717225e-05
18.06  -0.01166821688619388  -1.7084670703064106e-05
18.080000000000002  -0.011668257478166938  -1.709494484864138e-05
18.1  -0.011668298063280617  -1.7105110513110768e-05
18.12  -0.011668338635790759  -1.711516862607182e-05
18.14  -0.011668379190058356  -1.7125120175952194e-05
18.16  -0.011668419720541333  -1.7134966210737316e-05
18.18  -0.011668460221793233  -1.7144707835341525e-05
18.2  -0.011668500688450585  -1.7154346209036014e-05
18.22  -0.01166854111522651  -1.7163882533807154e-05
18.240000000000002  -0.011668581496911969  -1.717331806128417e-05
18.26  -0.01166862182836214  -1.7182654083925124e-05
18.28  -0.011668662104489627  -1.7191891926803958e-05
18.3  -0.011668702320262833  -1.7201032945893355e-05
18.32  -0.011668742470700473  -1.7210078520603247e-05
18.34  -0.011668782550862903  -1.7219030053504457e-05
18.36  -0.011668822555850163  -1.7227888959644967e-05
18.38  -0.011668862480801527  -1.7236656666080516e-05
18.400000000000002  -0.011668902320884508  -1.724533460363808e-05
18.42  -0.011668942071299024  -1.725392420408626e-05
18.44  -0.011668981727271672  -1.7262426896023778e-05
18.46  -0.011669021284058384  -1.7270844101332616e-05
18.48  -0.011669060736939102  -1.727917722727586e-05
18.5  -0.01166910008122472  -1.7287427671837234e-05
18.52  -0.011669139312250235  -1.7295596815906228e-05
18.54  -0.011669178425384074  -1.73036860195402e-05
18.56  -0.011669217416025881  -1.7311696625541538e-05
18.580000000000002  -0.011669256279611732  -1.7319629954485238e-05
18.6  -0.011669295011617318  -1.7327487305906217e-05
18.62  -0.011669333607561854  -1.7335269957439482e-05
18.64  -0.011669372063015318  -1.7342979165466967e-05
18.66  -0.011669410373605098  -1.7350616163700752e-05
18.68  -0.01166944853501553  -1.735818216972877e-05
18.7  -0.011669486543003002  -1.7365678378937694e-05
18.72  -0.011669524393396056  -1.737310597094751e-05
18.740000000000002  -0.01166956208210701  -1.7380466106680758e-05
18.76  -0.011669599605132844  -1.73877599381538e-05
18.78  -0.011669636958569037  -1.739498860153744e-05
18.8  -0.011669674138613764  -1.7402153220927395e-05
18.82  -0.011669711141571603  -1.7409254914123253e-05
18.84  -0.011669747963864035  -1.7416294787971022e-05
18.86  -0.011669784602034654  -1.742327394650369e-05
18.88  -0.011669821052750624  -1.7430193487309644e-05
18.900000000000002  -0.011669857312811694  -1.7437054502221667e-05
18.92  -0.011669893379153057  -1.7443858080818113e-05
18.94  -0.011669929248847823  -1.745060531262079e-05
18.96  -0.01166996491911217  -1.7457297280382242e-05
18.98  -0.011670000387303151  -1.7463935068220884e-05
19.0  -0.011670035650922363  -1.7470519760670383e-05
19.02  -0.011670070707617042  -1.747705243374133e-05
19.04  -0.011670105555174868  -1.748353416625235e-05
19.06  -0.01167014019152958  -1.748996602876765e-05
19.080000000000002  -0.011670174614752685  -1.749634909142746e-05
19.1  -0.01167020882304937  -1.750268441702964e-05
19.12  -0.011670242814761499  -1.7508973064175903e-05
19.14  -0.011670276588352888  -1.7515216082750228e-05
19.16  -0.01167031014241503  -1.752141451364308e-05
19.18  -0.011670343475653249  -1.7527569389091577e-05
19.2  -0.011670376586883021  -1.7533681732560564e-05
19.22  -0.011670409475022868  -1.753975255525239e-05
19.240000000000002  -0.01167044213908952  -1.7545782855612525e-05
19.26  -0.011670474578189052  -1.7551773620827428e-05
19.28  -0.011670506791510847  -1.75577258259457e-05
19.3  -0.011670538778318015  -1.7563640433004976e-05
19.32  -0.01167057053794571  -1.756951839306653e-05
19.34  -0.011670602069789131  -1.7575360642127958e-05
19.36  -0.011670633373300088  -1.7581168105278036e-05
19.38  -0.011670664447982372  -1.7586941698138512e-05
19.400000000000002  -0.011670695293383273  -1.7592682323526758e-05
19.42  -0.011670725909092275  -1.7598390875332335e-05
19.44  -0.01167075629473631  -1.7604068237731224e-05
19.46  -0.011670786449974917  -1.7609715288205647e-05
19.48  -0.011670816374496731  -1.7615332898390833e-05
19.5  -0.011670846068022461  -1.7620921929893034e-05
19.52  -0.011670875530298466  -1.762648324443836e-05
19.54  -0.011670904761096553  -1.763201769567897e-05
19.56  -0.011670933760218188  -1.76375261326756e-05
19.580000000000002  -0.011670962527488603  -1.764300940676781e-05
19.6  -0.011670991062762509  -1.7648468364002304e-05
19.62  -0.011671019365925506  -1.7653903847265114e-05
19.64  -0.011671047436892795  -1.7659316701435044e-05
19.66  -0.011671075275614276  -1.7664707765939253e-05
19.68  -0.011671102882074779  -1.7670077880411442e-05
19.7  -0.01167113025630211  -1.7675427884387735e-05
19.72  -0.011671157398362025  -1.768075861240993e-05
19.740000000000002  -0.011671184308367978  -1.768607089750536e-05
19.76  -0.011671210986483348  -1.7691365570213983e-05
19.78  -0.011671237432922654  -1.769664345592476e-05
19.8  -0.011671263647954278  -1.7701905380623404e-05
19.82  -0.01167128963190488  -1.770715215683124e-05
19.84  -0.011671315385162489  -1.7712384599427036e-05
19.86  -0.011671340908178451  -1.7717603512476478e-05
19.88  -0.011671366201469427  -1.772280969388455e-05
19.900000000000002  -0.01167139126562083  -1.7728003932932488e-05
19.92  -0.0116714161012886  -1.7733187010128928e-05
19.94  -0.011671440709198816  -1.7738359696787003e-05
19.96  -0.011671465090151484  -1.7743522754530713e-05
19.98  -0.011671489245019671  -1.7748676932420268e-05
20.0  -0.011671513174750738  -1.775382297173277e-05
