0.02  -0.030743654323299223  0.0013096879124489622
0.04  -0.07334872408031609  0.0027533520642274247
0.06  -0.11068508788747666  0.003384159522020313
0.08  -0.14363196362042743  0.0035167397764704947
0.1  -0.17274324244636124  0.003356657934872938
0.12  -0.19839628232670267  0.0030351323977848817
0.14  -0.2208741446793959  0.0026336405975042384
0.16  -0.24040898617397616  0.0022012878376984823
0.18  -0.25720386321460076  0.0017667866690694802
0.2  -0.271443429113927  0.0013462696873934666
0.22  -0.2832992352536418  0.0009483992997012108
0.24  -0.2929321503144133  0.0005774694611626378
0.26  -0.3004937019177928  0.00023539765833523857
0.28  -0.30612718778579234  -7.713918225570157e-05
0.3  -0.3099686386166169  -0.0003600798151358328
0.32  -0.31214770269679254  -0.0006136137306378675
0.34  -0.31278864890567937  -0.000838057012021144
0.36  -0.31201097445197334  -0.0010338346396729769
0.38  -0.30993019459742543  -0.0012014987375397889
0.4  -0.3066584194315529  -0.001341674405511019
0.42  -0.3023047647009317  -0.00145508891441019
0.44  -0.2969756200979012  -0.0015426023892218756
0.46  -0.2907747671673834  -0.0016052292501360596
0.48  -0.2838034044538373  -0.0016441507372590323
0.5  -0.27615999754820014  -0.001660695676843236
0.52  -0.26794005763951706  -0.001656339542757719
0.54  -0.259235941288726  -0.001632684762569931
0.56  -0.250136521723183  -0.0015914130985527667
0.58  -0.2407268716133673  -0.0015342788351564974
0.6  -0.2310879973405585  -0.0014630889665595622
0.62  -0.22129655257642974  -0.0013796869280395937
0.64  -0.2114245371703157  -0.0012859384929103425
0.66  -0.20153903130552628  -0.0011836854528777517
0.68  -0.19170200930577946  -0.0010747198345437193
0.7000000000000001  -0.18197022265860485  -0.0009607798247598795
0.72  -0.17239509597262254  -0.0008435149347390984
0.74  -0.1630226717981064  -0.0007244661231396115
0.76  -0.15389360915179612  -0.0006050627213076646
0.78  -0.14504322318860127  -0.00048661607323552094
0.8  -0.1365015766423802  -0.0003703199735747812
0.8200000000000001  -0.12829363300492885  -0.0002572551365702277
0.84  -0.12043945009915485  -0.0001483812804537664
0.86  -0.11295440346982386  -4.4534087243413195e-05
0.88  -0.10584943490526728  5.3562222809956276e-05
0.9  -0.09913132551377733  0.00014529118342594585
0.92  -0.09280298658822783  0.00023014319609050487
0.9400000000000001  -0.08686375938864707  0.0003077104334082212
0.96  -0.08130972771431785  0.00037768549454949413
0.98  -0.07613405004793657  0.0004398626534418109
1.0  -0.07132730856245362  0.0004941350239930406
1.02  -0.06687785561553745  0.0005404909158814771
1.04  -0.06277214828481958  0.0005790090798243039
1.06  -0.05899507015810908  0.0006098503998853048
1.08  -0.05553023913705801  0.000633248517856173
1.1  -0.052360299842592516  0.0006495029277096703
1.12  -0.0494671982667205  0.0006589734687210227
1.1400000000000001  -0.046832436267567945  0.0006620722951313953
1.16  -0.04443730660579938  0.0006592530115142627
1.18  -0.04226310844670135  0.0006509994663643811
1.2  -0.040291341885114865  0.0006378166910740697
1.22  -0.03850388108557122  0.0006202241899928628
1.24  -0.03688312574472873  0.0005987493923534247
1.26  -0.035412129963708634  0.0005739203036142929
1.28  -0.03407470888253421  0.0005462583058115067
1.3  -0.03285552448110603  0.0005162720012485131
1.32  -0.031740151813931174  0.0004844522524582735
1.34  -0.03071512682285342  0.0004512680374323448
1.36  -0.029767976959577325  0.00041716285902552774
1.3800000000000001  -0.02888723597425036  0.0003825517314307087
1.4000000000000001  -0.02806244432974951  0.0003478188682094367
1.42  -0.02728413674699401  0.00031331610668738566
1.44  -0.02654381839925528  0.0002793619834939432
1.46  -0.02583393136419261  0.00024624140128074265
1.48  -0.02514781293977046  0.00021420573629212756
1.5  -0.024479647417407657  0.00018347323576069138
1.52  -0.023824412856041834  0.0001542295988901228
1.54  -0.023177824289856815  0.0001266286753972576
1.56  -0.022536274675508977  0.00010079332716093789
1.58  -0.02189677478838157  7.681658000569685e-05
1.6  -0.021256893169538278  5.476306782925154e-05
1.62  -0.020614697099025754  3.467066700352348e-05
1.6400000000000001  -0.01996869547172528  1.6552281033580603e-05
1.6600000000000001  -0.019317784377316096  3.97728848669965e-07
1.68  -0.018661196099889962  -1.3824280035708823e-05
1.7  -0.017998452023515972  -2.6163957105278658e-05
1.72  -0.0173293195849928  -3.6687973652398326e-05
1.74  -0.016653773310518018  -4.54769114219187e-05
1.76  -0.015971960105841614  -5.2622784993130826e-05
1.78  -0.015284168936091646  -5.822663236110205e-05
1.8  -0.014590804856875132  -6.239616102906843e-05
1.82  -0.01389236723114911  -6.524349301256159e-05
1.84  -0.013189431888763405  -6.688306854721093e-05
1.86  -0.012482636924396145  -6.74297532416935e-05
1.8800000000000001  -0.011772671781888178  -6.699717176359896e-05
1.9000000000000001  -0.01106026923834309  -6.569627370811104e-05
1.92  -0.010346199874349059  -6.363412636728905e-05
1.94  -0.00963126859679656  -6.09129237886287e-05
1.96  -0.008916312772532282  -5.762919899445125e-05
1.98  -0.008202201537684207  -5.387322487825162e-05
2.0  -0.0074898358685298915  -4.9728589571257505e-05
2.02  -0.0067801490317633455  -4.527193400422899e-05
2.04  -0.00607410707032667  -4.0572841183713455e-05
2.06  -0.005372709022326562  -3.56938664228349e-05
2.08  -0.004676986612957213  -3.0690696402196156e-05
2.1  -0.003988003202972538  -2.5612425332488357e-05
2.12  -0.0033068518222414784  -2.0501936147051668e-05
2.14  -0.0026346521625434877  -1.539636994813586e-05
2.16  -0.001972546447750176  -1.0327663453290107e-05
2.18  -0.0013216941412150796  -5.323133487938208e-06
2.2  -0.0006832654919316193  -4.06087200131714e-07
2.22  -5.843396257748223e-05  4.403562800524166e-06
2.24  0.0005516323784314535  9.088697118174091e-06
2.2600000000000002  0.0011457803832461704  1.3634417502462071e-05
2.2800000000000002  0.0017228821204965604  1.802751571071729e-05
2.3000000000000003  0.0022818457658221247  2.2255992094175742e-05
2.32  0.0028216268914494458  2.6308631436741496e-05
2.34  0.003341239945741  3.0174643268778575e-05
2.36  0.003839769707539361  3.384337413050488e-05
2.38  0.004316382500876447  3.7304100082324854e-05
2.4  0.0047703369637476095  4.054590893432365e-05
2.42  0.005200994179346137  4.355768327626429e-05
2.44  0.0056078269968487405  4.632819597116773e-05
2.46  0.005990428386213586  4.884632612212221e-05
2.48  0.006348518679535349  5.11013904027981e-05
2.5  0.006681951540666694  5.308355648400324e-05
2.52  0.006990718471635416  5.478426225476933e-05
2.54  0.007274951624187308  5.619652419598111e-05
2.56  0.007534924681550351  5.7315018156233626e-05
2.58  0.007771051658379803  5.813588560021947e-05
2.6  0.007983883635092111  5.865633669373e-05
2.62  0.00817410362302248  5.887421923477556e-05
2.64  0.008342519855502563  5.8787747457042256e-05
2.66  0.0084900577686267  5.839553015972459e-05
2.68  0.008617750811001055  5.7696900958940196e-05
2.7  0.008726730139504014  5.6692385524515366e-05
2.72  0.008818213302478149  5.538410007994158e-05
2.74  0.008893492083874091  5.377600284555231e-05
2.7600000000000002  0.008953919688701267  5.187404273422722e-05
2.7800000000000002  0.0090008974246972  4.968626210574153e-05
2.8000000000000003  0.009035861022869856  4.72228709831391e-05
2.82  0.009060266746488297  4.4496287614365743e-05
2.84  0.009075577454933044  4.152114212951653e-05
2.86  0.009083248804500333  3.831424719300105e-05
2.88  0.009084715774612395  3.4894540527285686e-05
2.9  0.009081379703005814  3.1283000799304584e-05
2.92  0.009074596000219079  2.7502535336585115e-05
2.94  0.009065662695843368  2.35778374729786e-05
2.96  0.009055809949051483  1.953521220288823e-05
2.98  0.009046190635484067  1.540237009248522e-05
3.0  0.00903787210258792  1.1208190459520678e-05
3.02  0.009031829166140953  6.982455689373817e-06
3.04  0.00902893840139246  2.755559638563203e-06
3.06  0.009029973762581606  -1.4418057973985621e-06
3.08  0.009035603544440815  -5.578980850743731e-06
3.1  0.009046388678945692  -9.625679026533979e-06
3.12  0.009062782340669737  -1.355233307530774e-05
3.14  0.00908513081539266  -1.7330439524787034e-05
3.16  0.009113675569485544  -2.0932895526221574e-05
3.18  0.009148556442596274  -2.4334321947323335e-05
3.2  0.009189815873317051  -2.7511366800961486e-05
3.22  0.009237404056856191  -3.0442983569662122e-05
3.24  0.009291184924914573  -3.31106795457853e-05
3.2600000000000002  0.009350942831040291  -3.549873012433476e-05
3.2800000000000002  0.009416389819880844  -3.7594355784091756e-05
3.3000000000000003  0.00948717335611678  -3.9387859358499394e-05
3.3200000000000003  0.009562884388399978  -4.0872722079852574e-05
3.34  0.009643065625205307  -4.2045657710292257e-05
3.36  0.00972721990291664  -4.290662484663347e-05
3.38  0.009814818531259022  -4.345879830356189e-05
3.4  0.009905309507032055  -4.3708501315747644e-05
3.42  0.009998125494067263  -4.366510102839536e-05
3.44  0.010092691475996785  -4.334086959493816e-05
3.46  0.010188431999206934  -4.275081245417927e-05
3.48  0.010284777936705031  -4.191246595208222e-05
3.5  0.010381172718263148  -4.084566894740324e-05
3.52  0.01047707798321763  -3.957231229952628e-05
3.54  0.010571978619611701  -3.811606583018894e-05
3.56  0.010665387164322537  -3.6502082688621735e-05
3.58  0.010756847551353636  -3.475668584370609e-05
3.6  0.010845938205399405  -3.2907043683493334e-05
3.62  0.010932274486916908  -3.098084085142392e-05
3.64  0.01101551050443743  -2.900594894605235e-05
3.66  0.011095340318503129  -2.701010099566154e-05
3.68  0.01117149856900542  -2.502057361340889e-05
3.7  0.011243760564378395  -2.3063880825708303e-05
3.72  0.01131194187730501  -2.116548313704341e-05
3.74  0.011375897496743746  -1.9349514975829497e-05
3.7600000000000002  0.011435520589371794  -1.7638533723220455e-05
3.7800000000000002  0.011490740924883851  -1.6053294065805374e-05
3.8000000000000003  0.011541523019503327  -1.4612551519430875e-05
3.8200000000000003  0.011587864051238028  -1.3332898293786646e-05
3.84  0.011629791599023718  -1.2228633371173033e-05
3.86  0.011667361256016182  -1.1311667196919417e-05
3.88  0.011700654164701675  -1.0591460320453854e-05
3.9  0.01172977451816719  -1.0074994733611832e-05
3.92  0.011754847067851836  -9.766776492797823e-06
3.94  0.011776014673603539  -9.66886807663613e-06
3.96  0.011793435927029658  -9.780948820243055e-06
3.98  0.011807282874120344  -1.0100401667037279e-05
4.0  0.011817738858043134  -1.0622424249742929e-05
4.0200000000000005  0.01182499649797739  -1.1340162129785762e-05
4.04  0.011829255814926921  -1.2244861836905512e-05
4.0600000000000005  0.011830722510822435  -1.332604114799487e-05
4.08  0.011829606402849888  -1.457167385731712e-05
4.1  0.011826120011032244  -1.5968386076567085e-05
4.12  0.011820477293614087  -1.7501660903890108e-05
4.14  0.0118128925218674  -1.915604814154749e-05
4.16  0.011803579283402765  -2.091537585011664e-05
4.18  0.011792749601009712  -2.276296104331677e-05
4.2  0.011780613152363548  -2.4681817413005314e-05
4.22  0.011767376574888546  -2.665485846004061e-05
4.24  0.011753242839695779  -2.866509438014767e-05
4.26  0.011738410678876678  -3.069582078648269e-05
4.28  0.011723074051229215  -3.273079711398546e-05
4.3  0.011707421632666758  -3.475441264155581e-05
4.32  0.011691636319006393  -3.675183830612798e-05
4.34  0.011675894730569458  -3.870916292917156e-05
4.36  0.011660366710004678  -4.061351283542717e-05
4.38  0.011645214806917013  -4.2453154216283916e-05
4.4  0.0116305937452302  -4.421757783153814e-05
4.42  0.011616649871578625  -4.5897565953056864e-05
4.44  0.011603520585447905  -4.748524160975385e-05
4.46  0.011591333754091035  -4.897410042464985e-05
4.48  0.011580207117460693  -5.035902551583628e-05
4.5  0.01157024769043466  -5.163628608932571e-05
4.5200000000000005  0.011561551171348827  -5.280352049886306e-05
4.54  0.011554201367444866  -5.3859704700353966e-05
4.5600000000000005  0.01154826964898114  -5.480510712105297e-05
4.58  0.011543814444650385  -5.5641231086292725e-05
4.6000000000000005  0.011540880791485155  -5.637074600728506e-05
4.62  0.01153949995254622  -5.699740862374024e-05
4.64  0.011539689115526098  -5.752597561461015e-05
4.66  0.01154145118479606  -5.796210894842808e-05
4.68  0.011544774678549356  -5.8312275356458914e-05
4.7  0.011549633741431812  -5.858364130477493e-05
4.72  0.011555988281562235  -5.878396485077048e-05
4.74  0.011563784239017653  -5.892148573925722e-05
4.76  0.011572953990874182  -5.900481504615712e-05
4.78  0.011583416895707731  -5.904282563876106e-05
4.8  0.011595079978084755  -5.904454465957906e-05
4.82  0.011607838751261337  -5.901904914000126e-05
4.84  0.011621578173813176  -5.897536580390291e-05
4.86  0.011636173733528349  -5.892237600860922e-05
4.88  0.011651492649555544  -5.88687266708961e-05
4.9  0.011667395181554949  -5.882274793544935e-05
4.92  0.011683736032514862  -5.879237822887926e-05
4.94  0.01170036583003032  -5.8785097216260704e-05
4.96  0.011717132669175234  -5.880786706688999e-05
4.98  0.011733883698757237  -5.8867082349243355e-05
5.0  0.011750466731609378  -5.896852868886841e-05
5.0200000000000005  0.01176673185886648  -5.911735029178627e-05
5.04  0.011782533047691297  -5.931802625562039e-05
5.0600000000000005  0.011797729701867609  -5.957435553207585e-05
5.08  0.011812188164864772  -5.988945027647933e-05
5.1000000000000005  0.011825783145617509  -6.02657372505083e-05
5.12  0.011838399048127361  -6.0704966831434865e-05
5.14  0.011849931187236502  -6.12082291346811e-05
5.16  0.011860286874394941  -6.177597667338764e-05
5.18  0.011869386359059621  -6.240805293691713e-05
5.2  0.011877163613303699  -6.310372621284237e-05
5.22  0.011883566949463848  -6.386172796810351e-05
5.24  0.011888559462967227  -6.468029506121636e-05
5.26  0.011892119294974184  -6.555721507244422e-05
5.28  0.01189423971202719  -6.648987401749253e-05
5.3  0.011894929002467301  -6.74753057391933e-05
5.32  0.011894210191986988  -6.85102422880989e-05
5.34  0.0118921205832026  -6.959116462472447e-05
5.36  0.011888711126579628  -7.07143530380827e-05
5.38  0.011884045632360073  -7.18759366678372e-05
5.4  0.011878199835304058  -7.307194163143989e-05
5.42  0.011871260325998731  -7.429833724963581e-05
5.44  0.011863323364230242  -7.555107995284858e-05
5.46  0.011854493591411618  -7.682615448957082e-05
5.48  0.011844882660244273  -7.811961213880425e-05
5.5  0.011834607800756503  -7.942760565978949e-05
5.5200000000000005  0.011823790342477741  -8.07464207834095e-05
5.54  0.011812554212839133  -8.20725041106556e-05
5.5600000000000005  0.011801024431953813  -8.340248733690813e-05
5.58  0.011789325623624508  -8.473320775355723e-05
5.6000000000000005  0.011777580561912054  -8.606172506204276e-05
5.62  0.011765908771752112  -8.738533453457083e-05
5.64  0.011754425201025345  -8.870157664379446e-05
5.66  0.011743238980176264  -9.000824328734669e-05
5.68  0.011732452283921165  -9.13033807665576e-05
5.7  0.011722159307904087  -9.258528973320543e-05
5.72  0.01171244537125406  -9.385252230608771e-05
5.74  0.011703386154036165  -9.51038765994518e-05
5.76  0.011695047076490436  -9.633838891984708e-05
5.78  0.011687482824837985  -9.755532387388229e-05
5.8  0.011680737026260568  -9.87541626793993e-05
5.82  0.01167484207352432  -9.993458995358038e-05
5.84  0.011669819097620378  -0.00010109647926434393
5.86  0.011665678084773005  -0.00010223987772942832
5.88  0.011662418132221436  -0.00010336498993067053
5.9  0.011660027835427505  -0.00010447216136595411
5.92  0.011658485797674707  -0.00010556186162635224
5.94  0.011657761251557264  -0.000106634667505767
5.96  0.011657814780565096  -0.00010769124622210128
5.98  0.011658599127938056  -0.0001087323390206662
6.0  0.01166006007914268  -0.0001097587453782949
6.0200000000000005  0.01166213740372641  -0.00011077130801628946
6.04  0.011664765841918378  -0.00011177089884800175
6.0600000000000005  0.011667876121161987  -0.00011275840594487523
6.08  0.01167139598781655  -0.0001137347215641687
6.1000000000000005  0.011675251239523104  -0.00011470073123718958
6.12  0.011679366744207855  -0.00011565730392029
6.140000000000001  0.011683667432353495  -0.00011660528319191755
6.16  0.011688079250028828  -0.00011754547946350431
6.18  0.01169253006112279  -0.00011847866316992066
6.2  0.011696950488366883  -0.00011940555888306423
6.22  0.011701274683980838  -0.0001203268402994867
6.24  0.011705441022068254  -0.00012124312604034997
6.26  0.011709392706324049  -0.0001221549761849796
6.28  0.01171307828802142  -0.00012306288947676525
6.3  0.0117164520907308  -0.00012396730111320729
6.32  0.011719474539684294  -0.00012486858105072938
6.34  0.011722112395112562  -0.00012576703275450266
6.36  0.01172433889031967  -0.00012666289231580088
6.38  0.011726133776539568  -0.00012755632786908287
6.4  0.011727483277931477  -0.00012844743926209763
6.42  0.01172837996116668  -0.00012933625791079078
6.44  0.01172882252514532  -0.00013022274681004413
6.46  0.011728815517284498  -0.0001311068006610522
6.48  0.011728368983621774  -0.00013198824608652327
6.5  0.01172749806061173  -0.0001328668419279637
6.5200000000000005  0.011726222517031218  -0.00013374227959034183
6.54  0.011724566254706855  -0.00013461418346197187
6.5600000000000005  0.011722556777092368  -0.000135482111389862
6.58  0.0117202246346714  -0.00013634555522911275
6.6000000000000005  0.011717602856220241  -0.00013720394150139705
6.62  0.011714726374676767  -0.00013805663218997708
6.640000000000001  0.011711631456110504  -0.00013890292572723553
6.66  0.011708355139827384  -0.0001397420582066637
6.68  0.011704934697121978  -0.000140573204876883
6.7  0.01170140711560471  -0.00014139548195308968
6.72  0.011697808615294396  -0.0001422079487992198
6.74  0.01169417420197632  -0.00014300961054045352
6.76  0.011690537262516797  -0.00014379942118003828
6.78  0.011686929206039438  -0.00014457628729560098
6.8  0.011683379154040198  -0.00014533907242611716
6.82  0.011679913681715892  -0.00014608660225484866
6.84  0.011676556611930719  -0.0001468176707188427
6.86  0.011673328862452334  -0.00014753104721411262
6.88  0.011670248346252953  -0.00014822548507288473
6.9  0.011667329923834149  -0.0001488997315325518
6.92  0.011664585405738368  -0.00014955253937617963
6.94  0.011662023602502788  -0.00015018268036103103
6.96  0.011659650418468111  -0.00015078896047450658
6.98  0.011657468984991742  -0.00015137023684415243
7.0  0.011655479827823664  -0.00015192543599732512
7.0200000000000005  0.011653681062847997  -0.00015245357286149168
7.04  0.011652068614053435  -0.0001529537696791939
7.0600000000000005  0.011650636447654121  -0.00015342527385582203
7.08  0.011649376816595083  -0.00015386747367567564
7.1000000000000005  0.01164828051032555  -0.0001542799109825883
7.12  0.011647337105381125  -0.0001546622901234383
7.140000000000001  0.011646535213011651  -0.00015501448272412535
7.16  0.011645862720610318  -0.00015533652813473365
7.18  0.011645307024123513  -0.00015562862953341882
7.2  0.011644855248879926  -0.0001558911458647574
7.22  0.01164449445661667  -0.00015612457983964857
7.24  0.011644211836719945  -0.00015632956228702437
7.26  0.011643994880021278  -0.00015650683324665982
7.28  0.01164383153377483  -0.00015665722019628199
7.3  0.011643710336790021  -0.00015678161391718612
7.32  0.011643620534024051  -0.00015688094253237114
7.34  0.011643552170308078  -0.00015695614433102682
7.36  0.01164349616325162  -0.0001570081400645963
7.38  0.011643444355738407  -0.0001570378054267649
7.4  0.011643389548755182  -0.00015704594451795243
7.42  0.011643325515646365  -0.00015703326511851904
7.44  0.01164324699910628  -0.00015700035658269525
7.46  0.01164314969250071  -0.0001569476712241391
7.48  0.011643030207201015  -0.00015687550992986255
7.5  0.011642886027750298  -0.0001567840127592454
7.5200000000000005  0.011642715456708096  -0.0001566731550630398
7.54  0.011642517550999862  -0.00015654274957323618
7.5600000000000005  0.011642292051569355  -0.00015639245460470153
7.58  0.011642039307994291  -0.0001562217882484001
7.6000000000000005  0.011641760199640576  -0.00015603014814904976
7.62  0.01164145605481074  -0.00015581683615421453
7.640000000000001  0.011641128569230158  -0.00015558108687904943
7.66  0.011640779725173689  -0.0001553220990348694
7.68  0.011640411712446874  -0.00015503906824272694
7.7  0.011640026852394368  -0.0001547312200147812
7.72  0.011639627526070345  -0.00015439784163829613
7.74  0.011639216107632494  -0.0001540383117862388
7.76  0.011638794903931316  -0.0001536521268826661
7.78  0.01163836610118283  -0.00015323892337658362
7.8  0.011637931719429102  -0.00015279849539189103
7.82  0.011637493575354851  -0.0001523308073409556
7.84  0.011637053253839857  -0.00015183600136575042
7.86  0.011636612088388641  -0.00015131439963103627
7.88  0.011636171150428145  -0.00015076650164099154
7.9  0.011635731247202845  -0.00015019297693759728
7.92  0.011635292927850868  -0.00014959465361075657
7.94  0.011634856497041764  -0.0001489725031579233
7.96  0.011634422035408461  -0.0001483276223029343
7.98  0.011633989425897948  -0.0001476612123931315
8.0  0.011633558385026683  -0.0001469745570628679
8.02  0.011633128498002247  -0.00014626899880932812
8.040000000000001  0.011632699256588453  -0.00014554591511540952
8.06  0.011632270098631152  -0.000144806694747953
8.08  0.011631840448128924  -0.0001440527147912565
8.1  0.01163140975479732  -0.0001432853190011707
8.120000000000001  0.011630977532064032  -0.00014250579794578054
8.14  0.01163054339253878  -0.0001417153712684454
8.16  0.011630107080155896  -0.00014091517233613638
8.18  0.011629668498324353  -0.00014010623550723023
8.2  0.011629227733485476  -0.00013928948620871214
8.22  0.011628785073583378  -0.00013846573391209646
8.24  0.01162834102108966  -0.00013763566800235042
8.26  0.011627896300363972  -0.00013679985648433008
8.28  0.011627451859271271  -0.00013595874738983133
8.3  0.011627008865102283  -0.00013511267270206506
8.32  0.011626568694982445  -0.00013426185459774592
8.34  0.01162613292104193  -0.00013340641372728028
8.36  0.011625703290768365  -0.0001325463792441427
8.38  0.01162528170300382  -0.00013168170027782968
8.4  0.01162487018017155  -0.0001308122585235066
8.42  0.011624470837357816  -0.00012993788162063029
8.44  0.011624085848928815  -0.00012905835698008865
8.46  0.011623717413412985  -0.00012817344576385728
8.48  0.01162336771736255  -0.0001272828966857088
8.5  0.011623038898966886  -0.00012638645937513936
8.52  0.011622733012125522  -0.00012548389704298597
8.540000000000001  0.01162245199170175  -0.00012457499820720213
8.56  0.011622197620622337  -0.00012365958730221286
8.58  0.011621971499439776  -0.00012273753399419884
8.6  0.011621775018929236  -0.00012180876107625757
8.620000000000001  0.011621609336188603  -0.00012087325084863648
8.64  0.011621475354667534  -0.00011993104992001402
8.66  0.011621373708435745  -0.000118982272418159
8.68  0.011621304750947468  -0.00011802710160216818
8.700000000000001  0.011621268548435055  -0.00011706578993781993
8.72  0.011621264878006226  -0.0001160986576964737
8.74  0.01162129323040482  -0.00011512609017633397
8.76  0.011621352817336358  -0.00011414853366740622
8.78  0.01162144258316277  -0.0001131664902976923
8.8  0.011621561220693737  -0.00011218051190241794
8.82  0.01162170719074761  -0.00011119119310324456
8.84  0.011621878745089582  -0.00011019916373363641
8.86  0.011622073952297425  -0.00010920508081817845
8.88  0.011622290726067368  -0.00010820962026004944
8.9  0.011622526855457442  -0.00010721346842448712
8.92  0.011622780036517838  -0.00010621731376864158
8.94  0.011623047904764134  -0.00010522183870488903
8.96  0.011623328067950972  -0.0001042277118110581
8.98  0.011623618138603041  -0.00010323558054073291
9.0  0.011623915765779662  -0.00010224606454084035
9.02  0.011624218665583943  -0.00010125974967039166
9.040000000000001  0.011624524649949865  -0.0001002771828086073
9.06  0.011624831653292853  -9.929886749139312e-05
9.08  0.011625137756648762  -9.832526044659871e-05
9.1  0.011625441208992745  -9.735676902360212e-05
9.120000000000001  0.011625740445459198  -9.63937495456834e-05
9.14  0.011626034102285715  -9.54365065566597e-05
9.16  0.01162632102832609  -9.448529294952309e-05
9.18  0.011626600293064093  -9.354031092332065e-05
9.200000000000001  0.01162687119110772  -9.2601713725062e-05
9.22  0.0116271332432057  -9.166960808713317e-05
9.24  0.011627386193900274  -9.074405731404313e-05
9.26  0.011627630005946297  -8.982508489574731e-05
9.28  0.011627864851708816  -8.891267858525533e-05
9.3  0.011628091101789945  -8.80067948334533e-05
9.32  0.011628309311133235  -8.71073634669048e-05
9.34  0.011628520202963335  -8.62142925441073e-05
9.36  0.011628724650843102  -8.532747325773503e-05
9.38  0.011628923659236115  -8.444678481138354e-05
9.4  0.011629118342917435  -8.357209917889694e-05
9.42  0.011629309905602021  -8.270328565340002e-05
9.44  0.011629499618141761  -8.184021512697246e-05
9.46  0.011629688796640801  -8.098276402855993e-05
9.48  0.01162987878081775  -8.013081786957017e-05
9.5  0.01163007091293556  -7.928427434933047e-05
9.52  0.01163026651764703  -7.844304600461481e-05
9.540000000000001  0.011630466883121039  -7.760706236743201e-05
9.56  0.011630673243853739  -7.677627165911748e-05
9.58  0.011630886765446281  -7.595064203667234e-05
9.6  0.011631108531408668  -7.513016244007969e-05
9.620000000000001  0.01163133953191139  -7.43148429440188e-05
9.64  0.011631580654359153  -7.35047145410007e-05
9.66  0.011631832675762769  -7.269982840421205e-05
9.68  0.011632096256975276  -7.190025467912334e-05
9.700000000000001  0.011632371938828712  -7.110608086869811e-05
9.72  0.011632660140228842  -7.031740986757643e-05
9.74  0.011632961158153637  -6.953435773541768e-05
9.76  0.0116332751694855  -6.875705123983255e-05
9.78  0.011633602234564864  -6.798562525555925e-05
9.8  0.011633942302316418  -6.722022008114173e-05
9.82  0.011634295216785464  -6.646097872495819e-05
9.84  0.011634660724887492  -6.570804423453237e-05
9.86  0.011635038485171407  -6.496155711291265e-05
9.88  0.011635428077378319  -6.422165288417863e-05
9.9  0.01163582901259341  -6.348845983991598e-05
9.92  0.011636240743756472  -6.276209702485625e-05
9.94  0.011636662676342911  -6.204267247732448e-05
9.96  0.011637094179003448  -6.133028176032515e-05
9.98  0.011637534593980748  -6.0625006797598423e-05
10.0  0.011637983247137862  -5.992691502720301e-05
10.02  0.011638439457438275  -5.923605887492311e-05
10.040000000000001  0.011638902545758445  -5.855247554686368e-05
10.06  0.011639371842902294  -5.787618712961817e-05
10.08  0.011639846696760443  -5.720720098748472e-05
10.1  0.011640326478511619  -5.654551042747239e-05
10.120000000000001  0.01164081058785961  -5.5891095622780985e-05
10.14  0.011641298457249335  -5.524392473843254e-05
10.16  0.011641789555096187  -5.4603955268255956e-05
10.18  0.011642283388016731  -5.39711354972549e-05
10.200000000000001  0.011642779502130083  -5.3345406099609125e-05
10.22  0.011643277483449562  -5.272670180760878e-05
10.24  0.01164377695747173  -5.211495312285036e-05
10.26  0.011644277588016012  -5.151008802772855e-05
10.28  0.011644779075415779  -5.091203367647368e-05
10.3  0.011645281154166059  -5.0320718004349626e-05
10.32  0.01164578359012296  -4.9736071260081264e-05
10.34  0.011646286177368424  -4.915802740467883e-05
10.36  0.011646788734844468  -4.8586525355994424e-05
10.38  0.011647291102867092  -4.802151008404779e-05
10.4  0.011647793139612382  -4.746293349822958e-05
10.42  0.011648294717679562  -4.6910755158829454e-05
10.44  0.011648795720813204  -4.6364942765444235e-05
10.46  0.011649296040870921  -4.582547244755611e-05
10.48  0.011649795575093458  -4.529232884314737e-05
10.5  0.011650294223745904  -4.476550497554212e-05
10.52  0.011650791888165264  -4.424500193439876e-05
10.540000000000001  0.011651288469260179  -4.373082837658593e-05
10.56  0.011651783866471511  -4.32229998597443e-05
10.58  0.011652277977201319  -4.272153803212337e-05
10.6  0.011652770696724712  -4.222646968518725e-05
10.620000000000001  0.011653261918549096  -4.1737825718668106e-05
10.64  0.011653751535201685  -4.1255640010332516e-05
10.66  0.011654239439412975  -4.0779948246154405e-05
10.68  0.011654725525645181  -4.0310786711451245e-05
10.700000000000001  0.011655209691906181  -3.984819108564399e-05
10.72  0.011655691841791837  -3.9392195258343475e-05
10.74  0.01165617188664929  -3.894283018492366e-05
10.76  0.011656649747790758  -3.850012280782122e-05
10.78  0.011657125358609636  -3.806409505529543e-05
10.8  0.01165759866647223  -3.763476291519991e-05
10.82  0.01165806963417192  -3.721213559961287e-05
10.84  0.011658538240763877  -3.679621476929086e-05
10.86  0.011659004481544152  -3.6386993809910844e-05
10.88  0.011659468367003194  -3.59844571329138e-05
10.9  0.011659929920676406  -3.558857948046597e-05
10.92  0.011660389176037237  -3.519932527886984e-05
10.94  0.011660846172867244  -3.4816648076702776e-05
10.96  0.01166130095381257  -3.44404902169714e-05
10.98  0.011661753561974169  -3.4070782868504484e-05
11.0  0.011662204040188324  -3.370744652906807e-05
11.02  0.011662652432259654  -3.335039198681944e-05
11.040000000000001  0.011663098785816752  -3.2999521608330015e-05
11.06  0.011663543155984718  -3.265473075395297e-05
11.08  0.011663985608961798  -3.231590910582284e-05
11.1  0.011664426224694904  -3.198294177908409e-05
11.120000000000001  0.011664865098190978  -3.1655710227595113e-05
11.14  0.011665302339325593  -3.1334092968318206e-05
11.16  0.011665738071285327  -3.1017966235204414e-05
11.18  0.011666172427890673  -3.070720465487875e-05
11.200000000000001  0.011666605550124533  -3.0401681992330552e-05
11.22  0.011667037582154819  -3.0101272005099856e-05
11.24  0.011667468667107394  -2.980584939492087e-05
11.26  0.011667898942793974  -2.9515290831455846e-05
11.28  0.011668328537556888  -2.9229476032496652e-05
11.3  0.011668757566348496  -2.8948288835321107e-05
11.32  0.011669186127135456  -2.867161824422819e-05
11.34  0.011669614297701848  -2.8399359413854117e-05
11.36  0.011670042132890449  -2.813141452648744e-05
11.38  0.011670469662319256  -2.786769355372416e-05
11.4  0.011670896888604185  -2.7608114863768654e-05
11.42  0.011671323786085677  -2.7352605674641265e-05
11.44  0.011671750300076777  -2.7101102334709795e-05
11.46  0.011672176346632292  -2.6853550411194834e-05
11.48  0.011672601812811116  -2.6609904615186933e-05
11.5  0.011673026557442666  -2.6370128535285395e-05
11.52  0.011673450412348439  -2.6134194201944216e-05
11.540000000000001  0.011673873184013112  -2.590208149856843e-05
11.56  0.01167429465565549  -2.5673777415473884e-05
11.58  0.011674714589668674  -2.5449275176099605e-05
11.6  0.011675132730390933  -2.522857326445145e-05
11.620000000000001  0.011675548807147003  -2.501167435253743e-05
11.64  0.011675962537524023  -2.4798584167542114e-05
11.66  0.01167637363081448  -2.4589310314388597e-05
11.68  0.011676781791585655  -2.438386109346243e-05
11.700000000000001  0.011677186723305817  -2.4182244309764347e-05
11.72  0.011677588131987906  -2.3984466130744578e-05
11.74  0.011677985729769068  -2.3790529984794536e-05
11.76  0.011678379238404112  -2.360043554158975e-05
11.78  0.011678768392586556  -2.3414177785585383e-05
11.8  0.011679152943080003  -2.3231746197770967e-05
11.82  0.011679532659590274  -2.305312406610579e-05
11.84  0.011679907333349083  -2.2878287924958012e-05
11.86  0.01168027677937669  -2.2707207141925586e-05
11.88  0.011680640838376957  -2.2539843656754614e-05
11.9  0.011680999378261954  -2.237615185952973e-05
11.92  0.011681352295271959  -2.2216078630208063e-05
11.94  0.011681699514686752  -2.2059563519187585e-05
11.96  0.011682040991118855  -2.190653906612895e-05
11.98  0.011682376708400059  -2.175693124915781e-05
12.0  0.011682706679053285  -2.161066005708942e-05
12.02  0.011683030943382834  -2.1467640164890014e-05
12.040000000000001  0.01168334956818802  -2.1327781689937464e-05
12.06  0.011683662645138685  -2.1190991035921166e-05
12.08  0.011683970288823713  -2.1057171787944057e-05
12.1  0.011684272634536424  -2.092622564406853e-05
12.120000000000001  0.011684569835809162  -2.0798053361241193e-05
12.14  0.011684862061756906  -2.0672555721731173e-05
12.16  0.011685149494258331  -2.054963445917413e-05
12.18  0.011685432325035527  -2.0429193166318258e-05
12.200000000000001  0.011685710752665553  -2.0311138152195754e-05
12.22  0.011685984979582922  -2.019537922776435e-05
12.24  0.011686255209107595  -2.0081830423269618e-05
12.26  0.011686521642543798  -1.9970410605329374e-05
12.280000000000001  0.011686784476400956  -1.9861044010996214e-05
12.3  0.011687043899766844  -1.9753660663244664e-05
12.32  0.0116873000918669  -1.964819668155395e-05
12.34  0.011687553219857323  -1.9544594480118372e-05
12.36  0.011687803436857075  -1.944280284311685e-05
12.38  0.011688050880259634  -1.93427768994914e-05
12.4  0.011688295670334498  -1.924447797432366e-05
12.42  0.011688537909136184  -1.9147873347636355e-05
12.44  0.01168877767972145  -1.9052935906232213e-05
12.46  0.011689015045687385  -1.895964371234984e-05
12.48  0.011689250051015827  -1.886797949185898e-05
12.5  0.011689482720238502  -1.877793005406142e-05
12.52  0.011689713058880927  -1.8689485663136182e-05
12.540000000000001  0.011689941054199652  -1.860263935615829e-05
12.56  0.011690166676168283  -1.8517386244517502e-05
12.58  0.011690389878710558  -1.8433722796064528e-05
12.6  0.011690610601132207  -1.8351646116323097e-05
12.620000000000001  0.011690828769742756  -1.8271153239703087e-05
12.64  0.011691044299622689  -1.819224045114244e-05
12.66  0.011691257096509602  -1.8114902637321288e-05
12.68  0.011691467058771325  -1.8039132698653845e-05
12.700000000000001  0.011691674079428416  -1.7964921003055104e-05
12.72  0.011691878048191717  -1.7892254915782314e-05
12.74  0.01169207885349282  -1.7821118404969265e-05
12.76  0.011692276384461565  -1.775149172076175e-05
12.780000000000001  0.011692470532834558  -1.7683351157485143e-05
12.8  0.011692661194756534  -1.7616668901074804e-05
12.82  0.011692848272455703  -1.7551412974012716e-05
12.84  0.011693031675776946  -1.7487547242375063e-05
12.86  0.01169321132353314  -1.74250315331531e-05
12.88  0.01169338714468865  -1.7363821810869793e-05
12.9  0.01169355907934275  -1.730387043427802e-05
12.92  0.011693727079500778  -1.7245126486834775e-05
12.94  0.011693891109652483  -1.7187536154993175e-05
12.96  0.011694051147127703  -1.7131043172406225e-05
12.98  0.011694207182253669  -1.7075589296241763e-05
13.0  0.011694359218306314  -1.702111482080801e-05
13.02  0.011694507271266282  -1.696755911576031e-05
13.040000000000001  0.011694651369400982  -1.691486117394263e-05
13.06  0.011694791552667227  -1.6862960165826108e-05
13.08  0.011694927871972098  -1.681179598241099e-05
13.1  0.011695060388292811  -1.6761309764448857e-05
13.120000000000001  0.011695189171688335  -1.6711444408899095e-05
13.14  0.011695314300207533  -1.6662145034022414e-05
13.16  0.01169543585873388  -1.6613359409543154e-05
13.18  0.011695553937778769  -1.656503833532256e-05
13.200000000000001  0.011695668632237496  -1.6517135968693625e-05
13.22  0.011695780040148237  -1.6469610089894315e-05
13.24  0.011695888261459366  -1.642242231447694e-05
13.26  0.011695993396824436  -1.637553823181562e-05
13.280000000000001  0.011696095546459576  -1.6328927488061583e-05
13.3  0.01169619480905549  -1.6282563798946986e-05
13.32  0.011696291280783516  -1.623642490355742e-05
13.34  0.011696385054393405  -1.6190492457745175e-05
13.36  0.011696476218411767  -1.6144751871664212e-05
13.38  0.01169656485646332  -1.609919209085315e-05
13.4  0.01169665104670918  -1.605380533372167e-05
13.42  0.011696734861410507  -1.6008586787699512e-05
13.44  0.011696816366622152  -1.5963534270260868e-05
13.46  0.011696895622005495  -1.5918647864411118e-05
13.48  0.011696972680771068  -1.5873929524862153e-05
13.5  0.01169704758973723  -1.5829382684685942e-05
13.52  0.01169712038949814  -1.57850118428959e-05
13.540000000000001  0.011697191114699065  -1.5740822166063185e-05
13.56  0.01169725979440761  -1.56968190808054e-05
13.58  0.01169732645255717  -1.5653007903457532e-05
13.6  0.01169739110847199  -1.5609393473086123e-05
13.620000000000001  0.011697453777446569  -1.5565979823051082e-05
13.64  0.011697514471370553  -1.5522769873730377e-05
13.66  0.011697573199382588  -1.5479765174136338e-05
13.68  0.0116976299685453  -1.543696567461554e-05
13.700000000000001  0.011697684784523127  -1.5394369541857085e-05
13.72  0.011697737652253024  -1.5351973023600694e-05
13.74  0.011697788576598606  -1.530977035944602e-05
13.76  0.011697837562964351  -1.5267753727919557e-05
13.780000000000001  0.011697884617876984  -1.5225913248451963e-05
13.8  0.011697929749514623  -1.5184237020944872e-05
13.82  0.011697972968176606  -1.5142711211559858e-05
13.84  0.011698014286689002  -1.5101320173335764e-05
13.86  0.011698053720741619  -1.5060046601614503e-05
13.88  0.01169809128915316  -1.5018871722987737e-05
13.9  0.011698127014060242  -1.4977775507292229e-05
13.92  0.011698160921034711  -1.4936736910614785e-05
13.94  0.011698193039119356  -1.4895734121871812e-05
13.96  0.01169822340080122  -1.4854744833057716e-05
13.98  0.011698252041904493  -1.48137465090736e-05
14.0  0.011698279001437682  -1.4772716660513188e-05
14.02  0.011698304321361097  -1.4731633118687283e-05
14.040000000000001  0.011698328046314488  -1.4690474291116184e-05
14.06  0.011698350223300683  -1.464921941735271e-05
14.08  0.011698370901325871  -1.4607848795914445e-05
14.1  0.011698390131013797  -1.4566343998321076e-05
14.120000000000001  0.01169840796420214  -1.4524688061079546e-05
14.14  0.011698424453517946  -1.4482865640485956e-05
14.16  0.011698439651960862  -1.444086315230159e-05
14.18  0.011698453612479915  -1.439866886897886e-05
14.200000000000001  0.011698466387572671  -1.4356272998941523e-05
14.22  0.011698478028888265  -1.431366771789623e-05
14.24  0.011698488586873914  -1.4270847187695956e-05
14.26  0.011698498110438642  -1.4227807525925209e-05
14.280000000000001  0.011698506646661586  -1.4184546763604429e-05
14.3  0.011698514240538789  -1.4141064760691342e-05
14.32  0.011698520934777894  -1.4097363109812587e-05
14.34  0.011698526769626488  -1.4053444998819026e-05
14.36  0.011698531782770506  -1.4009315077146117e-05
14.38  0.011698536009261505  -1.3964979286528161e-05
14.4  0.011698539481501062  -1.392044468385452e-05
14.42  0.011698542229270324  -1.3875719258811742e-05
14.44  0.011698544279806152  -1.3830811739635519e-05
14.46  0.011698545657918832  -1.3785731397300788e-05
14.48  0.011698546386143276  -1.3740487853225198e-05
14.5  0.011698546484932862  -1.3695090887362181e-05
14.52  0.011698545972875821  -1.3649550252778093e-05
14.540000000000001  0.011698544866938828  -1.3603875506601134e-05
14.56  0.011698543182730711  -1.3558075848063176e-05
14.58  0.011698540934777499  -1.351215997285975e-05
14.6  0.011698538136807077  -1.3466135943964428e-05
14.620000000000001  0.01169853480203897  -1.3420011085517965e-05
14.64  0.011698530943461048  -1.3373791889876056e-05
14.66  0.011698526574115397  -1.3327483952454001e-05
14.68  0.011698521707350463  -1.3281091922956413e-05
14.700000000000001  0.011698516357075934  -1.3234619481024463e-05
14.72  0.011698510537975174  -1.3188069328960565e-05
14.74  0.011698504265714223  -1.3141443211596643e-05
14.76  0.011698497557104278  -1.3094741944103493e-05
14.780000000000001  0.01169849043024443  -1.304796546981572e-05
14.8  0.011698482904625853  -1.3001112926801488e-05
14.82  0.011698475001208453  -1.2954182734899449e-05
14.84  0.01169846674245796  -1.2907172685660466e-05
14.86  0.011698458152350131  -1.2860080051750827e-05
14.88  0.011698449256346456  -1.2812901699744018e-05
14.9  0.011698440081333649  -1.2765634208899296e-05
14.92  0.011698430655532178  -1.2718273989866002e-05
14.94  0.01169842100838479  -1.2670817415623415e-05
14.96  0.011698411170405827  -1.2623260932722387e-05
14.98  0.011698401173026392  -1.2575601187525402e-05
15.0  0.011698391048407725  -1.2527835130584232e-05
15.02  0.011698380829244404  -1.2479960125362705e-05
15.040000000000001  0.011698370548559649  -1.2431974037476574e-05
15.06  0.011698360239490514  -1.2383875323887896e-05
15.08  0.011698349935065407  -1.2335663103248834e-05
15.1  0.011698339667990285  -1.2287337208303258e-05
15.120000000000001  0.011698329470438636  -1.2238898241469568e-05
15.14  0.011698319373840938  -1.2190347595799939e-05
15.16  0.011698309408691735  -1.214168747886899e-05
15.18  0.011698299604373432  -1.2092920912393874e-05
15.200000000000001  0.01169828998898986  -1.2044051719374831e-05
15.22  0.011698280589222544  -1.1995084507275143e-05
15.24  0.011698271430207904  -1.1946024625102668e-05
15.26  0.011698262535438392  -1.1896878116966086e-05
15.280000000000001  0.011698253926681064  -1.1847651668609968e-05
15.3  0.011698245623925976  -1.1798352537858482e-05
15.32  0.01169823764535546  -1.1748988483325693e-05
15.34  0.011698230007342252  -1.1699567681561804e-05
15.36  0.011698222724461856  -1.1650098648782e-05
15.38  0.01169821580953384  -1.1600590151431966e-05
15.4  0.01169820927368834  -1.1551051117390484e-05
15.42  0.011698203126435776  -1.1501490555763298e-05
15.44  0.01169819737577154  -1.145191746034299e-05
15.46  0.011698192028285639  -1.1402340741417758e-05
15.48  0.011698187089285873  -1.1352769138011103e-05
15.5  0.011698182562933805  -1.1303211150072684e-05
15.52  0.011698178452391393  -1.1253674976519686e-05
15.540000000000001  0.011698174759961695  -1.1204168451936709e-05
15.56  0.011698171487244545  -1.1154698997946745e-05
15.58  0.011698168635283397  -1.11052735911284e-05
15.6  0.011698166204717258  -1.1055898720023526e-05
15.620000000000001  0.011698164195919424  -1.1006580370448785e-05
15.64  0.01169816260913523  -1.0957324007811544e-05
15.66  0.011698161444611346  -1.0908134575296339e-05
15.68  0.011698160702710365  -1.0859016498220649e-05
15.700000000000001  0.011698160384014944  -1.0809973693969173e-05
15.72  0.011698160489424285  -1.0761009599674002e-05
15.74  0.01169816102022821  -1.0712127192715577e-05
15.76  0.011698161978170139  -1.0663329024913817e-05
15.780000000000001  0.011698163365496984  -1.061461726615734e-05
15.8  0.01169816518498807  -1.0565993741622009e-05
15.82  0.011698167439976702  -1.0517459987523421e-05
15.84  0.011698170134349884  -1.0469017291270125e-05
15.860000000000001  0.0116981732725405  -1.0420666748612835e-05
15.88  0.011698176859500763  -1.0372409308814627e-05
15.9  0.011698180900661603  -1.0324245835401113e-05
15.92  0.011698185401894393  -1.0276177144863429e-05
15.94  0.011698190369444614  -1.0228204063866646e-05
15.96  0.011698195809871682  -1.0180327469184569e-05
15.98  0.01169820172997431  -1.0132548329608109e-05
16.0  0.011698208136714086  -1.0084867740079763e-05
16.02  0.011698215037136979  -1.0037286955832806e-05
16.04  0.01169822243828544  -9.989807424437655e-06
16.06  0.011698230347121955  -9.942430798931068e-06
16.080000000000002  0.011698238770441183  -9.895158958136475e-06
16.1  0.011698247714798129  -9.847994016972306e-06
16.12  0.011698257186428196  -9.800938330776707e-06
16.14  0.011698267191175657  -9.753994495414716e-06
16.16  0.011698277734434447  -9.70716533776802e-06
16.18  0.011698288821087175  -9.660453908759089e-06
16.2  0.01169830045545979  -9.613863466622155e-06
16.22  0.011698312641275549  -9.567397457238926e-06
16.240000000000002  0.011698325381628625  -9.521059489616378e-06
16.26  0.011698338678955162  -9.474853312224738e-06
16.28  0.011698352535023979  -9.428782780466984e-06
16.3  0.011698366950924853  -9.382851827297067e-06
16.32  0.011698381927075893  -9.337064434557295e-06
16.34  0.011698397463232108  -9.29142459929911e-06
16.36  0.01169841355850455  -9.245936293918709e-06
16.38  0.011698430211384465  -9.200603445546685e-06
16.4  0.011698447419775802  -9.155429897429724e-06
16.42  0.011698465181030702  -9.110419386985805e-06
16.44  0.011698483491991448  -9.065575510703813e-06
16.46  0.011698502349033184  -9.0209017098235e-06
16.48  0.0116985217481142  -8.976401238725245e-06
16.5  0.011698541684824149  -8.932077155921641e-06
16.52  0.011698562154430601  -8.887932307654592e-06
16.54  0.011698583151933959  -8.843969316460996e-06
16.56  0.011698604672112624  -8.80019057531979e-06
16.580000000000002  0.011698626709570979  -8.756598245745052e-06
16.6  0.011698649258781748  -8.713194258944254e-06
16.62  0.011698672314129348  -8.669980318219228e-06
16.64  0.011698695869948018  -8.626957911236682e-06
16.66  0.011698719920551527  -8.584128319674396e-06
16.68  0.011698744460263255  -8.541492633672176e-06
16.7  0.011698769483441084  -8.499051767862865e-06
16.72  0.011698794984494403  -8.456806481912287e-06
16.740000000000002  0.011698820957895126  -8.414757406362175e-06
16.76  0.011698847398193008  -8.372905056400193e-06
16.78  0.011698874300010011  -8.33124986167875e-06
16.8  0.011698901658046122  -8.28979218725842e-06
16.82  0.011698929467067945  -8.248532360402648e-06
16.84  0.011698957721901227  -8.207470691818514e-06
16.86  0.011698986417421727  -8.16660749759974e-06
16.88  0.01169901554853152  -8.125943125683339e-06
16.9  0.0116990451101447  -8.085477967210747e-06
16.92  0.01169907509716707  -8.045212484552396e-06
16.94  0.011699105504472776  -8.005147218049114e-06
16.96  0.011699136326879418  -7.965282803176462e-06
16.98  0.011699167559131553  -7.925619979088023e-06
17.0  0.011699199195873235  -7.886159599700127e-06
17.02  0.011699231231624082  -7.846902635684559e-06
17.04  0.01169926366076361  -7.807850178369248e-06
17.06  0.01169929647751565  -7.7690034349951e-06
17.080000000000002  0.011699329675923631  -7.730363729422567e-06
17.1  0.011699363249843388  -7.691932495832495e-06
17.12  0.011699397192932115  -7.653711265184922e-06
17.14  0.01169943149863754  -7.615701658262187e-06
17.16  0.011699466160199068  -7.577905369508787e-06
17.18  0.011699501170640949  -7.540324158003932e-06
17.2  0.011699536522779448  -7.50295982384166e-06
17.22  0.0116995722092267  -7.465814195322014e-06
17.240000000000002  0.011699608222397052  -7.428889109634953e-06
17.26  0.011699644554524923  -7.392186390315833e-06
17.28  0.01169968119767283  -7.355707832045865e-06
17.3  0.011699718143748108  -7.319455177455124e-06
17.32  0.011699755384527402  -7.283430100989564e-06
17.34  0.011699792911667084  -7.247634189638406e-06
17.36  0.01169983071673238  -7.212068923452379e-06
17.38  0.011699868791214145  -7.1767356579939e-06
17.400000000000002  0.01169990712654942  -7.141635608229682e-06
17.42  0.011699945714148407  -7.106769837609346e-06
17.44  0.011699984545407922  -7.0721392435270304e-06
17.46  0.011700023611736558  -7.037744542341402e-06
17.48  0.011700062904574916  -7.003586268681877e-06
17.5  0.011700102415408054  -6.9696647583440815e-06
17.52  0.011700142135786745  -6.935980149845849e-06
17.54  0.011700182057342134  -6.9025323771930935e-06
17.56  0.011700222171797255  -6.869321168613627e-06
17.580000000000002  0.01170026247097817  -6.836346048904674e-06
17.6  0.01170030294682568  -6.803606339737312e-06
17.62  0.011700343591402792  -6.771101163118769e-06
17.64  0.011700384396897578  -6.7388294454672816e-06
17.66  0.011700425355629865  -6.706789928235439e-06
17.68  0.011700466460053119  -6.6749811752996155e-06
17.7  0.01170050770275375  -6.643401579913336e-06
17.72  0.01170054907645383  -6.612049380813156e-06
17.740000000000002  0.011700590574003956  -6.580922670062703e-06
17.76  0.011700632188386156  -6.550019411686583e-06
17.78  0.011700673912708737  -6.519337454150313e-06
17.8  0.011700715740201402  -6.488874548124534e-06
17.82  0.011700757664215066  -6.458628363573561e-06
17.84  0.011700799678211613  -6.428596512818849e-06
17.86  0.011700841775763342  -6.39877656620914e-06
17.88  0.011700883950547835  -6.369166078454421e-06
17.900000000000002  0.011700926196335188  -6.339762613025797e-06
17.92  0.011700968506982282  -6.310563763200225e-06
17.94  0.011701010876423713  -6.281567172320736e-06
17.96  0.0117010532986568  -6.252770561033323e-06
17.98  0.01170109576772681  -6.224171743382631e-06
18.0  0.011701138277719677  -6.195768642796131e-06
18.02  0.011701180822735836  -6.167559306872149e-06
18.04  0.011701223396883492  -6.1395419185368495e-06
18.06  0.011701265994262092  -6.111714795056474e-06
18.080000000000002  0.011701308608950176  -6.084076397092975e-06
18.1  0.011701351234993808  -6.056625323245764e-06
18.12  0.011701393866401944  -6.029360301385738e-06
18.14  0.011701436497140495  -6.0022801873715285e-06
18.16  0.011701479121130731  -5.975383944180617e-06
18.18  0.011701521732249458  -5.948670638772683e-06
18.2  0.011701564324335488  -5.922139422217588e-06
18.22  0.011701606891198982  -5.895789516725282e-06
18.240000000000002  0.011701649426628408  -5.8696202005956676e-06
18.26  0.011701691924403422  -5.843630791549153e-06
18.28  0.011701734378309294  -5.8178206326837435e-06
18.3  0.01170177678215081  -5.792189079192802e-06
18.32  0.0117018191297712  -5.766735482700498e-06
18.34  0.011701861415067833  -5.741459179997056e-06
18.36  0.01170190363200983  -5.716359483769965e-06
18.38  0.011701945774651775  -5.691435668031487e-06
18.400000000000002  0.011701987837158707  -5.666686966237784e-06
18.42  0.011702029813813315  -5.642112559007292e-06
18.44  0.011702071699036861  -5.6177115757533144e-06
18.46  0.011702113487402  -5.593483084349188e-06
18.48  0.011702155173644951  -5.569426093146091e-06
18.5  0.011702196752678265  -5.545539554227281e-06
18.52  0.011702238219600598  -5.521822361576165e-06
18.54  0.011702279569704464  -5.4982733585182695e-06
18.56  0.011702320798476535  -5.474891338490804e-06
18.580000000000002  0.011702361901609486  -5.451675055402052e-06
18.6  0.011702402874996694  -5.428623230627726e-06
18.62  0.011702443714730861  -5.405734562505108e-06
18.64  0.011702484417100558  -5.383007730663033e-06
18.66  0.011702524978584709  -5.3604414113081564e-06
18.68  0.011702565395840435  -5.33803428249993e-06
18.7  0.011702605665693772  -5.315785033090711e-06
18.72  0.011702645785124064  -5.293692366950358e-06
18.740000000000002  0.01170268575125194  -5.271755013084006e-06
18.76  0.011702725561320296  -5.249971731331607e-06
18.78  0.011702765212681283  -5.228341315947644e-06
18.8  0.01170280470277333  -5.206862597822114e-06
18.82  0.011702844029108074  -5.185534445007291e-06
18.84  0.011702883189249728  -5.164355766536504e-06
18.86  0.011702922180801328  -5.14332551092094e-06
18.88  0.011702961001387662  -5.12244266160771e-06
18.900000000000002  0.011702999648638895  -5.10170623934926e-06
18.92  0.011703038120180002  -5.081115295284754e-06
18.94  0.011703076413615279  -5.060668907807978e-06
18.96  0.011703114526519535  -5.040366173349067e-06
18.98  0.011703152456431033  -5.020206205588848e-06
19.0  0.01170319020084198  -5.000188123218568e-06
19.02  0.011703227757197  -4.980311047262027e-06
19.04  0.011703265122893967  -4.960574085923419e-06
19.06  0.011703302295279185  -4.940976332248816e-06
19.080000000000002  0.01170333927166079  -4.921516855220368e-06
19.1  0.011703376049305967  -4.902194689946607e-06
19.12  0.011703412625454674  -4.883008830950742e-06
19.14  0.01170344899733216  -4.863958227655342e-06
19.16  0.011703485162157426  -4.84504178240551e-06
19.18  0.011703521117161341  -4.826258339266033e-06
19.2  0.01170355685959799  -4.80760669201196e-06
19.22  0.011703592386765195  -4.789085579453732e-06
19.240000000000002  0.011703627696011402  -4.7706936901786194e-06
19.26  0.01170366278476065  -4.752429658339897e-06
19.28  0.01170369765051621  -4.7342920778404825e-06
19.3  0.011703732290878883  -4.716279499808267e-06
19.32  0.011703766703553522  -4.698390439432441e-06
19.34  0.011703800886362503  -4.680623385869254e-06
19.36  0.01170383483725284  -4.662976802671792e-06
19.38  0.011703868554302325  -4.645449135754474e-06
19.400000000000002  0.011703902035722438  -4.628038817450512e-06
19.42  0.011703935279866117  -4.610744275340901e-06
19.44  0.01170396828523069  -4.593563930519254e-06
19.46  0.01170400105045678  -4.5764962057515146e-06
19.48  0.01170403357433307  -4.559539531091524e-06
19.5  0.011704065855794341  -4.54269234188338e-06
19.52  0.011704097893921718  -4.5259530849721245e-06
19.54  0.011704129687942457  -4.50932021866336e-06
19.56  0.011704161237225409  -4.492792217610018e-06
19.580000000000002  0.011704192541285513  -4.476367572256923e-06
19.6  0.011704223599774785  -4.460044788594025e-06
19.62  0.01170425441248344  -4.443822392719975e-06
19.64  0.011704284979333202  -4.427698929909652e-06
19.66  0.01170431530037683  -4.4116729681533805e-06
19.68  0.011704345375793162  -4.395743089376518e-06
19.7  0.011704375205885072  -4.379907904131588e-06
19.72  0.01170440479107142  -4.36416604180555e-06
19.740000000000002  0.01170443413188868  -4.348516155330275e-06
19.76  0.011704463228982068  -4.3329569192051285e-06
19.78  0.011704492083104605  -4.317487033484336e-06
19.8  0.011704520695109731  -4.302105220507356e-06
19.82  0.011704549065948554  -4.286810229096481e-06
19.84  0.011704577196667273  -4.271600829966373e-06
19.86  0.011704605088399227  -4.25647582165704e-06
19.88  0.011704632742363524  -4.241434031214007e-06
19.900000000000002  0.01170466015986069  -4.226474306083907e-06
19.92  0.011704687342267817  -4.211595528625549e-06
19.94  0.011704714291035114  -4.196796603542501e-06
19.96  0.011704741007681124  -4.182076467395873e-06
19.98  0.011704767493793226  -4.1674340849203145e-06
20.0  0.011704793751016195  -4.152868448596019e-06
