0.02  -0.03540647506290139  0.0013939076122926135
0.04  -0.07735848585896367  0.00233412972997377
0.06  -0.11414425983820747  0.0027139947969972
0.08  -0.14661088762472463  0.002757420732658339
0.1  -0.17529694784650418  0.00260563672054393
0.12  -0.20057348674335385  0.0023464141766899806
0.14  -0.2227205286317522  0.0020330956254852595
0.16  -0.24196792917008486  0.0016973938287766308
0.18  -0.2585163651297456  0.0013577458915391472
0.2  -0.2725476222535229  0.0010246820367450444
0.22  -0.28422962061936946  0.0007042135276467557
0.24  -0.29371934748157125  0.0003999062559479924
0.26  -0.3011645592603362  0.00011397177550652926
0.28  -0.3067047660892137  -0.00015204040365039985
0.3  -0.310472351432571  -0.00039697364425904467
0.32  -0.31259358811935006  -0.0006198310155898594
0.34  -0.3131895907799447  -0.0008198172905867633
0.36  -0.31237714243904746  -0.0009962874388132477
0.38  -0.3102694153190875  -0.0011487672990008772
0.4  -0.30697650552470296  -0.0012770005427403582
0.42  -0.30260585751485164  -0.0013809909285918938
0.44  -0.2972625088774931  -0.0014609966951677524
0.46  -0.29104916353984117  -0.0015175394819397106
0.48  -0.28406615056023127  -0.0015514026723651023
0.5  -0.2764112914222345  -0.0015636088191939368
0.52  -0.2681796705140833  -0.001555400156832095
0.54  -0.25946333821345  -0.0015282040148142317
0.56  -0.2503509869807845  -0.0014835883964428084
0.58  -0.2409276207772818  -0.0014232365481193425
0.6  -0.23127422332482764  -0.0013489122970837043
0.62  -0.22146743520581114  -0.0012624322819456012
0.64  -0.211579274558327  -0.0011656478542650035
0.66  -0.2016769046548446  -0.0010604218693275815
0.68  -0.19182243443891003  -0.0009486079365431518
0.7000000000000001  -0.18207277079949274  -0.0008320250458286849
0.72  -0.1724795131299413  -0.0007124276126883927
0.74  -0.16308889106592533  -0.0005914795155440055
0.76  -0.15394175317792833  -0.00047073822820661745
0.78  -0.14507360917510054  -0.0003516449779350237
0.8  -0.13651472238747406  -0.00023551679160983358
0.8200000000000001  -0.128290249127835  -0.0001235403431461761
0.84  -0.12042042055686  -1.6766303984393384e-05
0.86  -0.11292075405668234  8.38991418317146e-05
0.88  -0.10580228097603316  0.00017770308451992895
0.9  -0.0990718046424105  0.0002640423850267136
0.92  -0.09273220481689934  0.0003424521619020231
0.9400000000000001  -0.08678277470853282  0.0004125991541032734
0.96  -0.08121955638962974  0.0004742800058693882
0.98  -0.07603568556746826  0.00052740702936186
1.0  -0.07122173543391705  0.000571990658554744
1.02  -0.06676604989634803  0.0006081337894102913
1.04  -0.06265507139494371  0.00063602766313504
1.06  -0.05887365968946743  0.0006559458919358015
1.08  -0.05540539868533546  0.000668236780516997
1.1  -0.052232888927798725  0.0006733137020946916
1.12  -0.04933802481859335  0.000671643881448198
1.1400000000000001  -0.04670225363420739  0.0006637369297004572
1.16  -0.044306812894089484  0.0006501349209264127
1.18  -0.0421329452781492  0.0006314045945760745
1.2  -0.040162092630401165  0.0006081302455380555
1.22  -0.03837607287807892  0.0005809071787064505
1.24  -0.036757232614338164  0.0005503364181085895
1.26  -0.03528856996217188  0.000517016646048809
1.28  -0.03395383966676478  0.0004815349619874859
1.3  -0.03273764269677558  0.0004444595944641153
1.32  -0.031625496052561146  0.0004063345092317727
1.34  -0.030603882420186645  0.0003676749248317683
1.36  -0.029660281422765153  0.00032896333137596274
1.3800000000000001  -0.028783184384598343  0.00029064591630300664
1.4000000000000001  -0.02796209440259182  0.00025312941520541985
1.42  -0.02718751342490653  0.0002167785071027181
1.44  -0.026450917962178213  0.0001819138379883298
1.46  -0.02574472498163914  0.00014881070861532758
1.48  -0.025062249624502247  0.00011769854406438492
1.5  -0.024397656494569916  8.876129445099172e-05
1.52  -0.023745906171143707  6.213882436948668e-05
1.54  -0.023102698298012515  3.7929266612587336e-05
1.56  -0.02246441236530529  1.619208332588612e-05
1.58  -0.021828047403779013  -3.0487780867678835e-06
1.6  -0.021191161978336474  -1.9801975854956042e-05
1.62  -0.02055181561720628  -3.4105803608384954e-05
1.6400000000000001  -0.01990851232418646  -4.6024795979387144e-05
1.6600000000000001  -0.01926014649333623  -5.564589200525243e-05
1.68  -0.0186059514517095  -6.30744305840808e-05
1.7  -0.01794545093866296  -6.843045560039565e-05
1.72  -0.017278414058039343  -7.18459005314482e-05
1.74  -0.01660481452954979  -7.34630004580455e-05
1.76  -0.015924795147890664  -7.343367325250049e-05
1.78  -0.015238637932338116  -7.191902199014038e-05
1.8  -0.014546739663106226  -6.908807507418962e-05
1.82  -0.013849591932101644  -6.511542498277692e-05
1.84  -0.01314776480732096  -6.017804265926195e-05
1.86  -0.012441893508090482  -5.4451809517738444e-05
1.8800000000000001  -0.011732667762933018  -4.810822898985008e-05
1.9000000000000001  -0.011020823631359051  -4.1311574166660436e-05
1.92  -0.010307137556260688  -3.421655658246371e-05
1.94  -0.00959242235504912  -2.6966505884922073e-05
1.96  -0.008877524804593744  -1.969201347917234e-05
1.98  -0.008163324443475596  -1.2509987015782865e-05
2.0  -0.007450733204907954  -5.523066558171851e-06
2.02  -0.006740695500968428  1.1806402135488268e-06
2.04  -0.006034188405737153  7.527534236125455e-06
2.06  -0.005332221641734903  1.34582389110467e-05
2.08  -0.004635837137227029  1.8927130947915777e-05
2.1  -0.003946107912218489  2.390178086373435e-05
2.12  -0.003264136054679674  2.8362242481207948e-05
2.14  -0.002591049673900385  3.230011755834465e-05
2.16  -0.0019279987859062995  3.5717469958168894e-05
2.18  -0.001276150076465708  3.8625678259955176e-05
2.2  -0.0006366805143955502  4.1044257810544894e-05
2.22  -1.076984359777225e-05  4.2999661333069145e-05
2.24  0.0006004079677845251  4.452407008666021e-05
2.2600000000000002  0.0011956942035101278  4.565419197004463e-05
2.2800000000000002  0.0017739556513476813  4.643008409349104e-05
2.3000000000000003  0.0023340954556867284  4.6894016552372336e-05
2.32  0.0028750643748334734  4.708939238388444e-05
2.34  0.003395872232913781  4.705973688477099e-05
2.36  0.0038955993480206765  4.6847768246640166e-05
2.38  0.004373407715570087  4.649456040085008e-05
2.4  0.004828551728118618  4.6038807276538405e-05
2.42  0.005260388219581843  4.5516195660606534e-05
2.44  0.005668385632610209  4.49588913104097e-05
2.46  0.006052132123123768  4.439514006746476e-05
2.48  0.006411342435535658  4.384898287754886e-05
2.5  0.006745863405121173  4.334008134725364e-05
2.52  0.007055677968776542  4.28836491574206e-05
2.54  0.007340907591930265  4.249048394827605e-05
2.56  0.007601813049314806  4.2167094214266615e-05
2.58  0.007838793534329102  4.191591540289927e-05
2.6  0.008052384118248037  4.17356069598153e-05
2.62  0.00824325162846223  4.1621413495015504e-05
2.64  0.008412189033110903  4.15655588970728e-05
2.66  0.008560108378374688  4.1557643403001025e-05
2.68  0.008688032276743732  4.1585058332310135e-05
2.7  0.008797083996422397  4.1633478512838904e-05
2.72  0.008888476320204883  4.16874526711279e-05
2.74  0.008963499392557467  4.173102933638541e-05
2.7600000000000002  0.009023507754708702  4.174833719857178e-05
2.7800000000000002  0.009069906755952366  4.172407973505209e-05
2.8000000000000003  0.009104138538448846  4.164394312785582e-05
2.82  0.009127667800664957  4.1494931530266545e-05
2.84  0.009141967542689027  4.126564354799687e-05
2.86  0.009148504988151573  4.094649845014047e-05
2.88  0.009148727866370615  4.0529915556580505e-05
2.9  0.009144051226643423  4.001044714399413e-05
2.92  0.009135844944572948  3.938486404476575e-05
2.94  0.00912542206681368  3.8652193542370304e-05
2.96  0.0091140281251623  3.7813710906010693e-05
2.98  0.009102831534122311  3.687288745641106e-05
3.0  0.009092915167742105  3.583529874147715e-05
3.02  0.009085269191159654  3.47084967603581e-05
3.04  0.009080785200563202  3.350185097335289e-05
3.06  0.00908025170400283  3.222636331979276e-05
3.08  0.009084350954860073  3.089446239231834e-05
3.1  0.009093657129812808  2.9519781361819688e-05
3.12  0.009108635824073417  2.811692380696475e-05
3.14  0.009129644818897744  2.670122115926648e-05
3.16  0.009156936060105168  2.5288485300318966e-05
3.18  0.009190658771736734  2.389475970248717e-05
3.2  0.009230863616124282  2.25360724632429e-05
3.22  0.009277507800592253  2.1228194529765215e-05
3.24  0.009330461021811749  1.998640635973687e-05
3.2600000000000002  0.009389512131610447  1.8825276137703127e-05
3.2800000000000002  0.009454376402746989  1.7758452482539706e-05
3.3000000000000003  0.009524703270012709  1.6798474440708506e-05
3.3200000000000003  0.009600084420893162  1.5956601350627572e-05
3.34  0.009680062111077239  1.5242665137142847e-05
3.36  0.009764137583140521  1.4664947554543571e-05
3.38  0.009851779471807978  1.42300850058974e-05
3.4  0.009942432085854365  1.3943003459445443e-05
3.42  0.010035523464542801  1.3806885160410948e-05
3.44  0.010130473114365417  1.3823165867107206e-05
3.46  0.01022669933883728  1.3991554451161397e-05
3.48  0.010323626082374974  1.4310058661937304e-05
3.5  0.010420689227846908  1.4775006701051301e-05
3.52  0.010517342318753193  1.5381085491618634e-05
3.54  0.010613061693769023  1.612143624006362e-05
3.56  0.010707351005595351  1.69878134006932e-05
3.58  0.01079974508672047  1.7970773444722188e-05
3.6  0.010889813144966613  1.905986469627035e-05
3.62  0.010977161296464817  2.0243811334000827e-05
3.64  0.011061434457241955  2.1510694352261915e-05
3.66  0.011142317621935929  2.2848131799556737e-05
3.68  0.011219536564428662  2.4243458294850818e-05
3.7  0.011292858000776607  2.5683902536546236e-05
3.72  0.011362089258775167  2.7156761092159533e-05
3.74  0.01142707750139275  2.8649566202759052e-05
3.7600000000000002  0.01148770855382781  3.0150244878063357e-05
3.7800000000000002  0.011543905386249508  3.164726635705565e-05
3.8000000000000003  0.011595626305849555  3.312977522238126e-05
3.8200000000000003  0.011642862912246435  3.458770797122444e-05
3.84  0.011685637869319974  3.601189152543124e-05
3.86  0.011724002544441748  3.739412288288719e-05
3.88  0.011758034562982413  3.8727229742450985e-05
3.9  0.011787835322241237  4.0005112402875386e-05
3.92  0.011813527504842592  4.12227675897455e-05
3.94  0.01183525262720404  4.2376295046212345e-05
3.96  0.01185316865399702  4.346288793501872e-05
3.98  0.011867447704743751  4.448080822727759e-05
4.0  0.011878273873715177  4.54293484146174e-05
4.0200000000000005  0.011885841179411764  4.630878099335468e-05
4.04  0.011890351655054261  4.7120297302477826e-05
4.0600000000000005  0.011892013586920798  4.78659373523996e-05
4.08  0.011891039903079412  4.8548512374506196e-05
4.1  0.011887646711184668  4.91715217774474e-05
4.12  0.011882051980660176  4.9739066200899776e-05
4.14  0.01187447436165338  5.0255758253113536e-05
4.16  0.01186513213072642  5.072663245606692e-05
4.18  0.011854242251135117  5.1157055854018484e-05
4.2  0.011842019533893213  5.155264068294952e-05
4.22  0.01182867588473344  5.1919160322183306e-05
4.24  0.011814419621547164  5.226246959146155e-05
4.26  0.011799454847093362  5.2588430236622376e-05
4.28  0.011783980862427722  5.290284224847774e-05
4.3  0.011768191607593263  5.3211381516627266e-05
4.32  0.01175227511755049  5.351954414626166e-05
4.34  0.011736412983075019  5.3832597662701904e-05
4.36  0.01172077980826314  5.415553916200466e-05
4.38  0.011705542658485748  5.449306035636321e-05
4.4  0.011690860494844812  5.484951933557193e-05
4.42  0.011676883593578949  5.52289187706172e-05
4.44  0.01166375295114887  5.563489018783896e-05
4.46  0.011651599678055482  5.607068386340256e-05
4.48  0.011640544386568148  5.65391638363634e-05
4.5  0.011630696579548412  5.704280750838621e-05
4.5200000000000005  0.011622154049308615  5.7583709266183756e-05
4.54  0.011615002296955359  5.816358757588369e-05
4.5600000000000005  0.011609313983859008  5.878379501032929e-05
4.58  0.011605148427763001  5.944533069696226e-05
4.6000000000000005  0.011602551156576837  6.0148854732527425e-05
4.62  0.011601553533015344  6.089470412554371e-05
4.64  0.011602172463077386  6.168290990543184e-05
4.66  0.011604410200754447  6.251321508669692e-05
4.68  0.011608254260463108  6.338509319125252e-05
4.7  0.011613677447433517  6.429776712239517e-05
4.72  0.011620638014777508  6.525022820640504e-05
4.74  0.0116290799541436  6.624125525670589e-05
4.76  0.011638933424857546  6.726943354690585e-05
4.78  0.011650115324249723  6.833317362464435e-05
4.8  0.01166252999952795  6.943072986807564e-05
4.82  0.011676070099166538  7.056021875951425e-05
4.84  0.01169061755932855  7.1719636819104e-05
4.86  0.011706044718411798  7.290687816823054e-05
4.88  0.01172221555045673  7.41197516918187e-05
4.9  0.0117389870059145  7.535599779552398e-05
4.92  0.011756210446192785  7.661330471442725e-05
4.94  0.01177373315649004  7.788932438435487e-05
4.96  0.011791399919823474  7.91816878338212e-05
4.98  0.01180905463373252  8.048802008372432e-05
5.0  0.01182654195010133  8.180595454296627e-05
5.0200000000000005  0.01184370891775529  8.313314684484666e-05
5.04  0.011860406607056805  8.446728811843993e-05
5.0600000000000005  0.011876491695663918  8.580611764282068e-05
5.08  0.011891827994822628  8.71474348552102e-05
5.1000000000000005  0.011906287896209677  8.848911066529179e-05
5.12  0.01191975372023287  8.982909803508372e-05
5.14  0.011932118947937855  9.116544178414826e-05
5.16  0.011943289320212767  9.249628756683169e-05
5.18  0.011953183789764517  9.381988998733148e-05
5.2  0.011961735313366667  9.513461980766117e-05
5.22  0.011968891474118334  9.643897020331028e-05
5.24  0.011974614925825189  9.773156204147466e-05
5.26  0.011978883654142309  9.901114813415656e-05
5.28  0.011981691051689666  0.00010027661646777548
5.3  0.011983045806987776  0.00010152699235346839
5.32  0.01198297160967433  0.00010276143951920775
5.34  0.011981506677039516  0.0001039792601144594
5.36  0.011978703109374692  0.00010517989364734943
5.38  0.011974626084002722  0.000106362914857899
5.4  0.011969352900017528  0.00010752803054891221
5.42  0.01196297188775735  0.0001086750754156959
5.44  0.011955581198784315  0.00010980400691049759
5.46  0.011947287493641361  0.00011091489918719783
5.48  0.011938204545878111  0.00011200793620547546
5.5  0.011928451781804232  0.00011308340404574666
5.5200000000000005  0.011918152776010514  0.00011414168252939
5.54  0.011907433723079312  0.00011518323621677296
5.5600000000000005  0.011896421905894053  0.00011620860488451961
5.58  0.011885244180700218  0.00011721839356145045
5.6000000000000005  0.011874025498467024  0.0001182132622247849
5.62  0.01186288748128006  0.00011919391524234602
5.64  0.01185194707136629  0.00012016109064262722
5.66  0.011841315269025437  0.0001211155493038925
5.68  0.011831095974183501  0.00012205806413718247
5.7  0.011821384944602761  0.00012298940937911085
5.72  0.011812268881905712  0.00012391035008304233
5.74  0.01180382465464309  0.00012482163199289357
5.76  0.011796118665566277  0.00012572397197024908
5.78  0.011789206368123879  0.0001266180491855752
5.8  0.011783131935000355  0.000127504497256188
5.82  0.011777928079220477  0.00012838389742830596
5.84  0.01177361602612476  0.00012925677281593273
5.86  0.011770205632348337  0.00013012358359921995
5.88  0.011767695645989317  0.00013098472307667515
5.9  0.011766074100348014  0.0001318405144920486
5.92  0.011765318832041809  0.00013269120860571115
5.94  0.011765398112908571  0.0001335369820768516
5.96  0.011766271383849919  0.000134377936710397
5.98  0.01176789007772159  0.00013521409965501762
6.0  0.011770198517503662  0.00013604542461433377
6.0200000000000005  0.011773134875331277  0.00013687179411439495
6.04  0.011776632177546324  0.00013769302283102959
6.0600000000000005  0.011780619340709925  0.00013850886198029505
6.08  0.011785022223572741  0.00013931900474079537
6.1000000000000005  0.011789764680210129  0.00014012309261874273
6.12  0.011794769600042207  0.0001409207226624389
6.140000000000001  0.011799959921068685  0.0001417114554315398
6.16  0.011805259603538593  0.00014249482354892676
6.18  0.011810594552241777  0.000143270340701846
6.2  0.011815893476776206  0.00014403751093502488
6.22  0.01182108868037922  0.0001447958380519042
6.24  0.011826116769316091  0.00014554483496156804
6.26  0.011830919276167409  0.00014628403281616162
6.28  0.011835443191913014  0.0001470129897473774
6.3  0.011839641403125194  0.00014773129907873548
6.32  0.011843473032140044  0.00014843859685079094
6.34  0.011846903679496151  0.00014913456854803183
6.36  0.01184990556937986  0.00014981895491213425
6.38  0.011852457600170882  0.00015049155676368078
6.4  0.011854545303448635  0.00015115223876538528
6.42  0.01185616071601778  0.0001518009320937744
6.44  0.011857302170543513  0.00015243763600571083
6.46  0.011857974011366087  0.00015306241830717057
6.48  0.01185818624283438  0.00015367541478509422
6.5  0.011857954118190158  0.0001542768276451982
6.5200000000000005  0.011857297677529122  0.00015486692305351874
6.54  0.011856241243734803  0.00015544602789364183
6.5600000000000005  0.011854812885512407  0.0001560145258666504
6.58  0.011853043856688528  0.0001565728530541069
6.6000000000000005  0.01185096802087968  0.00015712149311344908
6.62  0.011848621270395258  0.00015766097220224764
6.640000000000001  0.011846040947873159  0.00015819185377962417
6.66  0.011843265278661535  0.00015871473332338353
6.68  0.011840332821327007  0.00015923023301129017
6.7  0.01183728194294436  0.00015973899624742042
6.72  0.011834150324986298  0.0001602416818666018
6.74  0.011830974504696886  0.00016073895764850602
6.76  0.01182778945586249  0.00016123149259227238
6.78  0.011824628211862954  0.00016171994721633662
6.8  0.01182152153288464  0.00016220496093146726
6.82  0.011818497618253338  0.00016268713537390204
6.84  0.01181558186405222  0.00016316701257784944
6.86  0.01181279666567174  0.0001636450469548434
6.88  0.011810161264657082  0.00016412157050268072
6.9  0.011807691639379801  0.0001645967513574444
6.92  0.011805400439502163  0.00016507054689196825
6.94  0.011803296965042152  0.0001655426539534737
6.96  0.011801387191860139  0.00016601246047540438
6.98  0.011799673846352618  0.00016647900426864157
7.0  0.011798156532492197  0.00016694094604175364
7.0200000000000005  0.011796831913314758  0.00016739656361058653
7.04  0.011795693945729439  0.00016784377224798695
7.0600000000000005  0.011794734162352017  0.00016828017179248083
7.08  0.01179394198837045  0.00016870311585996266
7.1000000000000005  0.011793305077845722  0.0001691097942815106
7.12  0.01179280965382472  0.00016949731864592449
7.140000000000001  0.011792440839829551  0.00016986280252203766
7.16  0.011792182974667668  0.00017020343134301096
7.18  0.011792019906280059  0.00017051652012000789
7.2  0.011791935262647296  0.0001707995593519439
7.22  0.011791912698921901  0.00017105025044095417
7.24  0.011791936120325393  0.0001712665321251565
7.26  0.011791989880553666  0.0001714465992506072
7.28  0.011792058955519172  0.00017158891506055443
7.3  0.011792129092482988  0.00017169221797251632
7.32  0.011792186934880083  0.00017175552373649953
7.34  0.011792220123490559  0.0001717781236902825
7.36  0.011792217375011262  0.00017175957978912248
7.38  0.011792168539414873  0.00017169971696453287
7.4  0.011792064637795937  0.0001715986133256791
7.42  0.011791897882577809  0.0001714565886200886
7.44  0.011791661682061052  0.0001712741912748676
7.46  0.011791350631209698  0.00017105218424106087
7.48  0.011790960490459284  0.00017079152971670198
7.5  0.011790488154065422  0.00017049337276068622
7.5200000000000005  0.011789931609175262  0.0001701590237354464
7.54  0.011789289886500187  0.00016978993948336778
7.5600000000000005  0.011788563003159032  0.00016938770322052615
7.58  0.011787751898041274  0.000168954003144806
7.6000000000000005  0.011786858359998452  0.0001684906099376434
7.62  0.01178588494916721  0.00016799935345562816
7.640000000000001  0.011784834911912066  0.00016748209906942686
7.66  0.011783712090114046  0.00016694072422218355
7.68  0.011782520825841416  0.00016637709584509206
7.7  0.01178126586272325  0.00016579304925145563
7.72  0.011779952245617419  0.0001651903690999424
7.74  0.011778585220372525  0.00016457077287419233
7.76  0.011777170135578082  0.00016393589720732117
7.78  0.01177571234823693  0.00016328728720070806
7.8  0.011774217135207592  0.00016262638875986346
7.82  0.011772689612152238  0.00016195454381646307
7.84  0.01177113466148253  0.00016127298821604687
7.86  0.011769556870589871  0.000160582851970254
7.88  0.011767960481298655  0.00015988516153796927
7.9  0.011766349351234323  0.0001591808437751045
7.92  0.011764726927403837  0.00015847073121151085
7.94  0.011763096232044972  0.00015775556830982724
7.96  0.011761459860414158  0.00015703601842189367
7.98  0.011759819989947422  0.00015631267115165913
8.0  0.011758178399936065  0.00015558604991760172
8.02  0.011756536500652955  0.00015485661941579685
8.040000000000001  0.011754895370676295  0.0001541247927007341
8.06  0.011753255801010849  0.00015339093746094274
8.08  0.01175161834444926  0.00015265538128529237
8.1  0.011749983368461031  0.00015191841624276396
8.120000000000001  0.011748351109957311  0.00015118030352855076
8.14  0.011746721730448781  0.00015044127818023885
8.16  0.011745095370192898  0.00014970155316803852
8.18  0.011743472199832699  0.00014896132238020882
8.2  0.0117418524681727  0.00014822076255538653
8.22  0.01174023654487117  0.00014748003436894765
8.24  0.01173862495709073  0.00014673928284118158
8.26  0.01173701841934413  0.0001459986371696097
8.28  0.011735417855940346  0.00014525821006686256
8.3  0.011733824415663247  0.0001445180967113015
8.32  0.01173223947850822  0.0001437783734637115
8.34  0.011730664654519725  0.0001430390964438512
8.36  0.011729101774958263  0.00014230030002108717
8.38  0.011727552876150198  0.00014156199534371225
8.4  0.011726020176582745  0.00014082416906721797
8.42  0.01172450604793731  0.00014008678238024548
8.44  0.011723012980894428  0.00013934977041192966
8.46  0.01172154354661785  0.00013861304211498988
8.48  0.011720100354898226  0.0001378764806750628
8.5  0.011718686009997533  0.0001371399445001693
8.52  0.011717303065262363  0.00013640326882812166
8.540000000000001  0.011715953977551562  0.00013566626795871706
8.56  0.011714641062521076  0.00013492873809780806
8.58  0.011713366451769906  0.00013419046079833473
8.6  0.011712132052762537  0.0001334512069520065
8.620000000000001  0.011710939512381682  0.00013271074125834997
8.64  0.011709790184864927  0.00013196882712021308
8.66  0.011708685104773905  0.0001312252318612155
8.68  0.01170762496550935  0.000130479732165613
8.700000000000001  0.011706610103782447  0.0001297321196544867
8.72  0.011705640490314403  0.0001289822064621604
8.74  0.011704715726891784  0.00012822983072469026
8.76  0.011703835049805433  0.0001274748618364192
8.78  0.011702997339539667  0.00012671720539341168
8.8  0.011702201136486099  0.000125956807689773
8.82  0.011701444662325524  0.00012519365969198952
8.84  0.011700725846636128  0.00012442780037765665
8.86  0.011700042358174012  0.00012365931937901908
8.88  0.01169939164022234  0.00012288835885851038
8.9  0.011698770949321964  0.00012211511455837354
8.92  0.011698177396647089  0.00012133983600686729
8.94  0.011697607991278294  0.00012056282584157904
8.96  0.01169705968458853  0.000119784438258812
8.98  0.011696529414950151  0.00011900507659776724
9.0  0.011696014152006176  0.0001182251900839577
9.02  0.011695510939765754  0.00011744526978782748
9.040000000000001  0.01169501693779295  0.00011666584386128462
9.06  0.011694529459872509  0.00011588747210726806
9.08  0.01169404600952091  0.00011511073999403575
9.1  0.011693564311845574  0.00011433625220367313
9.120000000000001  0.011693082341291551  0.00011356462582039006
9.14  0.011692598344912514  0.00011279648326474064
9.16  0.011692110860885714  0.0001120324451069284
9.18  0.011691618732086745  0.00011127312286232335
9.200000000000001  0.011691121114614907  0.00011051911188933011
9.22  0.011690617481269162  0.00010977098450669598
9.24  0.011690107620036997  0.00010902928343601762
9.26  0.011689591627760242  0.00010829451567114483
9.28  0.011689069899209942  0.00010756714686660068
9.3  0.01168854311187055  0.00010684759631942361
9.32  0.011688012206787605  0.0001061362326312199
9.34  0.011687478365916435  0.00010543337006608416
9.36  0.01168694298638729  0.00010473926566243467
9.38  0.011686407652198175  0.00010405411709207293
9.4  0.011685874103795343  0.00010337806122229785
9.42  0.011685344206046569  0.00010271117335441672
9.44  0.011684819915069526  0.00010205346703294824
9.46  0.011684303244449247  0.00010140489447001979
9.48  0.011683796231508597  0.00010076534791887454
9.5  0.011683300904769399  0.00010013466305446939
9.52  0.011682819254272824  9.95126261292176e-05
9.540000000000001  0.011682353206102  9.889898542524134e-05
9.56  0.01168190460007778  9.829346291426443e-05
9.58  0.011681475167187629  9.769575899167335e-05
9.6  0.01168106650551333  9.710554967008923e-05
9.620000000000001  0.011680680057647781  9.652248380964652e-05
9.64  0.011680317092700546  9.594618590743958e-05
9.66  0.011679978693367527  9.5376263242874e-05
9.68  0.01167966574718883  9.48123141405912e-05
9.700000000000001  0.011679378941237557  9.425393555342399e-05
9.72  0.011679118759856957  9.370072961662759e-05
9.74  0.011678885485335373  9.315230934310868e-05
9.76  0.011678679201403743  9.26083036901339e-05
9.78  0.0116784997994602  9.206836212140323e-05
9.8  0.011678346987323689  9.153215872027837e-05
9.82  0.011678220300315092  9.099939583300724e-05
9.84  0.011678119114380707  9.046980723339436e-05
9.86  0.01167804266097857  8.994316075852844e-05
9.88  0.011677990043390247  8.941926039563488e-05
9.9  0.011677960254145702  8.889794778383004e-05
9.92  0.011677952193201925  8.837910311517561e-05
9.94  0.011677964686554979  8.786264544373906e-05
9.96  0.011677996504948454  8.734853238191883e-05
9.98  0.011678046382368308  8.683675922263167e-05
10.0  0.011678113034028275  8.632735750376073e-05
10.02  0.011678195173577145  8.582039305138665e-05
10.040000000000001  0.011678291529275468  8.531596354827972e-05
10.06  0.011678400858939217  8.481419567969847e-05
10.08  0.011678521963462519  8.431524191301198e-05
10.1  0.0116786536987777  8.381927697414328e-05
10.120000000000001  0.011678794986136361  8.332649409562259e-05
10.14  0.01167894482064465  8.283710108746332e-05
10.16  0.011679102277997951  8.23513163181482e-05
10.18  0.011679266519429948  8.186936466718727e-05
10.200000000000001  0.011679436794876886  8.139147352074507e-05
10.22  0.011679612444441965  8.09178688606217e-05
10.24  0.01167979289821941  8.044877152710219e-05
10.26  0.011679977674602684  7.998439370347023e-05
10.28  0.011680166377204098  7.95249356619742e-05
10.3  0.011680358690534916  7.907058283792781e-05
10.32  0.011680554374607246  7.862150323978846e-05
10.34  0.011680753258634987  7.817784525103314e-05
10.36  0.01168095523401412  7.77397358314154e-05
10.38  0.01168116024676397  7.730727913374242e-05
10.4  0.011681368289617291  7.688055554993725e-05
10.42  0.011681579393927175  7.645962117420075e-05
10.44  0.011681793621578155  7.604450768388982e-05
10.46  0.011682011057053639  7.563522262297149e-05
10.48  0.01168223179980315  7.523175006183034e-05
10.5  0.011682455957063333  7.483405161460476e-05
10.52  0.01168268363721739  7.444206776873754e-05
10.540000000000001  0.011682914943830355  7.405571951300767e-05
10.56  0.011683149970401199  7.367491020171909e-05
10.58  0.011683388795921325  7.32995276235896e-05
10.6  0.011683631481260962  7.292944623470176e-05
10.620000000000001  0.011683878066412495  7.256452950348002e-05
10.64  0.011684128568582364  7.220463232754506e-05
10.66  0.011684382981126767  7.1849603478032e-05
10.68  0.011684641273281539  7.149928803061736e-05
10.700000000000001  0.011684903390655588  7.115352973219638e-05
10.72  0.011685169256411006  7.081217329049302e-05
10.74  0.01168543877306662  7.04750665376851e-05
10.76  0.011685711824848507  7.014206243222305e-05
10.78  0.011685988280499375  6.981302090554862e-05
10.8  0.011686267996465553  6.948781049600117e-05
10.82  0.011686550820377745  6.916630978605999e-05
10.84  0.011686836594739281  6.884840859496769e-05
10.86  0.01168712516074323  6.853400893094076e-05
10.88  0.011687416362122324  6.822302565789997e-05
10.9  0.011687710048926396  6.791538684120538e-05
10.92  0.01168800608109935  6.761103374076482e-05
10.94  0.011688304331682279  6.730992041204925e-05
10.96  0.011688604689479326  6.701201291828323e-05
10.98  0.01168890706101331  6.671728819176916e-05
11.0  0.0116892113717038  6.642573265149622e-05
11.02  0.011689517566252777  6.613734071024248e-05
11.040000000000001  0.011689825608375356  6.585211331400486e-05
11.06  0.011690135479997692  6.557005662720893e-05
11.08  0.011690447180092661  6.529118089607132e-05
11.1  0.011690760723230477  6.501549948115216e-05
11.120000000000001  0.011691076137863379  6.474302799612443e-05
11.14  0.01169139346434959  6.447378349595681e-05
11.16  0.011691712752673947  6.420778364816832e-05
11.18  0.011692034059867289  6.39450458645366e-05
11.200000000000001  0.011692357447122052  6.368558639005274e-05
11.22  0.011692682976657449  6.342941936609078e-05
11.24  0.011693010708373195  6.317655591776231e-05
11.26  0.011693340696385605  6.292700326868329e-05
11.28  0.0116936729855249  6.268076396614882e-05
11.3  0.011694007607875513  6.243783521060032e-05
11.32  0.011694344579465159  6.21982083419109e-05
11.34  0.011694683897178905  6.196186848428587e-05
11.36  0.0116950255359745  6.172879436166763e-05
11.38  0.011695369446474216  6.149895828519637e-05
11.4  0.01169571555299636  6.127232631436872e-05
11.42  0.011696063752069552  6.104885856297941e-05
11.44  0.01169641391146355  6.0828509654546885e-05
11.46  0.011696765869771183  6.061122929147558e-05
11.48  0.011697119436541828  6.039696292698337e-05
11.5  0.011697474392967963  6.018565251601055e-05
11.52  0.011697830493117303  5.99772373184293e-05
11.540000000000001  0.011698187465677846  5.9771654733265075e-05
11.56  0.011698545016187304  5.956884114845175e-05
11.58  0.011698902829702325  5.936873277866014e-05
11.6  0.011699260573851096  5.917126647908002e-05
11.620000000000001  0.011699617902219154  5.8976380505730466e-05
11.64  0.011699974458001635  5.878401522930489e-05
11.66  0.011700329877851794  5.859411376480105e-05
11.68  0.011700683795861278  5.8406622534862686e-05
11.700000000000001  0.011701035847594892  5.8221491729257854e-05
11.72  0.011701385674119373  5.80386756806404e-05
11.74  0.011701732925947572  5.7858133134729844e-05
11.76  0.011702077266843379  5.7679827422763485e-05
11.78  0.011702418377406109  5.75037265451052e-05
11.8  0.011702755958405305  5.732980314184882e-05
11.82  0.011703089733787107  5.7158034381997816e-05
11.84  0.011703419453327018  5.698840177242214e-05
11.86  0.011703744894881653  5.6820890870608526e-05
11.88  0.011704065866211684  5.6655490941252026e-05
11.9  0.011704382206361457  5.6492194547010175e-05
11.92  0.011704693786562019  5.6330997084062394e-05
11.94  0.011705000510678198  5.617189628051713e-05
11.96  0.011705302315172708  5.601489166180327e-05
11.98  0.011705599168628913  5.585998399901113e-05
12.0  0.011705891070817574  5.570717474691957e-05
12.02  0.011706178051351244  5.555646547701886e-05
12.040000000000001  0.011706460167955478  5.540785733587297e-05
12.06  0.01170673750437844  5.5261350510463236e-05
12.08  0.01170701016799694  5.511694373232619e-05
12.1  0.011707278287148203  5.4974633816608036e-05
12.120000000000001  0.011707542008249694  5.483441525185051e-05
12.14  0.011707801492738614  5.469627982868352e-05
12.16  0.011708056913898778  5.4560216337953295e-05
12.18  0.011708308453618392  5.442621032408025e-05
12.200000000000001  0.011708556299130809  5.429424389835635e-05
12.22  0.011708800639787409  5.4164295621804805e-05
12.24  0.01170904166391662  5.4036340451100345e-05
12.26  0.011709279555807705  5.391034974842971e-05
12.280000000000001  0.01170951449286147  5.3786291352925946e-05
12.3  0.0117097466429544  5.366412971846387e-05
12.32  0.011709976162043877  5.354382610036414e-05
12.34  0.011710203192036202  5.34253387963438e-05
12.36  0.011710427858960171  5.33086234340918e-05
12.38  0.011710650271448589  5.319363330590657e-05
12.4  0.01171087051954535  5.308031972721676e-05
12.42  0.011711088673844794  5.296863242903587e-05
12.44  0.011711304784971498  5.285851997369e-05
12.46  0.011711518883389001  5.274993018013338e-05
12.48  0.011711730979532103  5.264281055576903e-05
12.5  0.011711941064249458  5.253710873215231e-05
12.52  0.011712149109539952  5.243277288542844e-05
12.540000000000001  0.011712355069559616  5.2329752158160726e-05
12.56  0.011712558881874764  5.222799704149739e-05
12.58  0.01171276046893124  5.212745974954113e-05
12.6  0.011712959739707613  5.202809454746027e-05
12.620000000000001  0.011713156591530407  5.192985806221518e-05
12.64  0.011713350912002912  5.183270953994153e-05
12.66  0.011713542581020846  5.173661106351162e-05
12.68  0.011713731472839562  5.164152773480535e-05
12.700000000000001  0.011713917458163026  5.154742780283752e-05
12.72  0.011714100406205716  5.145428275147749e-05
12.74  0.011714280186720246  5.1362067334975974e-05
12.76  0.011714456671934992  5.127075956872732e-05
12.780000000000001  0.011714629738396659  5.118034068052324e-05
12.8  0.011714799268675103  5.109079502044135e-05
12.82  0.011714965152927245  5.1002109921578266e-05
12.84  0.01171512729027976  5.091427553267306e-05
12.86  0.011715285590038142  5.082728461508273e-05
12.88  0.011715439972693803  5.0741132315336565e-05
12.9  0.011715590370728664  5.0655815906950165e-05
12.92  0.011715736729215824  5.0571334517355074e-05
12.94  0.011715879006208161  5.048768883533214e-05
12.96  0.011716017172923636  5.0404880819289346e-05
12.98  0.011716151213729167  5.032291338078973e-05
13.0  0.011716281125939861  5.024179009059318e-05
13.02  0.011716406919427148  5.016151487154347e-05
13.040000000000001  0.011716528616075087  5.008209170831614e-05
13.06  0.011716646249081242  5.000352436603477e-05
13.08  0.01171675986213111  4.992581613152058e-05
13.1  0.011716869508451345  4.984896956604438e-05
13.120000000000001  0.011716975249785993  4.977298628213898e-05
13.14  0.011717077155288861  4.9697866758317485e-05
13.16  0.011717175300374184  4.962361016465502e-05
13.18  0.011717269765539409  4.9550214223037785e-05
13.200000000000001  0.011717360635173443  4.947767510236895e-05
13.22  0.01171744799638353  4.940598733807136e-05
13.24  0.011717531937849196  4.933514378397297e-05
13.26  0.01171761254872437  4.926513559881147e-05
13.280000000000001  0.011717689917603646  4.919595224925279e-05
13.3  0.011717764131563472  4.912758155663856e-05
13.32  0.011717835275295178  4.906000975821211e-05
13.34  0.011717903430338064  4.899322160080465e-05
13.36  0.011717968674413545  4.892720044755524e-05
13.38  0.011718031080875917  4.886192840814255e-05
13.4  0.011718090718277618  4.879738648651841e-05
13.42  0.01171814765005055  4.8733554744075785e-05
13.44  0.011718201934306885  4.8670412462232615e-05
13.46  0.011718253623746814  4.860793832693497e-05
13.48  0.011718302765678623  4.854611060459336e-05
13.5  0.011718349402139493  4.848490732833481e-05
13.52  0.011718393570111464  4.8424306477892526e-05
13.540000000000001  0.011718435301822334  4.8364286153188506e-05
13.56  0.01171847462511927  4.830482474683283e-05
13.58  0.011718511563906325  4.824590109824803e-05
13.6  0.011718546138639672  4.81874946462995e-05
13.620000000000001  0.011718578366855314  4.812958555824084e-05
13.64  0.01171860826373039  4.807215485436628e-05
13.66  0.011718635842657827  4.801518450764521e-05
13.68  0.011718661115827178  4.795865752178541e-05
13.700000000000001  0.011718684094793127  4.7902558009092766e-05
13.72  0.011718704791038875  4.784687123476661e-05
13.74  0.011718723216489962  4.779158364295866e-05
13.76  0.011718739384017874  4.773668287697138e-05
13.780000000000001  0.011718753307881837  4.7682157771500354e-05
13.8  0.011718765004123381  4.7627998327334005e-05
13.82  0.011718774490909961  4.7574195683606135e-05
13.84  0.01171878178881381  4.7520742058498476e-05
13.86  0.011718786921030953  4.7467630690722126e-05
13.88  0.011718789913531313  4.741485576574583e-05
13.9  0.011718790795152964  4.736241233002875e-05
13.92  0.011718789597627066  4.7310296201045956e-05
13.94  0.011718786355541244  4.7258503874066766e-05
13.96  0.011718781106249868  4.72070324133557e-05
13.98  0.011718773889726267  4.715587936256183e-05
14.0  0.011718764748371701  4.71050426320539e-05
14.02  0.01171875372677593  4.705452040243012e-05
14.040000000000001  0.011718740871445161  4.70043110292815e-05
14.06  0.011718726230499188  4.6954412948907204e-05
14.08  0.011718709853346776  4.6904824591934295e-05
14.1  0.01171869179034411  4.6855544304385036e-05
14.120000000000001  0.011718672092447315  4.680657027893891e-05
14.14  0.011718650810861198  4.67579004892934e-05
14.16  0.011718627996695041  4.670953264053902e-05
14.18  0.011718603700629982  4.666146412817722e-05
14.200000000000001  0.011718577972603922  4.6613692003333795e-05
14.22  0.011718550861522853  4.656621295178701e-05
14.24  0.011718522414996685  4.6519023284274485e-05
14.26  0.011718492679107951  4.6472118933818616e-05
14.280000000000001  0.011718461698220575  4.642549546032468e-05
14.3  0.011718429514823119  4.637914806671209e-05
14.32  0.011718396169412814  4.633307162260164e-05
14.34  0.011718361700418359  4.628726069504801e-05
14.36  0.011718326144170208  4.624170958226836e-05
14.38  0.01171828953489969  4.61964123545448e-05
14.4  0.01171825190478858  4.615136289750477e-05
14.42  0.011718213284046129  4.610655496242608e-05
14.44  0.011718173701018136  4.60619822118138e-05
14.46  0.011718133182337167  4.601763827078012e-05
14.48  0.011718091753088015  4.59735167769127e-05
14.5  0.011718049436996362  4.5929611426706845e-05
14.52  0.011718006256642457  4.588591602494157e-05
14.540000000000001  0.011717962233676802  4.5842424527301915e-05
14.56  0.011717917389054991  4.5799131075709165e-05
14.58  0.011717871743267567  4.575603004227101e-05
14.6  0.011717825316577852  4.5713116052456234e-05
14.620000000000001  0.0117177781292412  4.567038401389977e-05
14.64  0.011717730201727313  4.562782913772654e-05
14.66  0.011717681554922645  4.558544695214869e-05
14.68  0.0117176322103181  4.554323330889986e-05
14.700000000000001  0.011717582190170134  4.550118439010061e-05
14.72  0.011717531517645513  4.5459296703567503e-05
14.74  0.011717480216940412  4.541756707692287e-05
14.76  0.011717428313370717  4.537599264507519e-05
14.780000000000001  0.011717375833428889  4.533457083263058e-05
14.8  0.011717322804824475  4.5293299332889165e-05
14.82  0.0117172692564852  4.525217608604984e-05
14.84  0.011717215218534973  4.521119925008618e-05
14.86  0.011717160722242662  4.517036717359809e-05
14.88  0.011717105799948047  4.512967836367999e-05
14.9  0.01171705048496307  4.508913145927993e-05
14.92  0.01171699481144695  4.5048725191599215e-05
14.94  0.011716938814272684  4.5008458365414336e-05
14.96  0.011716882528864502  4.4968329819351294e-05
14.98  0.011716825991033146  4.492833840313203e-05
15.0  0.011716769236799623  4.488848294793293e-05
15.02  0.011716712302205062  4.4848762247025374e-05
15.040000000000001  0.011716655223127825  4.4809175038235084e-05
15.06  0.011716598035092235  4.476971997872806e-05
15.08  0.011716540773087442  4.473039563832287e-05
15.1  0.011716483471388584  4.4691200486601356e-05
15.120000000000001  0.011716426163386324  4.46521328915328e-05
15.14  0.011716368881431679  4.461319110987162e-05
15.16  0.011716311656692967  4.457437329656697e-05
15.18  0.011716254519029587  4.453567750372576e-05
15.200000000000001  0.011716197496884552  4.4497101689485504e-05
15.22  0.011716140617192167  4.4458643733764035e-05
15.24  0.011716083905311293  4.4420301445986105e-05
15.26  0.011716027384971985  4.4382072585030525e-05
15.280000000000001  0.011715971078254166  4.434395487572316e-05
15.3  0.011715915005572826  4.430594602991198e-05
15.32  0.011715859185695988  4.426804376133535e-05
15.34  0.011715803635773514  4.4230245814623785e-05
15.36  0.011715748371388428  4.419254998257795e-05
15.38  0.011715693406624896  4.4154954125177274e-05
15.4  0.011715638754146699  4.411745619157078e-05
15.42  0.011715584425295538  4.408005424152902e-05
15.44  0.011715530430197752  4.4042746459814095e-05
15.46  0.011715476777880294  4.4005531174239965e-05
15.48  0.011715423476389673  4.396840687017343e-05
15.5  0.011715370532922816  4.3931372200475935e-05
15.52  0.011715317953957766  4.389442599701511e-05
15.540000000000001  0.011715265745385367  4.3857567277353574e-05
15.56  0.011715213912636125  4.382079525192304e-05
15.58  0.011715162460806611  4.378410931847224e-05
15.6  0.01171511139478074  4.374750907044602e-05
15.620000000000001  0.011715060719343284  4.371099428717817e-05
15.64  0.011715010439281963  4.3674564933314974e-05
15.66  0.011714960559484615  4.3638221146635324e-05
15.68  0.011714911085020704  4.3601963228354166e-05
15.700000000000001  0.011714862021216155  4.356579163560041e-05
15.72  0.011714813373712786  4.352970696061315e-05
15.74  0.011714765148511639  4.349370991859166e-05
15.76  0.011714717352010705  4.345780133060604e-05
15.780000000000001  0.011714669991025628  4.3421982106251226e-05
15.8  0.011714623072795274  4.338625322096798e-05
15.82  0.011714576604979262  4.335061570140392e-05
15.84  0.011714530595645194  4.3315070604286457e-05
15.860000000000001  0.011714485053237439  4.327961899240471e-05
15.88  0.011714439986543541  4.3244261925246854e-05
15.9  0.011714395404649892  4.3209000431035794e-05
15.92  0.011714351316884404  4.3173835493835494e-05
15.94  0.011714307732760085  4.3138768037729734e-05
15.96  0.011714264661912112  4.3103798912148524e-05
15.98  0.011714222114023237  4.306892887529477e-05
16.0  0.011714180098756449  4.303415858904268e-05
16.02  0.011714138625681384  4.2999488604383894e-05
16.04  0.011714097704201735  4.296491935731412e-05
16.06  0.011714057343481969  4.293045116404292e-05
16.080000000000002  0.011714017552379618  4.289608421609444e-05
16.1  0.011713978339380163  4.286181858423029e-05
16.12  0.011713939712533063  4.282765421579959e-05
16.14  0.011713901679399539  4.279359094026586e-05
16.16  0.01171386424699955  4.275962847691088e-05
16.18  0.011713827421770785  4.272576643882459e-05
16.2  0.011713791209530257  4.269200434417025e-05
16.22  0.0117137556154498  4.2658341627136245e-05
16.240000000000002  0.011713720644028747  4.262477764978463e-05
16.26  0.011713686299086163  4.2591311714084584e-05
16.28  0.011713652583754348  4.2557943074494344e-05
16.3  0.011713619500475482  4.252467095715583e-05
16.32  0.011713587051014619  4.249149456808058e-05
16.34  0.011713555236469858  4.245841311188855e-05
16.36  0.011713524057298284  4.242542580512772e-05
16.38  0.011713493513334635  4.2392531888241875e-05
16.4  0.01171346360382831  4.235973063929999e-05
16.42  0.011713434327471975  4.2327021391807206e-05
16.44  0.011713405682440486  4.229440354105139e-05
16.46  0.011713377666428616  4.226187655573526e-05
16.48  0.011713350276692354  4.222943998951522e-05
16.5  0.011713323510089815  4.219709348434424e-05
16.52  0.011713297363120566  4.2164836785047745e-05
16.54  0.011713271831967634  4.213266973831923e-05
16.56  0.011713246912535584  4.210059229819979e-05
16.580000000000002  0.011713222600485337  4.206860452923226e-05
16.6  0.011713198891271866  4.203670660820236e-05
16.62  0.011713175780172717  4.200489882215006e-05
16.64  0.0117131532623177  4.1973181564630246e-05
16.66  0.011713131332713872  4.194155533734147e-05
16.68  0.011713109986267976  4.1910020740842566e-05
16.7  0.011713089217800114  4.18785784719198e-05
16.72  0.011713069022061907  4.18472293152954e-05
16.740000000000002  0.011713049393745322  4.181597413578403e-05
16.76  0.011713030327488785  4.178481387269261e-05
16.78  0.011713011817877865  4.1753749530578125e-05
16.8  0.011712993859447237  4.172278216761887e-05
16.82  0.011712976446678815  4.1691912889258874e-05
16.84  0.011712959573996285  4.1661142834905815e-05
16.86  0.01171294323575732  4.1630473168114356e-05
16.88  0.011712927426248637  4.159990506980027e-05
16.9  0.011712912139675753  4.156943972096497e-05
16.92  0.01171289737015295  4.153907829483361e-05
16.94  0.011712883111697481  4.150882194822297e-05
16.96  0.011712869358215158  4.1478671809483056e-05
16.98  0.011712856103496646  4.1448628967422985e-05
17.0  0.01171284334120696  4.141869446607437e-05
17.02  0.011712831064876666  4.138886929381505e-05
17.04  0.01171281926789825  4.135915437502143e-05
17.06  0.011712807943523688  4.1329550561092806e-05
17.080000000000002  0.01171279708485796  4.1300058629999484e-05
17.1  0.011712786684863577  4.127067927706742e-05
17.12  0.011712776736361246  4.124141310997756e-05
17.14  0.011712767232031879  4.12122606474607e-05
17.16  0.011712758164426393  4.1183222315268274e-05
17.18  0.01171274952597051  4.115429845129911e-05
17.2  0.011712741308975679  4.1125489301591415e-05
17.22  0.011712733505651662  4.109679502277305e-05
17.240000000000002  0.011712726108120873  4.106821568908075e-05
17.26  0.011712719108428058  4.103975129188183e-05
17.28  0.011712712498560165  4.1011401749968285e-05
17.3  0.011712706270460503  4.098316691234698e-05
17.32  0.011712700416045153  4.095504656831167e-05
17.34  0.01171269492721768  4.092704045305617e-05
17.36  0.011712689795888274  4.089914826008634e-05
17.38  0.011712685013987912  4.0871369645677344e-05
17.400000000000002  0.011712680573480575  4.084370424217585e-05
17.42  0.01171267646638  4.0816151665156125e-05
17.44  0.011712672684763765  4.0788711522439806e-05
17.46  0.011712669220778283  4.076138342612223e-05
17.48  0.011712666066650676  4.073416699568161e-05
17.5  0.011712663214697133  4.070706187356889e-05
17.52  0.011712660657324722  4.0680067726725565e-05
17.54  0.01171265838703877  4.0653184256681126e-05
17.56  0.011712656396439047  4.0626411206717914e-05
17.580000000000002  0.011712654678222606  4.059974836126873e-05
17.6  0.01171265322517821  4.0573195557173176e-05
17.62  0.01171265203018064  4.054675268381992e-05
17.64  0.011712651086185674  4.052041968739497e-05
17.66  0.011712650386220578  4.049419656769064e-05
17.68  0.011712649923374065  4.0468083382207056e-05
17.7  0.011712649690783686  4.044208024871589e-05
17.72  0.011712649681626445  4.041618733716286e-05
17.740000000000002  0.011712649889101777  4.0390404870752116e-05
17.76  0.01171265030642045  4.0364733124958075e-05
17.78  0.011712650926788637  4.033917242208699e-05
17.8  0.011712651743397359  4.0313723124135595e-05
17.82  0.011712652749406364  4.0288385636017996e-05
17.84  0.011712653937932898  4.026316039019951e-05
17.86  0.011712655302037151  4.023804785314322e-05
17.88  0.011712656834716687  4.021304850948445e-05
17.900000000000002  0.011712658528894151  4.018816286142923e-05
17.92  0.01171266037740918  4.0163391420772816e-05
17.94  0.011712662373014882  4.0138734707950566e-05
17.96  0.011712664508374356  4.011419324150207e-05
17.98  0.011712666776060008  4.008976753262864e-05
18.0  0.01171266916855061  4.0065458081421635e-05
18.02  0.011712671678236992  4.00412653734296e-05
18.04  0.011712674297428777  4.0017189868083813e-05
18.06  0.011712677018358666  3.999323200121267e-05
18.080000000000002  0.01171267983319495  3.996939217211092e-05
18.1  0.011712682734048484  3.9945670747412797e-05
18.12  0.011712685712989817  3.9922068051790347e-05
18.14  0.011712688762058769  3.989858436816038e-05
18.16  0.011712691873286427  3.987521993037657e-05
18.18  0.011712695038704098  3.985197492269643e-05
18.2  0.011712698250368598  3.9828849475596634e-05
18.22  0.0117127015003772  3.980584367151342e-05
18.240000000000002  0.011712704780881903  3.9782957533030763e-05
18.26  0.011712708084114766  3.976019102673546e-05
18.28  0.011712711402402936  3.9737544065332096e-05
18.3  0.011712714728186396  3.971501650609538e-05
18.32  0.011712718054034569  3.969260815596463e-05
18.34  0.011712721372667243  3.9670318763048405e-05
18.36  0.011712724676966445  3.964814803030756e-05
18.38  0.011712727959989152  3.962609561007413e-05
18.400000000000002  0.011712731214984222  3.960416111261901e-05
18.42  0.011712734435402427  3.9582344103860506e-05
18.44  0.011712737614905313  3.956064411363478e-05
18.46  0.011712740747372986  3.9539060636032276e-05
18.48  0.011712743826910857  3.951759313834327e-05
18.5  0.011712746847853325  3.949624105858019e-05
18.52  0.011712749804769284  3.947500381313825e-05
18.54  0.011712752692457282  3.945388080142117e-05
18.56  0.011712755505947383  3.943287140660665e-05
18.580000000000002  0.01171275824049807  3.941197500158516e-05
18.6  0.01171276089158974  3.939119095335166e-05
18.62  0.011712763454917816  3.9370518624442055e-05
18.64  0.011712765926387292  3.934995737542844e-05
18.66  0.011712768302097724  3.9329506570338413e-05
18.68  0.011712770578338024  3.9309165572973584e-05
18.7  0.0117127727515687  3.928893375591537e-05
18.72  0.011712774818414809  3.92688104988697e-05
18.740000000000002  0.011712776775645185  3.9248795192722515e-05
18.76  0.011712778620166637  3.922888723123546e-05
18.78  0.011712780349002017  3.920908602407622e-05
18.8  0.01171278195927979  3.9189390990323526e-05
18.82  0.011712783448219495  3.916980156072001e-05
18.84  0.011712784813114784  3.9150317178076016e-05
18.86  0.01171278605132393  3.913093729595679e-05
18.88  0.011712787160255339  3.9111661380239026e-05
18.900000000000002  0.011712788137355483  3.909248890770123e-05
18.92  0.011712788980099661  3.907341936690864e-05
18.94  0.011712789685982427  3.905445225538766e-05
18.96  0.011712790252508239  3.9035587086467746e-05
18.98  0.011712790677184948  3.901682337687369e-05
19.0  0.011712790957520855  3.89981606544394e-05
19.02  0.011712791091017218  3.8979598458639653e-05
19.04  0.011712791075170273  3.896113633579921e-05
19.06  0.011712790907463685  3.894277384147775e-05
19.080000000000002  0.01171279058537701  3.892451053857064e-05
19.1  0.011712790106382293  3.890634599742907e-05
19.12  0.011712789467948494  3.8888279793625495e-05
19.14  0.011712788667546332  3.887031151347131e-05
19.16  0.01171278770264985  3.8852440745946874e-05
19.18  0.011712786570749204  3.883466708732707e-05
19.2  0.011712785269349688  3.881699013901397e-05
19.22  0.011712783795986711  3.879940950710201e-05
19.240000000000002  0.011712782148227368  3.8781924805188694e-05
19.26  0.011712780323682927  3.876453564949931e-05
19.28  0.011712778320014161  3.8747241659866163e-05
19.3  0.011712776134944793  3.873004246352039e-05
19.32  0.011712773766266019  3.8712937688049486e-05
19.34  0.011712771211845751  3.8695926966531686e-05
19.36  0.011712768469638618  3.867900993452159e-05
19.38  0.01171276553769372  3.866218623132633e-05
19.400000000000002  0.011712762414158702  3.864545549973452e-05
19.42  0.011712759097290533  3.862881738120105e-05
19.44  0.01171275558545691  3.861227152399924e-05
19.46  0.011712751877147428  3.859581757407831e-05
19.48  0.011712747970974564  3.857945517899363e-05
19.5  0.011712743865676976  3.856318398809752e-05
19.52  0.011712739560123638  3.8547003647476685e-05
19.54  0.011712735053314239  3.85309138056788e-05
19.56  0.011712730344381004  3.85149141096465e-05
19.580000000000002  0.011712725432593067  3.8499004203428294e-05
19.6  0.011712720317346617  3.848318372885203e-05
19.62  0.011712714998170042  3.846745232724834e-05
19.64  0.011712709474722905  3.845180963719973e-05
19.66  0.011712703746788771  3.84362552940765e-05
19.68  0.011712697814274853  3.842078893403133e-05
19.7  0.011712691677206406  3.840541018515026e-05
19.72  0.011712685335725184  3.839011867917485e-05
19.740000000000002  0.011712678790085747  3.83749140437466e-05
19.76  0.011712672040645772  3.8359795906077064e-05
19.78  0.011712665087867016  3.834476389167246e-05
19.8  0.011712657932307233  3.832981762566962e-05
19.82  0.011712650574620443  3.831495673683609e-05
19.84  0.011712643015546783  3.8300180849526336e-05
19.86  0.01171263525591232  3.828548959412982e-05
19.88  0.011712627296623158  3.8270882602361555e-05
19.900000000000002  0.011712619138662414  3.82563595075816e-05
19.92  0.011712610783086799  3.8241919946689303e-05
19.94  0.011712602231024249  3.822756355872551e-05
19.96  0.01171259348366879  3.8213289987667066e-05
19.98  0.011712584542282831  3.819909888113439e-05
20.0  0.01171257540818883  3.818498988789049e-05
