0  1.0  0.0  0.0  0.0  
0.02  0.9988128604970747  0.0004175005442251166  0.0007880823898803352  7.749395073785908e-06  
0.04  0.9945926573058088  0.0021501893549248263  0.0032287625729731494  2.4729238372733227e-05  
0.06  0.9872046592461916  0.005537078880922607  0.007188731389295654  6.676912266559613e-05  
0.08  0.9770484697369989  0.010325360672081622  0.012466689141900031  0.00015598905891634263  
0.1  0.96447221505516  0.01631943320317076  0.018881529518141548  0.00032245103581149837  
0.12  0.9497871312919905  0.02334461578537094  0.02626996885445562  0.0005928639451859185  
0.14  0.933275278269927  0.03124437868882959  0.034485052381118646  0.0009884671978360575  
0.16  0.915193566735421  0.03987974311035916  0.04339531608487143  0.0015223393968989778  
0.18  0.8957763950714942  0.049129325554837136  0.052884048927600825  0.0021973907414165913  
0.2  0.8752374178955379  0.058886693613107964  0.06284810486454456  0.00300913597323084  
0.22  0.8537711278323302  0.06905644727845342  0.07319673392641383  0.003948668381584677  
0.24  0.8315544153367723  0.07955452426265201  0.08385032978849107  0.005002017525523075  
0.26  0.8087481441004287  0.09030731397724512  0.09473908544790656  0.0061510174845284225  
0.28  0.7854987071952648  0.10125029416951607  0.10580165036379158  0.007374650315291987  
0.3  0.7619395053527838  0.11232674970089818  0.11698385007413228  0.008650330998475292  
0.32  0.7381923033707432  0.1234865951265661  0.12823752296734153  0.009955045341547375  
0.34  0.7143684316047566  0.13468529916096728  0.13951950678708716  0.011266290674873657  
0.36  0.690569811594556  0.14588291637763323  0.15079078831092854  0.012562802576127385  
0.38  0.6668897978470482  0.15704324117409074  0.16201581787681923  0.013825074204891635  
0.4  0.6434138401492402  0.16813310370148543  0.1731619812175122  0.015035682643254219  
0.42  0.6202199820825909  0.17912182802848803  0.18419921335371456  0.016179440395018913  
0.44  0.5973792220052437  0.1899808661842301  0.1950997329990886  0.017243401758395293  
0.46  0.5749557709004972  0.2006836015911432  0.20583787174665163  0.01821676939812114  
0.48  0.553007243233518  0.21120528764071586  0.2163899723746161  0.019090752674329352  
0.5  0.5315848099076224  0.2215230715064249  0.2267343370260934  0.019858418963648917  
0.52  0.5107333306398475  0.23161605787325135  0.2368512170026993  0.020514559270266124  
0.54  0.4904914860079964  0.2414653587794666  0.24672282532988038  0.02105559137472592  
0.56  0.47089196536447087  0.2510540676607504  0.2563332706462982  0.02147956038032984  
0.58  0.45196172009366153  0.26036721016916947  0.2656683900750576  0.021786223012050954  
0.6  0.4337221864342447  0.26939171566594144  0.2747156975429837  0.02197708739093281  
0.62  0.41618946272228413  0.2781164052765075  0.2834644309310398  0.022055363510094857  
0.64  0.39937449440147116  0.28653198836299  0.29190557771985715  0.02202587258271627  
0.66  0.3832832926150573  0.29463104602378337  0.30003186997594167  0.021894941543262054  
0.68  0.36791718641996995  0.3024079962642085  0.3078377598114965  0.021670278770437475  
0.7000000000000001  0.3532731043549595  0.3098590449723265  0.3153193823495825  0.021360824038368267  
0.72  0.33934388184502434  0.31698212626896954  0.3224745094103309  0.020976571748437003  
0.74  0.32611859106128477  0.3237768330235186  0.32930249507045495  0.020528371816574853  
0.76  0.31358288904261633  0.33024433763752464  0.33580421369795527  0.020027715536407  
0.78  0.3017193786261544  0.3363873038145339  0.3419819911028181  0.01948651534356706  
0.8  0.29050797538713247  0.3422097907340198  0.34783952998593365  0.018916888847424703  
0.8200000000000001  0.2799262725204353  0.34771715317100405  0.35338183200009665  0.018330955679092095  
0.84  0.2699498943727139  0.35291594987478403  0.3586151207032298  0.01774065351346121  
0.86  0.2605528286132955  0.35781387399591635  0.36354677303251437  0.017157620117034714  
0.88  0.25170772609928216  0.36241971227597325  0.3681852717195818  0.016593216685086714  
0.9  0.24338615708181663  0.36674335773682265  0.3725402049580242  0.016058848515502426  
0.92  0.2355588263998953  0.37079593443422276  0.37662236387895187  0.015566932352157298  
0.9400000000000001  0.22819580176484658  0.37459020591293346  0.3804440117506202  0.015134073713065074  
0.96  0.2212665202723637  0.3781419673827708  0.38401983387494526  0.01479094296658236  
0.98  0.2147385229961465  0.38147202804310276  0.38736980032297563  0.01456858908155704  
1.0  0.20857844380075802  0.38460248432228294  0.3905153952779018  0.014432612639425413  
1.02  0.2027559586146265  0.38754939937190325  0.39347212224472294  0.014346208132917634  
1.04  0.1972434159795433  0.39032512509994366  0.3962520010689483  0.01430172221418486  
1.06  0.1920151195310487  0.39294089708872987  0.3988661591286875  0.014299745943176108  
1.08  0.18704694511491168  0.39540755486729756  0.40132559279749574  0.014341755579258503  
1.1  0.18231609815618308  0.397735779277726  0.40364135108330046  0.014428536191769606  
1.12  0.1778009985350883  0.39993617063543413  0.40582454083299885  0.014559859711148662  
1.1400000000000001  0.1734812496087077  0.4020192473913254  0.4078862641785797  0.014734470295301292  
1.16  0.1693376541943697  0.4039954001186381  0.40983752736652995  0.014950165218660034  
1.18  0.16535225244217233  0.4058748208504624  0.41168913867249046  0.015203912915415202  
1.2  0.1615083655667522  0.4076674208107018  0.4134516050937511  0.01549198718450415  
1.22  0.1577906354327651  0.40938274552842197  0.41513503393982376  0.015810107270524808  
1.24  0.15418505399172722  0.4110298935978351  0.41674904347401914  0.016153577351438263  
1.26  0.15067897926426954  0.41261744333587286  0.41830268524140857  0.01651742086873748  
1.28  0.1472611363909122  0.4141533900444298  0.4198043796217958  0.016896506449236372  
1.3  0.1439216035107464  0.41564509539074135  0.42126186529348003  0.01728566321872746  
1.32  0.1406517830536178  0.41709924951184796  0.42268216262183067  0.017679784173787592  
1.34  0.13744435956960874  0.41852184577683305  0.42407155048356315  0.018073916974163474  
1.36  0.13429324555546934  0.419918167659527  0.42543555567936475  0.018463342054014786  
1.3800000000000001  0.13119351692880896  0.42129278684691374  0.42677895385006887  0.018843638341329683  
1.4000000000000001  0.1281413398834121  0.42264957150608234  0.42810578067633  0.01921073713868337  
1.42  0.1251338908558296  0.42399170353456705  0.42941935209297594  0.019560964873545333  
1.44  0.1221692712653615  0.42532170360388044  0.43072229226827285  0.019891075494231514  
1.46  0.11924641858046142  0.42664146284711557  0.4320165681608415  0.020198273296496705  
1.48  0.1163650151387185  0.4279522801087091  0.4333035295479125  0.020480226945631026  
1.5  0.11352539602237285  0.4292549037453774  0.4345839534995512  0.020735075431917334  
1.52  0.11072845717402416  0.43054957703336216  0.4358580923473287  0.020961426673001327  
1.54  0.10797556482657805  0.4318360862992721  0.4371257242632176  0.02115834945579954  
1.56  0.10526846721355884  0.433113810953331  0.43838620562905434  0.021325359391662198  
1.58  0.1026092094180667  0.43438177466570393  0.4396385244402788  0.02146239954143462  
1.6  0.10000005211067758  0.4356386969882953  0.4408813540496726  0.021569816352531676  
1.62  0.09744339481966895  0.4368830447845468  0.4421131066164973  0.02164833153832976  
1.6400000000000001  0.09494170427250788  0.438113082887746  0.4433319856828093  0.021699010520698093  
1.6600000000000001  0.09249744824669001  0.4393269234638225  0.44453603735204017  0.02172322804824177  
1.68  0.09011303527163336  0.44052257360755254  0.44572319959569445  0.0217226315948923  
1.7  0.08779076043182418  0.4416979807516851  0.446891349263231  0.021699103134760835  
1.72  0.08553275743445157  0.4428510755178369  0.4480383464185199  0.021654719878287185  
1.74  0.08334095702210499  0.4439798116872099  0.4491620756740657  0.02159171454001272  
1.76  0.08121705173319084  0.44508220301798523  0.45026048424259796  0.021512435689027186  
1.78  0.0791624669397706  0.4461563566842662  0.45133161647497727  0.021419308708321996  
1.8  0.07717833802573427  0.4472005031605049  0.45237364470143326  0.02131479785953118  
1.82  0.07526549350728633  0.44821302242317324  0.45338489624143335  0.021201369915838618  
1.84  0.07342444384299705  0.4491924663875142  0.45436387649562116  0.02108145978567509  
1.86  0.07165537563315194  0.45013757754280176  0.45530928807896326  0.020957438505591786  
1.8800000000000001  0.06995815086710871  0.451047303793021  0.4562200459990543  0.020831583933963144  
1.9000000000000001  0.0683323108427662  0.4519208095521018  0.4570952889272027  0.02070605442603179  
1.92  0.06677708435406342  0.4527574831828388  0.45793438665187874  0.02058286571669891  
1.94  0.06529139972041806  0.4535569409066473  0.45873694384393593  0.02046387118161712  
1.96  0.06387390021610431  0.45431902734656476  0.45950280030034674  0.02035074559028068  
1.98  0.06252296244757816  0.45504381289813833  0.4602320278675064  0.020244972407909227  
2.0  0.06123671722248555  0.4557315881519254  0.4609249242760539  0.02014783464698202  
2.02  0.060013072455317056  0.4563828556166317  0.461582004146348  0.02006040921517373  
2.04  0.05884973766136743  0.45699831901287946  0.46220398744727487  0.01998356465504586  
2.06  0.057744249602680674  0.4575788704246986  0.4627917857106129  0.019917962123093432  
2.08  0.05669399866594212  0.458125575609065  0.4633464863167445  0.019864059412410717  
2.1  0.055696255571794584  0.4586396577717684  0.46386933517718876  0.019822117784550834  
2.12  0.05474819803882556  0.45912248012176865  0.46436171814528815  0.019792211343186282  
2.14  0.05384693705333553  0.4595755275159279  0.46482514148629356  0.019774238655401632  
2.16  0.052989542426421066  0.46000038750092764  0.46526121173350976  0.01976793630546454  
2.18  0.05217306735193497  0.4603987310500348  0.46567161524974393  0.019772894050273625  
2.2  0.05139457171272721  0.4607722932798456  0.46605809780016144  0.019788571237111648  
2.22  0.050651143917717516  0.46112285441615347  0.4664224444246217  0.019814314142560824  
2.24  0.04993992108781988  0.4614522212583964  0.4667664598786811  0.01984937389539398  
2.2600000000000002  0.04925810744485139  0.4617622093696175  0.4670919498909163  0.019892924656043004  
2.2800000000000002  0.0486029907934208  0.4620546261946086  0.46740070345775986  0.019944081739515535  
2.3000000000000003  0.0479719570202744  0.46233125528248714  0.46769447636821987  0.02000191938749204  
2.32  0.04736250256839188  0.462593841761331  0.4679749761225269  0.020065487919857093  
2.34  0.04677224487439001  0.46284407918405357  0.4682438483777875  0.02013383002443305  
2.36  0.04619893078755506  0.46308359783631137  0.46850266502196175  0.020205995974373128  
2.38  0.04564044301607372  0.4633139545680569  0.4687529139468549  0.02028105759571393  
2.4  0.045094804670153844  0.46353662418234337  0.4689959905591354  0.020358120842274622  
2.42  0.04456018199303753  0.4637529923890146  0.4692331910384381  0.020436336869955496  
2.44  0.044034885389250635  0.46396435030643296  0.4694657073228866  0.020514911536825914  
2.46  0.04351736887465823  0.46417189047247687  0.46969462377677784  0.02059311328841064  
2.48  0.04300622808517882  0.46437670430595357  0.4699209154724331  0.02067027941851344  
2.5  0.04250019699036071  0.4645797809421989  0.4701454479976232  0.020745820724424855  
2.52  0.04199814346452562  0.46478200735223196  0.4703689786817537  0.020819224601151785  
2.54  0.041499063872133875  0.4649841696426037  0.4705921591195225  0.020890056642101043  
2.56  0.04100207682567969  0.46518695542326804  0.4708155388592359  0.020957960833453786  
2.58  0.040506416273943004  0.46539095712323153  0.4710395701140801  0.02102265844637896  
2.6  0.04001142407602751  0.4655966761284076  0.4712646133486441  0.021083945745156103  
2.62  0.03951654221231829  0.4658045276126047  0.4714909435899931  0.021141690639215574  
2.64  0.03902130477744944  0.4660148459312489  0.4717187573116332  0.021195828416208276  
2.66  0.038525329893358384  0.4662278904480283  0.47194817973972647  0.021246356699413577  
2.68  0.03802831167147429  0.4664438516671726  0.4721792724351801  0.021293329773276193  
2.7  0.03753001234267148  0.4666628575481936  0.4724120410109255  0.021336852422101482  
2.72  0.03703025466244852  0.4668849798857641  0.4726464428514348  0.021377073424978302  
2.74  0.03652891468637291  0.46711024064476153  0.47288239471066323  0.021414178845681597  
2.7600000000000002  0.03602591499761481  0.46733861814861466  0.47311978007513067  0.02144838525081945  
2.7800000000000002  0.035521218454730295  0.4675700530274697  0.47335845619023004  0.02147993298358508  
2.8000000000000003  0.035014822514413055  0.4678044538395885  0.4735982606591476  0.02150907961562276  
2.82  0.03450675417172752  0.4680417022832235  0.4738390175343378  0.021536093697804008  
2.84  0.03399706555097271  0.46828165791662413  0.4740805428290139  0.02156124893243676  
2.86  0.03348583017499521  0.46852416230899435  0.47432264937910573  0.021584818884135493  
2.88  0.03297313993702028  0.468769042588532  0.4745651509880764  0.021607072298813687  
2.9  0.03245910278253038  0.46901611448339087  0.474807865804379  0.021628268972670804  
2.92  0.031943841051048034  0.46926518509159526  0.4750506189417619  0.021648656002670345  
2.94  0.03142749034006596  0.46951605546114294  0.475293244444205  0.021668464394338716  
2.96  0.030910198730640173  0.4697685227207209  0.4755355867289693  0.021687906266854753  
2.98  0.030392126293158246  0.4700223816275949  0.4757775015748471  0.02170717279806951  
3.0  0.029873444857135972  0.47027742566813796  0.4760188566553002  0.021726432800792582  
3.02  0.029354338029388048  0.4705334477987868  0.4762595316085366  0.021745831857762528  
3.04  0.02883500142797472  0.47079024087844956  0.4764994176569229  0.021765492006280744  
3.06  0.028315643083961426  0.47104759786618394  0.47673841680912094  0.021785511921536438  
3.08  0.0277964839500149  0.4713053118474133  0.47697644069709566  0.02180596753488712  
3.1  0.02727775844893654  0.47156317593459324  0.47721340911312116  0.021826913037102144  
3.12  0.026759714997177813  0.471820983082158  0.4774492483176565  0.021848382220338743  
3.14  0.026242616445338044  0.47207852585432164  0.47768388918958493  0.021870390107966715  
3.16  0.02572674038690919  0.47233559618233756  0.47791726528779094  0.021892934816433157  
3.18  0.025212379296602125  0.4725919851437318  0.4781493108889357  0.02191599959092863  
3.2  0.024699840469683813  0.47284748279080124  0.47837995906142894  0.021939554956488444  
3.22  0.024189445743440032  0.473101878049753  0.4786091398298696  0.021963560927813406  
3.24  0.02368153099087969  0.473354958706016  0.47883677847830575  0.021987969223922654  
3.2600000000000002  0.023176445384870695  0.47360651148575394  0.47906279403413343  0.022012725437507014  
3.2800000000000002  0.02267455043792426  0.4738563222387073  0.4792870979679166  0.022037771113348214  
3.3000000000000003  0.02217621882869819  0.4741041762233731  0.47950959313734987  0.022063045695403922  
3.3200000000000003  0.021681833030960843  0.4743498584920647  0.47973017299654985  0.022088488307965407  
3.34  0.021191783764231895  0.47459315437087213  0.47994872108505915  0.02211403934214249  
3.36  0.02070646828769359  0.47483385002752154  0.480165110804773  0.022139641824573487  
3.38  0.020226288560398903  0.4750717331189265  0.4803792054868892  0.022165242551382268  
3.4  0.01975164929145397  0.4753065935093014  0.48059085874440793  0.022190792976936456  
3.42  0.01928295590386345  0.4755382240492504  0.4807999151000023  0.022216249853324783  
3.44  0.018820612435269148  0.4757664214059942  0.48100621087374024  0.022241575622438958  
3.46  0.018365019398057816  0.4759909869346963  0.48120957531039055  0.0222667385681601  
3.48  0.01791657162032096  0.4762117275809138  0.4814098319220008  0.02229171274139099  
3.5  0.017475656088050788  0.47642845680406637  0.4816068000176996  0.02231647767540456  
3.52  0.017042649807850387  0.4766409955116707  0.48180029638987126  0.022341017913151615  
3.54  0.016617917708326876  0.4768491729939783  0.4819901371235521  0.022365322371721348  
3.56  0.016201810597195724  0.4770528278484769  0.48217613949437843  0.022389383571973127  
3.58  0.015794663189982176  0.47725180888357605  0.48235812391966104  0.022413196763474842  
3.6  0.015396792225012602  0.47744597599071104  0.4825359159271127  0.022436758976226136  
3.62  0.015008494678122678  0.4776352009740923  0.48270934810636995  0.02246006803125469  
3.64  0.014630046089159814  0.4778193683275961  0.4828782620098568  0.022483121542015108  
3.66  0.014261699010900065  0.47799837594854394  0.4830425099714867  0.022505915937666703  
3.68  0.01390368158945087  0.478172135778808  0.4832019568143082  0.022528445537768917  
3.7  0.013556196283583465  0.47834057436438154  0.4833564814213746  0.022550701705673772  
3.72  0.013219418728773226  0.4785036333256363  0.483505978147566  0.022572672105065257  
3.74  0.012893496750081836  0.4786612697315795  0.48365035805313594  0.022594340080969118  
3.7600000000000002  0.01257854952643992  0.4788134563728189  0.48378954994362877  0.022615684183377317  
3.7800000000000002  0.012274666907401418  0.47896018192929457  0.4839235012051485  0.022636677847823743  
3.8000000000000003  0.011981908882109777  0.4791014510304229  0.48405217842802484  0.02265728924284102  
3.8200000000000003  0.011700305199086766  0.47923728420677525  0.4841755678153558  0.02267748128990853  
3.84  0.011429855134580438  0.47936771773390097  0.48429367537649337  0.022697211857430948  
3.86  0.01117052740657042  0.47949280337037303  0.4844065269090156  0.022716434126214803  
3.88  0.010922260231163355  0.47961260799335403  0.484514167775617  0.022735097119888782  
3.9  0.010684961517991124  0.47972721313627087  0.4846166624852908  0.02275314638994365  
3.92  0.010458509201322871  0.47983671443412923  0.48471409409028576  0.022770524841542565  
3.94  0.010242751703889441  0.47994122098290926  0.48480656341253053  0.022787173683149243  
3.96  0.01003750853077202  0.4800408546200826  0.48489418811467616  0.0228030334801734  
3.98  0.00984257099139968  0.4801357491339803  0.4849771016322348  0.02281804529080195  
4.0  0.009657703048020345  0.48022604941004515  0.4850554519841357  0.0228321518601381  
4.0200000000000005  0.009482642289602335  0.4803119105220467  0.485129400479559  0.022845298847493083  
4.04  0.009317101030642089  0.4803934967767138  0.4851991203392473  0.022857436061039405  
4.0600000000000005  0.009160767534592907  0.48047098071996425  0.4852647952493665  0.022868518673711428  
4.08  0.00901330736180138  0.480544542112865  0.4853266178657524  0.022878508394494432  
4.1  0.008874364841791733  0.4806143668852463  0.4853847882858845  0.02288737457001226  
4.12  0.008743564669463874  0.48068064607452693  0.485439512505229  0.022895095192591492  
4.14  0.008620513624261314  0.4807435747570631  0.48549100087376573  0.022901657792687772  
4.16  0.008504802410606166  0.4808033509788615  0.4855394665674806  0.02290706019567225  
4.18  0.008396007616906414  0.48086017469212416  0.48558512408857746  0.022911311125466127  
4.2  0.008293693789214374  0.48091424670374316  0.4856281878069693  0.022914430640329372  
4.22  0.008197415614189376  0.48096576764131593  0.4856688705543374  0.02291645038916593  
4.24  0.008106720204414513  0.4810149369419621  0.485707382280868  0.022917413679997223  
4.26  0.008021149477372841  0.48106195186878  0.48574392878344863  0.022917375355674154  
4.28  0.00794024261754334  0.48110700655936245  0.4857787105128104  0.02291640147538244  
4.3  0.007863538609178055  0.48115029111053637  0.4858119214659265  0.022914568804036937  
4.32  0.0077905788254100505  0.4811919907030221  0.4858437481686786  0.022911964115102164  
4.34  0.007720909657471175  0.4812322847694997  0.48587436875265183  0.02290868331575352  
4.36  0.007654085166011343  0.4812713462092525  0.48590395212884013  0.022904830406479795  
4.38  0.007589669734859806  0.4813093406522632  0.48593265725991  0.022900516290204627  
4.4  0.007527240706089837  0.48134642577542697  0.48596063253176275  0.022895857448695742  
4.42  0.007466390973992758  0.481382750673325  0.48598801522423185  0.02289097450641065  
4.44  0.007406731514564302  0.4814184552857432  0.48601493107993754  0.022885990703938028  
4.46  0.007347893826391977  0.48145366988400723  0.48604149396958174  0.022881030304822636  
4.48  0.007289532258437637  0.481488514617939  0.48606780565139734  0.022876216960775308  
4.5  0.007231326200144231  0.48152309912509583  0.48609395562184  0.022871672061048183  
4.5200000000000005  0.007172982109592364  0.4815575222038016  0.4861200210542221  0.022867513092108938  
4.54  0.007114235356080879  0.48159187155122124  0.48614606682161055  0.02286385203362898  
4.5600000000000005  0.0070548518545160005  0.481626223567645  0.48617214560000704  0.02286079381625202  
4.58  0.006994629470360311  0.4816606432278996  0.48619829804767334  0.022858434865568142  
4.6000000000000005  0.006933399175630964  0.4816951840206244  0.48622455305619344  0.022856861755437285  
4.62  0.00687102593849144  0.48172988795589855  0.4862509280689875  0.022856149992091488  
4.64  0.00680740933133022  0.4817647856414925  0.486277429462762  0.02285636294820632  
4.66  0.006742483844878619  0.48179989642777665  0.4863040529875327  0.022857550963775487  
4.68  0.006676218898828128  0.4818352286210091  0.4863307842608473  0.022859750627964436  
4.7  0.006608618542524497  0.4818707797644338  0.4863575993119449  0.0228629842532159  
4.72  0.00653972084261525  0.4819065369862497  0.48638446517162026  0.022867259549830196  
4.74  0.0064695969579535014  0.4819424774132097  0.4864113405037623  0.02287256950607716  
4.76  0.006398349905577409  0.48197856864817784  0.48643817627451297  0.02287889247567334  
4.78  0.0063261130251379685  0.4820147693095386  0.48646491645515094  0.022886192471240838  
4.8  0.006253048152692124  0.48205102962997826  0.48649149875484876  0.022894419659186895  
4.82  0.006179343518265914  0.48208729211165036  0.48651785537948133  0.022903511048371305  
4.84  0.006105211384969887  0.48212349223428075  0.48654391381272355  0.022913391362004515  
4.86  0.00603088545067675  0.4821595592122673  0.48656959761560165  0.022923974079486056  
4.88  0.005956618036302333  0.4821954167963618  0.4865948272407469  0.02293516263240197  
4.9  0.005882677087514948  0.4822309841149813  0.48661952085735405  0.0229468517366751  
4.92  0.0058093430191684114  0.48226617654978243  0.4866435951828112  0.022958928840967743  
4.94  0.005736905433874711  0.4823009066396757  0.48666696631692685  0.022971275669836182  
4.96  0.005665659747997261  0.4823350850069997  0.4866895505747212  0.022983769838883093  
4.98  0.005595903759831885  0.48236862129913793  0.4867112653130691  0.02299628651838655  
5.0  0.005527934195741258  0.48240142513840206  0.4867320297464989  0.02300870012128573  
5.0200000000000005  0.005462043270586165  0.48243340707288374  0.4867517657476502  0.023020885991287446  
5.04  0.005398515298967657  0.4824644795206168  0.4867703986274062  0.023032722067135802  
5.0600000000000005  0.005337623393526717  0.48249455769920124  0.48678785788965007  0.023044090499674062  
5.08  0.005279626285839725  0.48252356053297507  0.48680407795548597  0.023054879199255064  
5.1000000000000005  0.0052247653043064664  0.4825514115296784  0.48681899885167623  0.02306498329236453  
5.12  0.005173261541855593  0.48257803961867496  0.4868325668580106  0.02307430646807362  
5.14  0.005125313244318231  0.4826033799429076  0.4868447351083847  0.023082762196341172  
5.16  0.0050810934479653  0.4826273745969956  0.4868554641403334  0.02309027480243171  
5.18  0.005040747891999847  0.48264997330410603  0.48686472238803447  0.023096780384191985  
5.2  0.005004393228762704  0.4826711340247398  0.48687248661385235  0.02310222756118238  
5.22  0.0049721155511025  0.48269082349103803  0.4868787422738943  0.023106578047197124  
5.24  0.004943969252805678  0.4827090176606963  0.48688348381325847  0.02310980704037452  
5.26  0.004919976234237818  0.4827257020854466  0.4868867148871895  0.023111903427761163  
5.28  0.004900125461446813  0.4827408721895389  0.4868884485047649  0.023112869803872706  
5.3  0.004884372882980012  0.4827545334546681  0.4868887070923025  0.023112722305426135  
5.32  0.004872641704620062  0.4827667015085808  0.4868875224743221  0.023111490266988235  
5.34  0.004864823018191297  0.48277740211553216  0.4868849357705481  0.023109215704713443  
5.36  0.004860776776592776  0.4827866710676934  0.48688099720815775  0.023105952637660035  
5.38  0.0048603331033122065  0.4827945539776751  0.48687576584930725  0.023101766258295048  
5.4  0.004863293920922787  0.48280110597330483  0.4868693092347183  0.023096731965715267  
5.42  0.004869434879506534  0.4828063912968108  0.4868617029449987  0.02309093427681765  
5.44  0.00487850756262209  0.4828104828116183  0.4868530300822008  0.023084465632086697  
5.46  0.00489024194538733  0.4828134614209676  0.48684338067500355  0.02307742511385287  
5.48  0.004904349076508029  0.4828154154034711  0.4868328510116678  0.023069917095775883  
5.5  0.004920523953687206  0.482816439671771  0.4868215429058779  0.023062049842964814  
5.5200000000000005  0.004938448559825038  0.48281663496123306  0.48680956290138305  0.02305393408247689  
5.54  0.00495779502578182  0.48281610695647625  0.4867970214220477  0.023045681563977835  
5.5600000000000005  0.004978228884253804  0.4828149653642453  0.48678403187466146  0.02303740363013678  
5.58  0.0049994123785068465  0.4828133229418091  0.4867707097125381  0.02302920981583515  
5.6000000000000005  0.005021007789333644  0.4828112944905657  0.4867571714684493  0.023021206494519907  
5.62  0.005042680743646184  0.48280899582504644  0.4867435337660526  0.023013495589040783  
5.64  0.005064103468578988  0.4828065427277879  0.48672991231926954  0.02300617336309641  
5.66  0.005084957955854848  0.48280404990082104  0.48671642092948125  0.022999329307992197  
5.68  0.005104939002434321  0.4828016299246216  0.4867031704905343  0.02299304513781617  
5.7  0.005123757095123875  0.48279939223535684  0.4866902680117152  0.022987393904392923  
5.72  0.005141141108825294  0.4827974421311417  0.48667781566881035  0.022982439241499647  
5.74  0.005156840790449891  0.482795879817782  0.4866659098932716  0.022978234745892587  
5.76  0.005170629003162146  0.48279479950407395  0.486654640509188  0.022974823500643934  
5.78  0.005182303708522228  0.4827942885562645  0.48664408992750297  0.02297223774423103  
5.8  0.005191689667229096  0.4827944267207013  0.48663433240641774  0.02297049868675083  
5.82  0.005198639842488226  0.48279528542293093  0.4866254333862832  0.02296961647261382  
5.84  0.00520303649349662  0.48279692715078926  0.48661744890666336  0.02296959028706906  
5.86  0.005204791950115216  0.4827994049280308  0.4866104251124365  0.022970408602022745  
5.88  0.005203849063436274  0.48280276188420634  0.48660439785492765  0.022972049554811306  
5.9  0.00520018133061738  0.48280703092534905  0.48659939239312294  0.022974481451926484  
5.92  0.005193792695990095  0.482812234508951  0.4865954231989342  0.022977663388172687  
5.94  0.005184717034031245  0.48281838452564696  0.48659249386944037  0.02298154597039193  
5.96  0.005173017323259831  0.4828254822887711  0.4865905971478663  0.02298607213373071  
5.98  0.00515878452345495  0.48283351863177715  0.4865897150538524  0.022991178037459356  
6.0  0.005142136171749674  0.48284247411235276  0.4865898191223921  0.022996794026590408  
6.0200000000000005  0.005123214716101493  0.48285231932083955  0.48659087074958324  0.02300284564500112  
6.04  0.005102185607345553  0.4828630152894076  0.4865928216421286  0.023009254685428155  
6.0600000000000005  0.0050792351734727246  0.4828745139973508  0.48659561436631454  0.023015940261589297  
6.08  0.005054568301920109  0.4828867589667213  0.4865991829910587  0.023022819887770222  
6.1000000000000005  0.005028405957486957  0.48289968594158117  0.4866034538184721  0.023029810551523477  
6.12  0.005000982564986069  0.48291322364317424  0.486608346194371  0.02303682976560308  
6.140000000000001  0.004972543286893363  0.48292729459248657  0.4866137733901749  0.023043796585936256  
6.16  0.004943341227054884  0.482941815990917  0.4866196435467691  0.023050632583270794  
6.18  0.0049136345919537795  0.4829567006491269  0.48662586067007324  0.023057262757113138  
6.2  0.004883683841115096  0.48297185795364267  0.4866323256675329  0.023063616381696617  
6.22  0.0048537488579470335  0.4829871948603274  0.48663893741407277  0.02306962777493211  
6.24  0.004824086171680147  0.4830026169036401  0.48664559383571776  0.02307523698262369  
6.26  0.0047949462600973825  0.4830180292104149  0.486652192998857  0.023080390371568563  
6.28  0.004766570961448539  0.4830333375069109  0.4866586341929792  0.023085041126637014  
6.3  0.0047391910223236935  0.4830484491079914  0.4866648189947543  0.023089149648336246  
6.32  0.004713023806360832  0.4830632738776086  0.4866706523015715  0.02309268384876667  
6.34  0.004688271186501984  0.4830777251501267  0.48667604332299036  0.023095619345324503  
6.36  0.00466511764111185  0.4830917206025968  0.48668090651902496  0.02309793955285302  
6.38  0.004643728571667868  0.48310518306870637  0.486685162474905  0.023099635676252818  
6.4  0.004624248856951466  0.4831180412858997  0.4866887387026726  0.023100706606780347  
6.42  0.004606801655756842  0.48313023056804744  0.4866915703609397  0.023101158726379804  
6.44  0.004591487467120101  0.48314169339700275  0.48669360088511604  0.023101005625416313  
6.46  0.004578383453994746  0.4831523799273896  0.4866947825216153  0.02310026774008911  
6.48  0.0045675430332017715  0.4831622484000718  0.48669507676063317  0.023098971916573417  
6.5  0.0045589957313987165  0.48317126546091316  0.48669445466349226  0.02309715090960971  
6.5200000000000005  0.004552747303783517  0.4831794063825835  0.4866928970817848  0.02309484282379288  
6.54  0.004548780109311999  0.4831866551883407  0.48669039476685483  0.023092090506205844  
6.5600000000000005  0.004547053733394935  0.48319300467794113  0.48668694836960347  0.023088940899346273  
6.58  0.004547505846390096  0.4831984563569159  0.48668256833179396  0.023085444363436514  
6.6000000000000005  0.004550053283742998  0.48320302027165807  0.4866772746714269  0.02308165397728351  
6.62  0.004554593331388885  0.4832067147537262  0.4866710966658805  0.023077624826766185  
6.640000000000001  0.004561005198030771  0.48320956607790966  0.486664072437801  0.02307341328989892  
6.66  0.004569151654165741  0.4832116080393694  0.486656248449657  0.02306907632713451  
6.68  0.004578880816264922  0.4832128814561206  0.4866476789139864  0.02306467078524748  
6.7  0.004590028053329828  0.48321343360385416  0.4866384251271333  0.023060252722718222  
6.72  0.004602417992165315  0.48321331759066416  0.48662855473506517  0.023055876764040834  
6.74  0.004615866597128267  0.4832125916798559  0.4866181409404599  0.02305159548983367  
6.76  0.004630183299821728  0.48321131856939686  0.48660726166080237  0.023047458869026552  
6.78  0.004645173154207612  0.48320956463683334  0.4865959986475284  0.0230435137387389  
6.8  0.004660638992892118  0.4832073991587754  0.4865844365765179  0.023039803336764128  
6.82  0.004676383560890918  0.48320489351407653  0.4865726621204224  0.023036366890849105  
6.84  0.004692211603986452  0.48320212037981225  0.48656076301314044  0.023033239268191376  
6.86  0.004707931889833591  0.4831991529290881  0.48654882711684416  0.023030450687790957  
6.88  0.004723359141224526  0.4831960640394113  0.4865369415015077  0.02302802649748876  
6.9  0.004738315862377695  0.48319292552015314  0.48652519154676577  0.023025987016720408  
6.92  0.004752634040735349  0.4831898073671562  0.4865136600753685  0.023024347445174627  
6.94  0.004766156708526114  0.48318677705213026  0.4865024265270373  0.02302311783675838  
6.96  0.004778739350240089  0.48318389885392743  0.4864915661809893  0.023022303137453293  
6.98  0.004790251144157992  0.4831812332382126  0.48648114943466503  0.023021903284875175  
7.0  0.004800576028143626  0.48317883629143127  0.48647124114562934  0.023021913366607468  
7.0200000000000005  0.004809613582029387  0.48317675921420566  0.4864619000426918  0.02302232383366304  
7.04  0.0048172797210772125  0.48317504787870913  0.48645317821167827  0.023023120764796665  
7.0600000000000005  0.004823507197154085  0.4831737424536441  0.48644512066025763  0.023024286176783815  
7.08  0.004828245906410021  0.4831728770998194  0.48643776496555624  0.023025798375281258  
7.1000000000000005  0.004831463004359157  0.4831724797384023  0.4864311410072083  0.023027632340446566  
7.12  0.00483314283132669  0.48317257189316876  0.4864252707877008  0.023029760141160403  
7.140000000000001  0.004833286653219495  0.4831731686072545  0.48642016834085855  0.023032151371443828  
7.16  0.004831912224484357  0.4831742784340267  0.4864158397283976  0.023034773602534007  
7.18  0.004829053181919795  0.48317590350091605  0.4864122831234917  0.023037592844039605  
7.2  0.004824758279687442  0.48317803964427497  0.4864094889794155  0.023040574007667312  
7.22  0.00481909047741172  0.48318067661248665  0.4864074402802915  0.02304368136718731  
7.24  0.004812125894649802  0.4831837983338373  0.486406112870157  0.023046879008573558  
7.26  0.004803952646245435  0.483187383245003  0.4864054758556154  0.023050131264622638  
7.28  0.004794669574139311  0.4831914046752435  0.48640549207658396  0.023053403128800207  
7.3  0.004784384892079193  0.4831958312808975  0.48640611863878963  0.023056660643587308  
7.32  0.004773214760354318  0.4832006275241867  0.486407307501025  0.02305987125918062  
7.34  0.004761281808154992  0.48320575418986417  0.4864090061095223  0.023063004159033576  
7.36  0.0047487136214339224  0.48321116893293814  0.4864111580713165  0.02306603054939204  
7.38  0.0047356412142084804  0.48321682685028433  0.48641370385794286  0.023068923910649696  
7.4  0.0047221975010989315  0.48322268106888205  0.4864165815306338  0.023071660209052464  
7.42  0.004708515788543693  0.48322868334317537  0.4864197274778481  0.023074218067951034  
7.44  0.004694728301574537  0.4832347846541934  0.4864230771560125  0.023076578898453486  
7.46  0.00468096476228279  0.4832409358029739  0.4864265658243054  0.023078726989956187  
7.48  0.004667351035166867  0.48324708799117944  0.48643012926457113  0.023080649561592753  
7.5  0.004654007853434191  0.4832531933819596  0.4864337044777637  0.023082336776160155  
7.5200000000000005  0.004641049639055158  0.4832592056345868  0.48643723034873854  0.02308378171852214  
7.54  0.004628583427943593  0.4832650804067401  0.4864406482717848  0.023084980340880218  
7.5600000000000005  0.004616707910094462  0.48327077581897077  0.486443902729977  0.023085931377586393  
7.58  0.0046055125928631925  0.48327625287644643  0.4864469418221949  0.023086636232423356  
7.6000000000000005  0.004595077093846477  0.4832814758437198  0.48644971773248785  0.023087098841410948  
7.62  0.004585470568053308  0.4832864125691248  0.48645218713750144  0.02308732551428884  
7.640000000000001  0.00457675127226022  0.48329103475601837  0.4864543115484935  0.023087324757822186  
7.66  0.004568966267654241  0.48329531817898225  0.48645605758568694  0.023087107084041172  
7.68  0.004562151260110791  0.4832992428438805  0.48645739718359676  0.023086684806411014  
7.7  0.004556330575752834  0.48330279309145846  0.4864583077270671  0.02308607182681125  
7.72  0.004551517267819261  0.48330595764490064  0.4864587721187237  0.02308528341601173  
7.74  0.004547713349358549  0.4833087296025944  0.48645877877947413  0.023084335990179644  
7.76  0.004544910144873118  0.4833111063779687  0.4864583215846287  0.023083246885738394  
7.78  0.004543088752795638  0.4833130895889626  0.48645739973893726  0.02308203413473862  
7.8  0.00454222060958382  0.4833146849002248  0.48645601759452545  0.023080716242706495  
7.82  0.004542268145293283  0.48331590182167283  0.4864541844164538  0.023079311970781384  
7.84  0.00454318551972583  0.48331675346748976  0.4864519141008798  0.023077840123811394  
7.86  0.004544919427659699  0.48331725627993916  0.4864492248514081  0.023076319345927007  
7.88  0.004547409961250114  0.4833174297227278  0.4864461388193537  0.023074767925015414  
7.9  0.004550591517447448  0.4833172959488071  0.48644268171386185  0.023073203607408884  
7.92  0.004554393738208893  0.48331687944760154  0.486438882387847  0.023071643424024176  
7.94  0.00455874247136096  0.48331620667675196  0.4864347724057612  0.023070103529117408  
7.96  0.004563560740193533  0.4833153056833464  0.48643038559895246  0.023068599052755573  
7.98  0.004568769710227404  0.48331420571966005  0.4864257576143223  0.02306714396803116  
8.0  0.004574289642090975  0.4833129368581096  0.48642092546162685  0.023065750973987033  
8.02  0.004580040820036719  0.48331152961011675  0.4864159270645211  0.023064431395161355  
8.040000000000001  0.004585944446314041  0.4833100145531473  0.4864108008200081  0.02306319509855744  
8.06  0.004591923492390816  0.4833084219700473  0.48640558517066224  0.023062050428738608  
8.08  0.004597903498861843  0.48330678150442896  0.4864003181935298  0.023061004161599907  
8.1  0.004603813316775869  0.4833051218355252  0.48639503720928895  0.02306006147721343  
8.120000000000001  0.004609585784044504  0.4833034703755773  0.4863897784147721  0.023059225951949803  
8.14  0.004615158331553404  0.4833018529924642  0.48638457654159384  0.02305849956987634  
8.16  0.004620473514562774  0.4833002937599279  0.4863794645433029  0.02305788275319776  
8.18  0.0046254794659468116  0.48329881473733477  0.48637447331298456  0.02305737441125494  
8.2  0.004630130268778452  0.48329743578061357  0.4863696314329751  0.023056972007322433  
8.22  0.0046343862467059585  0.4832961743856127  0.48636496495807585  0.02305667164216014  
8.24  0.0046382141714941694  0.48329504556481195  0.48636049723325875  0.023056468152993323  
8.26  0.004641587388006755  0.48329406175787426  0.4863562487466109  0.023056355226302536  
8.28  0.004644485857780597  0.4832932327762866  0.4863522370180263  0.023056325522561878  
8.3  0.004646896123189367  0.483292565781892  0.4863484765238008  0.023056370810829938  
8.32  0.004648811194997609  0.48329206529880425  0.4863449786570448  0.023056482110927284  
8.34  0.004650230366874376  0.4832917332578518  0.4863417517235169  0.02305664984078904  
8.36  0.0046511589611554415  0.48329156907234855  0.48633880097217863  0.023056863966524305  
8.38  0.004651608010819505  0.48329156974363485  0.48633612865945336  0.023057114152689163  
8.4  0.004651593883266934  0.48329172999454434  0.4863337341458262  0.023057389910324518  
8.42  0.004651137852056702  0.4832920424285314  0.48633161402309955  0.02305768074041774  
8.44  0.004650265623258796  0.4832924977120244  0.4863297622703054  0.02305797627059859  
8.46  0.004649006823508839  0.48329308477713007  0.48632817043588633  0.023058266383082286  
8.48  0.004647394457195819  0.4832937910416707  0.4863268278434944  0.023058541332131383  
8.5  0.004645464340455631  0.4832946026432655  0.48632572181842615  0.023058791849596073  
8.52  0.004643254519777306  0.4832955046840594  0.48632483793136816  0.023059009237451536  
8.540000000000001  0.004640804683068723  0.4832964814825534  0.48632416025588016  0.023059185446601613  
8.56  0.004638155570996505  0.48329751682894134  0.4863236716358275  0.02305931314158629  
8.58  0.004635348396296956  0.4832985942403014  0.48632335395876924  0.02305938575115149  
8.6  0.004632424278543522  0.48329969721199023  0.4863231884313405  0.02305939750493842  
8.620000000000001  0.0046294237015366176  0.4833008094616392  0.48632315585252095  0.023059343456828932  
8.64  0.00462638600005699  0.4833019151622918  0.48632323688086154  0.023059219495735597  
8.66  0.004623348882197538  0.483302999161446  0.48632341229175596  0.023059022344833917  
8.68  0.004620347992867913  0.48330404718295367  0.48632366322108284  0.02305874955042954  
8.700000000000001  0.004617416523366526  0.4833050460091401  0.4863239713918363  0.023058399461758614  
8.72  0.004614584871145689  0.48330598364075467  0.486324319320583  0.02305797120309469  
8.74  0.004611880353073576  0.48330684943284097  0.48632469050115856  0.023057464639531886  
8.76  0.00460932697464538  0.48330763420499917  0.4863250695633497  0.023056880337771337  
8.78  0.004606945256721116  0.4833083303249706  0.4863254424048963  0.023056219523142366  
8.8  0.004604752120477309  0.4833089317648598  0.4863257962956784  0.02305548403398378  
8.82  0.004602760830342846  0.4833094341298992  0.4863261199534716  0.023054676274376143  
8.84  0.004600980993767439  0.4833098346600907  0.4863264035911912  0.02305379916604106  
8.86  0.004599418615782481  0.483310132205578  0.48632663893626477  0.023052856100028826  
8.88  0.004598076205495398  0.4833103271770701  0.48632681922311843  0.023051850888574803  
8.9  0.004596952930938624  0.48331042147301484  0.4863269391604986  0.023050787717317445  
8.92  0.004596044818079036  0.48331041838554056  0.4863269948757346  0.0230496710978657  
8.94  0.004595344989302781  0.48331032248741035  0.4863269838384286  0.02304850582056805  
8.96  0.0045948439362944885  0.4833101395024103  0.48632690476641743  0.02304729690719763  
8.98  0.004594529821836119  0.4833098761618438  0.4863267575171551  0.023046049563187863  
9.0  0.004594388804589013  0.48330954005007853  0.4863265429676816  0.02304476912907591  
9.02  0.004594405380597047  0.48330913944242426  0.48632626288638336  0.023043461030957446  
9.040000000000001  0.004594562735329993  0.4833086831384722  0.4863259197995752  0.02304213072988725  
9.06  0.004594843100458879  0.4833081802936433  0.48632551685593833  0.023040783670178755  
9.08  0.004595228109848436  0.48330764025150713  0.4863250576917476  0.023039425226568315  
9.1  0.0045956991494111405  0.48330707237934445  0.4863245462996378  0.023038060650350415  
9.120000000000001  0.004596237695682315  0.4833064859093992  0.48632398690337153  0.023036695014742276  
9.14  0.004596825638329951  0.4833058897880629  0.48632338384063095  0.0230353331599634  
9.16  0.004597445582280807  0.48330529253496424  0.4863227414555563  0.023033979638717228  
9.18  0.0045980811256680874  0.48330470211365584  0.4863220640023357  0.023032638662901263  
9.200000000000001  0.004598717110350781  0.48330412581530197  0.48632135556075196  0.023031314052494208  
9.22  0.004599339842311962  0.48330357015653086  0.4863206199643012  0.02303000918768327  
9.24  0.004599937279805202  0.4833030407922425  0.48631986074106964  0.02302872696534338  
9.26  0.0046004991876741185  0.4833025424440339  0.48631908106730637  0.0230274697609957  
9.28  0.004601017256815869  0.4833020788445588  0.48631828373334324  0.02302623939734779  
9.3  0.004601485188282553  0.48330165269797104  0.48631747112127727  0.023025037120429297  
9.32  0.004601898742011889  0.4833012656563658  0.4863166451937066  0.02302386358422631  
9.34  0.004602255750645346  0.48330091831196753  0.4863158074926076  0.023022718844530478  
9.36  0.004602556099323344  0.4833006102046634  0.48631495914743134  0.023021602362534803  
9.38  0.004602801672744328  0.48330033984431153  0.48631410089146304  0.023020513018458776  
9.4  0.004602996271139074  0.48330010474712903  0.4863132330854164  0.023019449135242794  
9.42  0.004603145497136045  0.483299901485398  0.48631235574733905  0.02301840851209902  
9.44  0.0046032566157841025  0.4832997257495781  0.4863114685879677  0.023017388467427125  
9.46  0.0046033383902413984  0.48329957242185484  0.48631057105063996  0.023016385890353985  
9.48  0.004603400895850518  0.4832994356601048  0.4863096623551457  0.023015397299880648  
9.5  0.004603455315498336  0.48329930899116896  0.4863087415448173  0.02301441891041188  
9.52  0.0046035137193184104  0.4832991854123017  0.48630780753636665  0.023013446702253  
9.540000000000001  0.004603588831932264  0.4832990574995335  0.4863068591719443  0.02301247649554135  
9.56  0.004603693790540515  0.48329891752167337  0.486305895272957  0.02301150402600012  
9.58  0.004603841897262231  0.4832987575585438  0.48630491469519005  0.02301052502088286  
9.6  0.004604046369175389  0.4832985696220667  0.4863039163847375  0.023009535273498867  
9.620000000000001  0.004604320089535465  0.48329834577866193  0.4863028994342357  0.023008530714776182  
9.64  0.004604675363640268  0.48329807827144594  0.4863018631388186  0.023007507480440424  
9.66  0.004605123682768461  0.4832977596406557  0.4863008070511696  0.02300646197254734  
9.68  0.004605675499545402  0.4832973828407075  0.4862997310349357  0.023005390914287552  
9.700000000000001  0.004606340017976028  0.4832969413522833  0.4862986353156854  0.0230042913972164  
9.72  0.004607125001236245  0.4832964292878648  0.48629752052854397  0.023003160920284767  
9.74  0.004608036600120052  0.48329584148915045  0.4862963877614792  0.023001997420298386  
9.76  0.0046090792048067075  0.48329517361489815  0.48629523859327506  0.02300079929367232  
9.78  0.004610255322336039  0.48329442221776764  0.48629407512510203  0.022999565409579807  
9.8  0.004611565481861279  0.4832935848088944  0.4862929000045945  0.022998295114808567  
9.82  0.00461300816939322  0.483292659909081  0.48629171644146746  0.022996988230823426  
9.84  0.004614579793353677  0.48329164708561295  0.48629052821366786  0.02299564504369468  
9.86  0.004616274681831714  0.48329054697397833  0.4862893396632179  0.022994266287665967  
9.88  0.004618085111981526  0.48328936128393535  0.4862881556810798  0.0229928531232301  
9.9  0.004620001371526138  0.4832880927896425  0.4862869816805005  0.02299140711060997  
9.92  0.004622011851842864  0.48328674530381166  0.48628582355856587  0.022989930179558242  
9.94  0.004624103171613976  0.4832853236361257  0.48628468764593563  0.0229884245963582  
9.96  0.0046262603295345785  0.483283833536384  0.48628358064499644  0.022986892928833665  
9.98  0.00462846688409644  0.4832822816232018  0.48628250955695274  0.022985338010103155  
10.0  0.004630705158014408  0.4832806752992212  0.486281481598688  0.022983762901694283  
10.02  0.004632956464445095  0.4832790226541279  0.48628050411049256  0.022982170856512094  
10.040000000000001  0.004635201351772412  0.4832773323569427  0.48627958445607045  0.02298056528203575  
10.06  0.004637419863406719  0.48327561353924586  0.4862787299163923  0.02297894970399133  
10.08  0.0046395918087766995  0.4832738756711722  0.4862779475793073  0.022977327730626586  
10.1  0.004641697041485713  0.4832721284321255  0.4862772442268126  0.02297570301761826  
10.120000000000001  0.0046437157404727375  0.48327038157825203  0.4862766262222487  0.022974079233569  
10.14  0.004645628689956806  0.48326864480870746  0.48627609939946914  0.02297246002598288  
10.16  0.004647417553958149  0.48326692763288354  0.4862756689563019  0.02297084898760253  
10.18  0.004649065141275156  0.48326523924049347  0.48627533935436534  0.02296924962297828  
10.200000000000001  0.0046505556569555  0.48326358837659655  0.48627511422732916  0.02296766531517638  
10.22  0.004651874936521791  0.48326198322330927  0.48627499629949655  0.022966099292583  
10.24  0.00465301065949746  0.4832604312899238  0.486274987316386  0.022964554595839366  
10.26  0.004653952539119182  0.48325893931295144  0.4862750879887316  0.0229630340450261  
10.28  0.004654692485508248  0.48325751316740656  0.4862752979510602  0.02296154020731781  
10.3  0.004655224739999814  0.483256157790424  0.48627561573571  0.022960075365438128  
10.32  0.004655545978784803  0.48325487711811244  0.48627603876277076  0.02295864148733262  
10.34  0.004655655384494549  0.4832536740362817  0.48627656334618197  0.022957240197596214  
10.36  0.004655554684843631  0.48325255034548065  0.4862771847158328  0.022955872751232325  
10.38  0.004655248157933135  0.48325150674051853  0.48627789705525526  0.022954540010416517  
10.4  0.004654742604304469  0.483250542804494  0.4862786935541522  0.022953242424956145  
10.42  0.004654047286304522  0.4832496570170365  0.48627956647479964  0.022951980017145476  
10.44  0.004653173835755201  0.4832488467764316  0.48628050723108174  0.022950752371688504  
10.46  0.004652136131335246  0.4832481084349972  0.48628150647878116  0.02294955863131682  
10.48  0.004650950147469173  0.48324743734700204  0.4862825542155959  0.022948397498643566  
10.5  0.004649633776859265  0.4832468279282673  0.48628363988917395  0.02294726724467823  
10.52  0.0046482066290950575  0.4832462737264763  0.48628475251155046  0.02294616572429116  
10.540000000000001  0.004646689808032469  0.4832457675011407  0.4862858807781758  0.022945090398768173  
10.56  0.004645105670844567  0.48324530131211296  0.4862870131899329  0.022944038365404103  
10.58  0.004643477571814153  0.4832448666154592  0.4862881381764257  0.02294300639391918  
10.6  0.0046418295940617  0.483244454365496  0.4862892442190445  0.02294199096928404  
10.620000000000001  0.004640186272482746  0.483244055121753  0.48629031997230543  0.022940988340368257  
10.64  0.004638572311210904  0.48324365915965317  0.48629135438219995  0.022939994573646268  
10.66  0.0046370122989273675  0.4832432565836421  0.4862923368003388  0.02293900561105391  
10.68  0.004635530425306851  0.483242837441581  0.4862932570928338  0.022938017330948992  
10.700000000000001  0.004634150201829861  0.48324239183915924  0.48629410574301907  0.022937025611035812  
10.72  0.004632894190101693  0.4832419100531966  0.4862948739472194  0.022936026392044367  
10.74  0.004631783740703278  0.4832413826426038  0.4862955537028939  0.022935015740915117  
10.76  0.00463083874545855  0.4832408005559269  0.4862961378885855  0.022933989912257834  
10.78  0.004630077405844277  0.4832401552343706  0.48629662033520665  0.02293294540687195  
10.8  0.0046295160200831255  0.4832394387092035  0.48629699588823017  0.022931879026203115  
10.82  0.004629168791261326  0.48323864369258956  0.48629726046047234  0.02293078792170706  
10.84  0.004629047658592165  0.4832377636608379  0.48629741107511576  0.022929669638218346  
10.86  0.004629162153707799  0.48323679292918154  0.4862974458987345  0.02292852215058226  
10.88  0.004629519283608973  0.48323572671725956  0.4862973642640829  0.02292734389296363  
10.9  0.0046301234416316105  0.48323456120452424  0.48629716668240075  0.02292613378043727  
10.92  0.0046309763475028  0.4832332935749074  0.48629685484505686  0.02292489122264143  
10.94  0.004632077017260972  0.48323192205017634  0.4862964316143832  0.022923616129453917  
10.96  0.00463342176350207  0.4832304459115223  0.4862959010035487  0.022922308908837966  
10.98  0.004635004226090928  0.48322886550900185  0.48629526814541374  0.022920970457151822  
11.0  0.0046368154331465124  0.4832271822586721  0.4862945392503575  0.02291960214237508  
11.02  0.004638843891772705  0.4832253986273108  0.48629372155313044  0.022918205780815045  
11.040000000000001  0.004641075707666816  0.4832235181048011  0.48629282324891815  0.02291678360797448  
11.06  0.0046434947324000535  0.48322154516442717  0.48629185341885545  0.02291533824432465  
11.08  0.004646082736830495  0.4832194852114527  0.4862908219454401  0.02291387265677896  
11.1  0.0046488196087866316  0.4832173445205373  0.48628973941836207  0.02291239011669816  
11.120000000000001  0.004651683572849783  0.4832151301626879  0.486288617031431  0.022910894155238802  
11.14  0.004654651429774368  0.4832128499225996  0.4862874664714874  0.02290938851685293  
11.16  0.004657698812820832  0.4832105122073673  0.4862862998002698  0.02290787711169243  
11.18  0.004660800458038586  0.4832081259477169  0.4862851293304342  0.022906363967619928  
11.200000000000001  0.004663930485337835  0.48320570049297623  0.48628396749699254  0.02290485318245287  
11.22  0.0046670626870243676  0.4832032455011397  0.4862828267256717  0.02290334887700223  
11.24  0.004670170820351856  0.48320077082541546  0.48628171929969133  0.022901855149363333  
11.26  0.004673228900573523  0.48319828639877027  0.486280657226614  0.02290037603087026  
11.28  0.0046762114909471  0.48319580211794294  0.48627965210701407  0.02289891544401141  
11.3  0.0046790939861715425  0.483193327728454  0.48627871500663383  0.022897477162569742  
11.32  0.004681852885808535  0.4831908727121039  0.4862778563338066  0.02289606477416403  
11.34  0.004684466054364701  0.4831884461784131  0.4862770857237849  0.022894681645346318  
11.36  0.004686912964883787  0.4831860567614086  0.4862764119316441  0.022893330889352873  
11.38  0.0046891749231149716  0.483183712523034  0.48627584273520746  0.022892015336606442  
11.4  0.004691235269583621  0.4831814208643746  0.48627538484937183  0.022890737508035476  
11.42  0.004693079557189616  0.48317918844581076  0.4862750438530583  0.022889499591298434  
11.44  0.004694695702288632  0.4831770211169568  0.4862748241297189  0.02288830341999342  
11.46  0.004696074107569978  0.483174923857207  0.486274728822235  0.0228871504559579  
11.48  0.004697207755423674  0.48317290072748054  0.48627475980273044  0.02288604177478109  
11.5  0.004698092270883743  0.48317095483363237  0.4862749176576215  0.022884978054665835  
11.52  0.004698725953635609  0.483169088301755  0.4862752016879848  0.022883959568802337  
11.540000000000001  0.004699109778979776  0.48316730226553634  0.48627560992502356  0.022882986181420525  
11.56  0.004699247368041262  0.48316559686558713  0.48627613916033785  0.022882057347696164  
11.58  0.0046991449279009286  0.48316397126052035  0.4862767849902553  0.02288117211767836  
11.6  0.0046988111626959095  0.48316242364944345  0.48627754187351946  0.02288032914439434  
11.620000000000001  0.00469825715708244  0.4831609513053233  0.48627840320129134  0.022879526696250478  
11.64  0.004697496233776103  0.4831595506186792  0.48627936137832956  0.022878762673817346  
11.66  0.0046965437871734975  0.4831582171507741  0.48628040791409016  0.022878034631020935  
11.68  0.0046954170953153575  0.4831569456955509  0.4862815335223893  0.022877339800710973  
11.700000000000001  0.004694135112671303  0.4831557303493844  0.48628272822820867  0.022876675124491163  
11.72  0.004692718246405397  0.48315456458767814  0.4862839814801735  0.022876037286619206  
11.74  0.00469118811892717  0.48315344134728544  0.48628528226723  0.022875422751697284  
11.76  0.004689567319633069  0.48315235311369636  0.48628661923807004  0.02287482780577973  
11.78  0.004687879148809396  0.48315129201196205  0.4862879808218937  0.022874248600445478  
11.8  0.0046861473566949035  0.4831502499001994  0.4862893553491153  0.022873681199284106  
11.82  0.004684395880694634  0.48314921846466574  0.48629073117077964  0.02287312162618724  
11.84  0.004682648583692842  0.4831481893153115  0.48629209677542157  0.022872565914758988  
11.86  0.004680928996340612  0.48314715408076464  0.4862934409022897  0.022872010158106967  
11.88  0.004679260066090469  0.4831461045017804  0.48629475264992306  0.02287145055825087  
11.9  0.004677663915623329  0.4831450325221473  0.4862960215791605  0.022870883474356743  
11.92  0.004676161613161071  0.4831439303761359  0.4862972378097513  0.02287030546901532  
11.94  0.004674772956987071  0.48314279067164145  0.4862983921098709  0.022869713351797785  
11.96  0.004673516276304821  0.48314160646819126  0.4862994759779247  0.022869104219366526  
11.98  0.004672408250359852  0.48314037134905574  0.48630048171603224  0.022868475491475002  
12.0  0.0046714637475294895  0.4831390794867989  0.4863014024948286  0.022867824942266225  
12.02  0.00467069568585512  0.48313772570162794  0.48630223240912307  0.022867150726370435  
12.040000000000001  0.0046701149162477265  0.4831363055120094  0.48630296652410915  0.02286645139940204  
12.06  0.0046697301293539585  0.4831348151770956  0.4863036009119122  0.022865725932569043  
12.08  0.004669547786811641  0.48313325173055177  0.4863041326782178  0.02286497372122119  
12.1  0.004669572077368571  0.48313161300550095  0.48630455997891514  0.02286419458728908  
12.120000000000001  0.004669804898076216  0.48312989765038483  0.4863048820266426  0.022863388775670134  
12.14  0.004670245860510831  0.4831281051356072  0.48630509908723424  0.02286255694474735  
12.16  0.004670892321714631  0.48312623575094515  0.48630521246613234  0.02286170015132138  
12.18  0.004671739439293476  0.4831242905938016  0.48630522448487856  0.022860819830337616  
12.200000000000001  0.00467278024985735  0.48312227154847814  0.4863051384478972  0.02285991776986706  
12.22  0.004674005769747201  0.4831201812567343  0.4863049585998126  0.022858996081880467  
12.24  0.004675405116757415  0.48311802308000773  0.48630469007372684  0.022858057169397365  
12.26  0.0046769656513437246  0.48311580105374174  0.48630433883081475  0.022857103690638845  
12.280000000000001  0.004678673135597879  0.48311351983443573  0.486303911591873  0.022856138520826987  
12.3  0.004680511908083464  0.4831111846399893  0.4863034157613802  0.022855164712287913  
12.32  0.004682465072454949  0.48310880118413435  0.48630285934485695  0.022854185453499216  
12.34  0.004684514697635802  0.483106375605717  0.4863022508602946  0.022853204027702814  
12.36  0.004686642027207439  0.4831039143937361  0.4863015992446245  0.022852223771672706  
12.38  0.004688827695563005  0.4831014243090122  0.4863009137561636  0.02285124803517671  
12.4  0.004691051948312864  0.48309891230351415  0.48630020387414763  0.0228502801416269  
12.42  0.0046932948643862125  0.4830963854382724  0.48629947919643307  0.02284932335034936  
12.44  0.0046955365772694815  0.48309385080095946  0.48629874933658457  0.022848380820850764  
12.46  0.004697757492841226  0.48309131542410017  0.4862980238215195  0.02284745557939418  
12.48  0.004699938501322342  0.4830887862049424  0.48629731199092746  0.022846550488138502  
12.5  0.004702061180945304  0.48308626982795566  0.4862966228996586  0.02284566821704385  
12.52  0.004704107991064577  0.48308377269088354  0.4862959652242689  0.022844811218687335  
12.540000000000001  0.004706062452577777  0.4830813008352691  0.4862953471748469  0.022843981706092885  
12.56  0.004707909313701266  0.483078859882196  0.48629477641315344  0.022843181633640793  
12.58  0.004709634699343612  0.48307645497406304  0.48629425997807085  0.0228424126810841  
12.6  0.004711226242542239  0.48307409072295765  0.4862938042191943  0.02284167624067692  
12.620000000000001  0.00471267319666791  0.4830717711662396  0.48629341473932075  0.022840973407403486  
12.64  0.004713966527358329  0.4830694997297383  0.4862930963464516  0.02284030497227102  
12.66  0.004715098983407301  0.48306727919891945  0.48629285301574166  0.02283967141863444  
12.68  0.004716065146109805  0.4830651116982243  0.4862926878617348  0.02283907292149523  
12.700000000000001  0.004716861456839896  0.4830629986787003  0.4862926031210418  0.02283850934973361  
12.72  0.004717486222912233  0.4830609409139357  0.4862926001454415  0.02283798027120852  
12.74  0.004717939602048389  0.4830589385041577  0.4862926794053123  0.022837484960667953  
12.76  0.004718223566027512  0.48305699088828247  0.48629284050303856  0.02283702241039959  
12.780000000000001  0.004718341844349085  0.48305509686362536  0.4862930821960346  0.02283659134354503  
12.8  0.0047182998489643715  0.4830532546128411  0.4862934024287885  0.022836190229988965  
12.82  0.004718104581344717  0.4830514617376044  0.4862937983733249  0.022835817304716215  
12.84  0.004717764523343373  0.48304971529848734  0.48629426647728324  0.02283547058850674  
12.86  0.004717289513471256  0.4830480118603916  0.48629480251882157  0.022835147910825308  
12.88  0.0047166906103468615  0.4830463475428695  0.48629540166745755  0.022834846934717892  
12.9  0.004715979945192707  0.4830447180746119  0.4862960585499273  0.022834565183517185  
12.92  0.004715170565333957  0.4830431188513482  0.486296767320072  0.022834300069104863  
12.94  0.0047142762707140665  0.4830415449964174  0.4862975217318824  0.02283404892146431  
12.96  0.004713311445471318  0.48303999142321163  0.48629831521464356  0.022833809019212538  
12.98  0.004712290886623726  0.48303845289872005  0.48629914094935933  0.0228335776207742  
13.0  0.004711229631890046  0.4830369241074275  0.4862999919454784  0.022833351995836013  
13.02  0.004710142788627682  0.4830353997148117  0.4863008611171156  0.022833129456689628  
13.040000000000001  0.0047090453658028796  0.48303387442971213  0.4863017413579736  0.022832907389063187  
13.06  0.004707952110821036  0.4830323430649212  0.48630262561423  0.022832683282025458  
13.08  0.004706877352940084  0.48303080059530323  0.4863035069546649  0.022832454756548104  
13.1  0.004705834854869242  0.4830292422128968  0.48630437863749165  0.022832219592324954  
13.120000000000001  0.004704837674020975  0.48302766337839315  0.4863052341733116  0.022831975752447636  
13.14  0.004703898034737837  0.4830260598685421  0.4863060673836997  0.02283172140558419  
13.16  0.004703027212661417  0.48302442781903165  0.4863068724550519  0.022831454945322467  
13.18  0.00470223543224687  0.4830227637624201  0.48630764398729603  0.022831175006398495  
13.200000000000001  0.004701531778259547  0.4830210646608436  0.4863083770372026  0.022830880477565693  
13.22  0.004700924121917224  0.48301932793321506  0.486309067156056  0.0228305705109286  
13.24  0.004700419062170047  0.48301755147670555  0.4863097104214848  0.022830244527621883  
13.26  0.004700021882433173  0.4830157336823947  0.48631030346333626  0.022829902219777605  
13.280000000000001  0.004699736522917929  0.4830138734449832  0.4863108434834991  0.022829543548792294  
13.3  0.004699565568534214  0.48301197016657893  0.486311328269638  0.02282916873996698  
13.32  0.0046995102521730555  0.48301002375459573  0.4863117562028223  0.02282877827366208  
13.34  0.004699570473014378  0.4830080346138791  0.4863121262591401  0.022828372873166594  
13.36  0.004699744829353554  0.483006003633215  0.48631243800532503  0.02282795348953039  
13.38  0.00470003066528956  0.4830039321664843  0.4863126915886015  0.022827521283669577  
13.4  0.004700424130481705  0.48300182200870456  0.48631288772085457  0.02282707760607771  
13.42  0.004700920252051505  0.48299967536733773  0.48631302765740775  0.022826623974527595  
13.44  0.0047015130175872815  0.4829974948292144  0.48631311317064363  0.02282616205015222  
13.46  0.004702195468105722  0.4829952833235533  0.4863131465188007  0.022825693612323464  
13.48  0.004702959799726909  0.4829930440815126  0.48631313041029195  0.022825220532739866  
13.5  0.004703797472743526  0.48299078059281464  0.4863130679639832  0.022824744749136226  
13.52  0.004704699326697244  0.48298849655998066  0.4863129626658535  0.022824268239017773  
13.540000000000001  0.004705655700027391  0.4829861958507452  0.48631281832257345  0.022823792993785882  
13.56  0.004706656552823173  0.4829838824492486  0.4863126390124815  0.02282332099361828  
13.58  0.0047076915911940815  0.4829815604066216  0.48631242903461114  0.02282285418341286  
13.6  0.0047087503917755775  0.4829792337915276  0.48631219285626576  0.02282239445007529  
13.620000000000001  0.004709822524901913  0.4829769066413225  0.486311935059863  0.022821943601396645  
13.64  0.004710897675017787  0.4829745829143939  0.48631166028960376  0.022821503346715778  
13.66  0.004711965756951014  0.48297226644426217  0.4863113731986624  0.02282107527952259  
13.68  0.004713017026736977  0.4829699608959903  0.48631107839750076  0.02282066086212077  
13.700000000000001  0.004714042185774349  0.48296766972542277  0.4863107804039221  0.022820261412423472  
13.72  0.004715032477188762  0.48296539614172274  0.48631048359550294  0.022819878092930384  
13.74  0.004715979773397099  0.4829631430736425  0.4863101921649081  0.022819511901883267  
13.76  0.004716876653990312  0.4829609131398731  0.4863099100786457  0.022819163666588857  
13.780000000000001  0.004717716473190612  0.4829587086238247  0.48630964103970326  0.02281883403886069  
13.8  0.004718493416281822  0.4829565314530651  0.4863093884544771  0.022818523492515196  
13.82  0.00471920254456523  0.4829543831835909  0.4863091554043223  0.022818232322842778  
13.84  0.004719839828547954  0.482952264989082  0.4863089446219855  0.02281796064796201  
13.86  0.004720402169227726  0.4829501776551579  0.4863087584730903  0.022817708411955025  
13.88  0.004720887407495255  0.48294812157862205  0.4863085989427744  0.02281747538968152  
13.9  0.004721294321829751  0.48294609677161676  0.4863084676275329  0.02281726119316  
13.92  0.004721622614610172  0.4829441028705238  0.48630836573212666  0.022817065279409694  
13.94  0.004721872887507889  0.4829421391494001  0.48630829407152426  0.0228168869596402  
13.96  0.004722046606556829  0.4829402045376837  0.4863082530775611  0.022816725409677555  
13.98  0.00472214605761946  0.4829382976418275  0.4863082428101144  0.022816579681523435  
14.0  0.00472217429307238  0.48293641677052357  0.48630826297240887  0.022816448715926942  
14.02  0.004722135070631462  0.48293455996307544  0.4863083129301166  0.022816331355858387  
14.040000000000001  0.0047220327853126935  0.48293272502050577  0.4863083917337607  0.022816226360772164  
14.06  0.004721872395588327  0.48293090953891993  0.48630849814401894  0.022816132421528947  
14.08  0.004721659344844056  0.48292911094464025  0.4863086306594012  0.022816048175853067  
14.1  0.004721399479269762  0.48292732653062337  0.48630878754584544  0.022815972224187415  
14.120000000000001  0.004721098963332051  0.4829255534936824  0.48630896686771113  0.022815903145804978  
14.14  0.004720764193970663  0.4829237889719703  0.4863091665196858  0.02281583951501645  
14.16  0.0047204017146421215  0.4829220300823111  0.48630938425912534  0.022815779917320107  
14.18  0.004720018130301728  0.4829202739568612  0.4863096177383998  0.022815722965317774  
14.200000000000001  0.004719620024365918  0.48291851777868794  0.4863098645367871  0.022815667314228214  
14.22  0.004719213878638585  0.4829167588158269  0.4863101221915612  0.022815611676811683  
14.24  0.004718805997114053  0.48291499445348085  0.4863103882278985  0.022815554837525773  
14.26  0.004718402434491379  0.48291322222394706  0.4863106601873134  0.022815495665732766  
14.280000000000001  0.00471800893014424  0.4829114398340293  0.4863109356543306  0.02281543312778184  
14.3  0.004717630848200753  0.4829096451896123  0.48631121228120444  0.02281536629780092  
14.32  0.004717273124286833  0.48290783641721885  0.48631148781047145  0.022815294367038712  
14.34  0.004716940219386062  0.4829060118823268  0.4863117600952197  0.022815216651624608  
14.36  0.004716636081166838  0.4829041702043303  0.4863120271169506  0.02281513259862868  
14.38  0.004716364113022335  0.4829023102680295  0.4863122870009872  0.022815041790322062  
14.4  0.004716127150969311  0.4829004312316266  0.4863125380293815  0.02281494394658194  
14.42  0.004715927448448319  0.48289853253117876  0.4863127786513309  0.022814838925395504  
14.44  0.004715766668973282  0.48289661388155153  0.48631300749109707  0.022814726721464427  
14.46  0.004715645886483886  0.48289467527395363  0.48631322335352284  0.022814607462931007  
14.48  0.004715565593166778  0.4828927169701353  0.4863134252271611  0.022814481406296196  
14.5  0.004715525714428214  0.48289073949339  0.4863136122851243  0.022814348929609665  
14.52  0.0047155256306252065  0.4828887436165594  0.4863137838837575  0.022814210524064682  
14.540000000000001  0.004715564205091189  0.4828867303472128  0.48631393955924584  0.022814066784143414  
14.56  0.004715639817930731  0.48288470091022945  0.4863140790222571  0.022813918396489705  
14.58  0.0047157504050015855  0.4828826567280677  0.48631420215077936  0.02281376612771001  
14.6  0.004715893501455393  0.48288059939896866  0.4863143089812887  0.022813610811307374  
14.620000000000001  0.004716066289168135  0.48287853067339975  0.4863143996984142  0.02281345333398671  
14.64  0.0047162656473604915  0.48287645242905464  0.4863144746232413  0.02281329462155337  
14.66  0.004716488205684747  0.48287436664471683  0.48631453420043663  0.022813135624645875  
14.68  0.0047167303990402545  0.48287227537334443  0.48631457898438707  0.02281297730453232  
14.700000000000001  0.004716988523373346  0.48287018071469434  0.4863146096245243  0.022812820619194422  
14.72  0.004717258791718897  0.4828680847878405  0.48631462685004456  0.022812666509908687  
14.74  0.004717537389752042  0.4828659897039028  0.48631463145422127  0.022812515888519104  
14.76  0.004717820530137194  0.4828638975393587  0.4863146242785336  0.022812369625575306  
14.780000000000001  0.004718104504988003  0.4828618103102298  0.48631460619679623  0.022812228539484475  
14.8  0.004718385735787592  0.482859729947468  0.4863145780995522  0.02281209338680556  
14.82  0.0047186608201600375  0.4828576582738414  0.4863145408788923  0.022811964853780738  
14.84  0.004718926574933467  0.4828555969825835  0.48631449541394717  0.022811843549180328  
14.86  0.004719180074993407  0.482853547618065  0.4863144425572541  0.022811729998499036  
14.88  0.004719418687484216  0.4828515115587073  0.48631438312216946  0.022811624639530997  
14.9  0.0047196401009870275  0.4828494900023349  0.48631431787151946  0.022811527819312078  
14.92  0.004719842349372824  0.48284748395413196  0.48631424750768665  0.022811439792405307  
14.94  0.004720023830106417  0.4828454942173039  0.48631417266418664  0.0228113607204813  
14.96  0.004720183316855396  0.4828435213865664  0.48631409389894303  0.02281129067312689  
14.98  0.004720319966337554  0.4828415658444835  0.4863140116892877  0.022811229629808107  
15.0  0.004720433319422639  0.48283962776068917  0.48631392642877613  0.022811177482898203  
15.02  0.004720523296582077  0.4828377070939299  0.4863138384258182  0.022811134041666303  
15.040000000000001  0.004720590187861618  0.4828358035969042  0.48631374790413373  0.02281109903713438  
15.06  0.004720634637623246  0.4828339168237545  0.48631365500496954  0.022811072127694697  
15.08  0.0047206576243782016  0.4828320461400891  0.4863135597910548  0.02281105290537483  
15.1  0.0047206604360952665  0.4828301907353686  0.4863134622521003  0.022811040902662304  
15.120000000000001  0.004720644641429869  0.4828283496374383  0.486313362311766  0.02281103559977148  
15.14  0.004720612057372616  0.48282652172896007  0.4863132598359205  0.022811036432270657  
15.16  0.004720564713858787  0.4828247057655127  0.48631315464196173  0.02281104279896881  
15.18  0.0047205048159178736  0.48282290039508846  0.48631304650905127  0.0228110540699833  
15.200000000000001  0.0047204347039679125  0.48282110417865665  0.4863129351889657  0.02281106959489983  
15.22  0.0047203568128778494  0.48281931561152513  0.4863128204173656  0.022811088710950042  
15.24  0.004720273630427595  0.4828175331451922  0.48631270192522885  0.022811110751139334  
15.26  0.004720187655794379  0.48281575520937514  0.486312579450226  0.02281113505224941  
15.280000000000001  0.004720101358682023  0.4828139802338845  0.48631245274772045  0.02281116096265143  
15.3  0.004720017139688849  0.48281220667008656  0.48631232160128335  0.02281118784986376  
15.32  0.004719937292481598  0.4828104330116545  0.4863121858323962  0.022811215107791123  
15.34  0.004719863968303738  0.4828086578143316  0.48631204530923516  0.02281124216358589  
15.36  0.0047197991433028785  0.4828068797144759  0.4863118999543018  0.02281126848406024  
15.38  0.004719744589111067  0.4828050974461411  0.48631174975080205  0.022811293581597974  
15.4  0.004719701847054656  0.4828033098565021  0.4863115947476238  0.022811317019496933  
15.42  0.004719672206310257  0.4828015159194682  0.4863114350628745  0.02281133841668825  
15.44  0.004719656686258439  0.48279971474731026  0.48631127088585574  0.022811357451768783  
15.46  0.004719656023221399  0.4827979056002204  0.4863111024775344  0.022811373866302512  
15.48  0.004719670661702905  0.48279608789370676  0.4863109301694567  0.022811387467330368  
15.5  0.0047197007501823375  0.4827942612037658  0.4863107543611698  0.02281139812905844  
15.52  0.004719746141446572  0.4827924252698357  0.4863105755162252  0.02281140579367775  
15.540000000000001  0.004719806397381792  0.4827905799955169  0.48631039415682425  0.02281141047129905  
15.56  0.0047198807980830685  0.48278872544711443  0.48631021085723897  0.022811412238984523  
15.58  0.004719968355084061  0.48278686185006303  0.4863100262361614  0.02281141123887405  
15.6  0.004720067828454344  0.4827849895833215  0.4863098409480475  0.02281140767541824  
15.620000000000001  0.004720177747463254  0.4827831091718535  0.48630965567372086  0.0228114018117439  
15.64  0.004720296434467456  0.4827812212773419  0.48630947111030653  0.022811393965191686  
15.66  0.004720422031639943  0.48277932668726287  0.4863092879607144  0.022811384502079576  
15.68  0.004720552530129005  0.48277742630252174  0.4863091069228283  0.02281137383176742  
15.700000000000001  0.004720685801208226  0.48277552112381505  0.48630892867857617  0.022811362400100118  
15.72  0.004720819628962097  0.48277361223691406  0.48630875388301836  0.022811350682327293  
15.74  0.004720951744036885  0.48277170079708415  0.4863085831536765  0.02281133917561219  
15.76  0.0047210798579819845  0.48276978801284387  0.48630841706016814  0.022811328391237812  
15.780000000000001  0.004721201697705037  0.48276787512926506  0.48630825611435924  0.022811318846640893  
15.8  0.00472131503957003  0.4827659634110733  0.48630810076112724  0.022811311057401886  
15.82  0.004721417742678989  0.482764054125683  0.48630795136986354  0.02281130552931481  
15.84  0.0047215077808938286  0.48276214852646504  0.4863078082268344  0.0228113027506728  
15.860000000000001  0.0047215832731758185  0.4827602478364025  0.4863076715284698  0.02281130318489161  
15.88  0.00472164251184662  0.4827583532323263  0.48630754137567883  0.0228113072635895  
15.9  0.004721683988405287  0.4827564658299582  0.48630741776928754  0.02281131538023281  
15.92  0.004721706416568403  0.48275458666991244  0.48630730060659433  0.02281132788444879  
15.94  0.004721708752239441  0.4827527167048118  0.4863071896791743  0.022811345077086598  
15.96  0.004721690210153771  0.4827508567876868  0.4863070846718819  0.02281136720609698  
15.98  0.004721650276988504  0.4827490076618039  0.4863069851631681  0.02281139446328652  
16.0  0.004721588720772756  0.4827471699519938  0.4863068906266427  0.022811426981981648  
16.02  0.00472150559647976  0.48274534415761466  0.48630680043393343  0.022811464835619254  
16.04  0.004721401247732889  0.48274353064720743  0.4863067138588195  0.022811508037269536  
16.06  0.004721276304604766  0.4827417296549318  0.4863066300826156  0.022811556540074787  
16.080000000000002  0.004721131677539775  0.4827399412787561  0.48630654820078173  0.02281161023856928  
16.1  0.00472096854747874  0.4827381654804797  0.486306467230684  0.02281166897084088  
16.12  0.004720788352313068  0.4827364020875151  0.4863063861204717  0.022811732521473733  
16.14  0.0047205927698433185  0.4827346507964501  0.48630630375901485  0.02281180062519982  
16.16  0.004720383697461521  0.48273291117829525  0.48630621898674964  0.0228118729711869  
16.18  0.004720163228819519  0.482731182685358  0.48630613060738315  0.02281194920787211  
16.2  0.0047199336277850435  0.48272946465962885  0.4863060374003457  0.02281202894825342  
16.22  0.004719697300023049  0.48272775634257103  0.4863059381338095  0.022812111775545818  
16.240000000000002  0.004719456762572713  0.4827260568861881  0.4863058315781977  0.02281219724911044  
16.26  0.004719214611815432  0.48272436536518126  0.4863057165199783  0.022812284910561968  
16.28  0.0047189734902537755  0.4827226807900537  0.4863055917756119  0.022812374289964556  
16.3  0.00471873605253602  0.4827210021209859  0.48630545620548316  0.022812464912033967  
16.32  0.004718504931173908  0.48271932828226405  0.48630530872759914  0.022812556302262862  
16.34  0.004718282702404304  0.48271765817708334  0.4863051483309535  0.02281264799289713  
16.36  0.004718071852645969  0.48271599070252275  0.48630497408829504  0.022812739528692335  
16.38  0.004717874745994826  0.48271432476448517  0.4863047851681559  0.022812830472396066  
16.4  0.004717693593188039  0.4827126592923937  0.48630458084600775  0.022812920409898345  
16.42  0.0047175304224474305  0.48271099325347044  0.48630436051428877  0.02281300895500258  
16.44  0.00471738705258879  0.48270932566635644  0.48630412369124126  0.022813095753784048  
16.46  0.004717265068752186  0.4827076556139689  0.48630387002836056  0.022813180488494327  
16.48  0.004717165801074105  0.48270598225535566  0.4863035993163646  0.022813262880990882  
16.5  0.004717090306581125  0.48270430483644805  0.4863033114895443  0.02281334269566557  
16.52  0.004717039354542969  0.4827026226995358  0.4863030066284704  0.022813419741853875  
16.54  0.004717013415474016  0.4827009352913855  0.48630268496094264  0.02281349387571422  
16.56  0.004717012653924057  0.48269924216988075  0.48630234686117885  0.022813565001566935  
16.580000000000002  0.00471703692514837  0.4826975430091188  0.4863019928472137  0.02281363307268287  
16.6  0.0047170857756935105  0.4826958376029251  0.48630162357656936  0.02281369809152291  
16.62  0.004717158447884587  0.4826941258667307  0.4863012398401766  0.022813760109429898  
16.64  0.0047172538881471255  0.4826924078378223  0.48630084255467  0.02281381922576973  
16.66  0.0047173707590463035  0.48269068367400125  0.4863004327531299  0.02281387558653672  
16.68  0.004717507454878981  0.4826889536506316  0.48630001157435904  0.022813929382427774  
16.7  0.004717662120606977  0.48268721815621046  0.4862995802509075  0.022813980846408476  
16.72  0.0047178326738786126  0.48268547768647424  0.48629914009588776  0.02281403025078053  
16.740000000000002  0.004718016829847969  0.48268373283717897  0.48629869248884716  0.022814077903782846  
16.76  0.004718212128465826  0.4826819842956396  0.48629823886082046  0.022814124145756048  
16.78  0.0047184159638889705  0.4826802328311737  0.48629778067878354  0.022814169344899923  
16.8  0.004718625615629173  0.48267847928459345  0.4862973194296752  0.02281421389267381  
16.82  0.004718838281045214  0.4826767245568434  0.4862968566042048  0.022814258198881273  
16.84  0.0047190511087681734  0.48267496959702505  0.48629639368065786  0.022814302686494738  
16.86  0.004719261232641652  0.48267321538988783  0.4862959321088479  0.022814347786276452  
16.88  0.004719465805757636  0.48267146294300417  0.48629547329446365  0.022814393931266108  
16.9  0.004719662034170731  0.48266971327377334  0.48629501858394186  0.02281444155119367  
16.92  0.004719847209882022  0.4826679673964192  0.4862945692500754  0.022814491066897015  
16.94  0.00472001874269699  0.4826662263091583  0.4862941264784811  0.022814542884816994  
16.96  0.0047201741905800575  0.4826644909816701  0.48629369135511946  0.022814597391643224  
16.98  0.0047203112881496895  0.482662762343056  0.48629326485494395  0.02281465494918754  
17.0  0.004720427972984782  0.48266104127039977  0.48629284783181737  0.022814715889560376  
17.02  0.004720522409441398  0.48265932857806537  0.4862924410098044  0.022814780510720972  
17.04  0.004720593009713252  0.4826576250078816  0.4862920449759052  0.022814849072467933  
17.06  0.004720638451901867  0.4826559312202984  0.4862916601742877  0.022814921792929016  
17.080000000000002  0.004720657694903057  0.48265424778661065  0.48629128690207324  0.022814998845612076  
17.1  0.004720649989951637  0.4826525751823627  0.4862909253067198  0.022815080357053284  
17.12  0.004720614888709744  0.482650913781964  0.4862905753849663  0.02281516640510669  
17.14  0.00472055224782358  0.4826492638546071  0.48629023698339485  0.02281525701789814  
17.16  0.00472046222991461  0.4826476255614909  0.48628990980053355  0.022815352173457617  
17.18  0.0047203453010140894  0.48264599895440496  0.48628959339051714  0.022815451800039334  
17.2  0.00472020222448908  0.48264438397567705  0.48628928716820596  0.022815555777116827  
17.22  0.004720034051548664  0.48264278045944276  0.4862889904157561  0.02281566393703904  
17.240000000000002  0.004719842108458286  0.48264118813425716  0.4862887022905097  0.022815776067316322  
17.26  0.004719627980625944  0.48263960662698835  0.4862884218341653  0.022815891913499198  
17.28  0.004719393493759898  0.4826380354679323  0.4862881479831023  0.022816011182599155  
17.3  0.004719140692330047  0.4826364740971047  0.48628787957975395  0.022816133546997876  
17.32  0.004718871815593594  0.4826349218715886  0.48628761538492227  0.022816258648779404  
17.34  0.004718589271474843  0.48263337807390516  0.48628735409090723  0.022816386104420158  
17.36  0.0047182956086098595  0.4826318419212167  0.4862870943352943  0.022816515509758398  
17.38  0.004717993486889072  0.48263031257533895  0.4862868347152802  0.022816646445176073  
17.400000000000002  0.004717685646844882  0.4826287891533553  0.48628657380238416  0.022816778480905915  
17.42  0.004717374878245525  0.4826272707387593  0.4862863101573898  0.022816911182398446  
17.44  0.004717063988262716  0.4826257563929599  0.4862860423453526  0.022817044115666173  
17.46  0.004716755769586215  0.48262424516699254  0.4862857689505321  0.02281717685254008  
17.48  0.004716452968855875  0.48262273611332707  0.48628548859108267  0.022817308975763118  
17.5  0.004716158255778626  0.48262122829759  0.4862851999333193  0.022817440083866204  
17.52  0.004715874193288363  0.48261972081008453  0.4862849017054741  0.022817569795763236  
17.54  0.0047156032090914105  0.48261821277692557  0.48628459271070046  0.022817697755017997  
17.56  0.004715347568925756  0.48261670337071594  0.4862842718392704  0.022817823633736127  
17.580000000000002  0.004715109351837509  0.4826151918205493  0.48628393807973375  0.022817947136049108  
17.6  0.004714890427755861  0.482613677421296  0.48628359052904574  0.022818068001151652  
17.62  0.004714692437616023  0.4826121595419888  0.48628322840139687  0.02281818600587881  
17.64  0.004714516776251039  0.4826106376332766  0.48628285103576874  0.0228183009667987  
17.66  0.004714364578236527  0.48260911123379335  0.4862824579020747  0.02281841274181138  
17.68  0.004714236706837635  0.4826075799753965  0.48628204860581997  0.022818521231250718  
17.7  0.004714133746167814  0.48260604358723685  0.4862816228912614  0.022818626378489727  
17.72  0.0047140559966304466  0.4826045018985595  0.48628118064298104  0.022818728170050928  
17.740000000000002  0.004714003473673572  0.482602954840275  0.4862807218859504  0.022818826635237446  
17.76  0.004713975909847837  0.4826014024452234  0.48628024678398063  0.022818921845294222  
17.78  0.0047139727601171804  0.48259984484719703  0.48627975563669357  0.02281901391212131  
17.8  0.004713993210332947  0.4825982822786986  0.4862792488749721  0.022819102986555553  
17.82  0.004714036188744551  0.48259671506750496  0.48627872705502556  0.02281918925624937  
17.84  0.004714100380383372  0.4825951436320646  0.4862781908511019  0.02281927294317051  
17.86  0.004714184244123965  0.4825935684758189  0.48627764104697857  0.02281935430075155  
17.88  0.004714286032194475  0.4825919901805112  0.4862770785263141  0.02281943361072427  
17.900000000000002  0.004714403811883003  0.48259040939859615  0.486276504262027  0.022819511179670588  
17.92  0.004714535489160762  0.48258882684482596  0.4862759193047841  0.022819587335321738  
17.94  0.004714678833923793  0.48258724328715963  0.48627532477082414  0.022819662422655262  
17.96  0.004714831506538829  0.4825856595370729  0.4862747218291631  0.02281973679981544  
17.98  0.0047149910853667085  0.48258407643946327  0.4862741116884415  0.022819810833911193  
18.0  0.0047151550949294544  0.4825824948621936  0.4862734955835244  0.022819884896726643  
18.02  0.004715321034383859  0.48258091568548006  0.486272874761984  0.02281995936039329  
18.04  0.004715486405964556  0.48257933979121537  0.48627225047069816  0.02282003459307146  
18.06  0.004715648743065635  0.4825777680523772  0.4862716239426371  0.0228201109546829  
18.080000000000002  0.004715805637637935  0.48257620132262824  0.48627099638403887  0.022820188792744535  
18.1  0.0047159547665928244  0.4825746404262758  0.4862703689621049  0.02282026843835514  
18.12  0.004716093916918489  0.4825730861486445  0.4862697427932884  0.02282035020237423  
18.14  0.004716221009235205  0.48257153922704454  0.4862691189323941  0.022820434371844993  
18.16  0.004716334119538114  0.48257000034236497  0.4862684983625032  0.02282052120670009  
18.18  0.004716431498901293  0.482568470111454  0.48626788198585014  0.022820610936797825  
18.2  0.004716511590943809  0.48256694908030867  0.4862672706157625  0.022820703759322006  
18.22  0.004716573046887232  0.48256543771818017  0.48626666496966414  0.0228207998365782  
18.240000000000002  0.004716614738066427  0.48256393641265705  0.4862660656632484  0.022820899294222395  
18.26  0.004716635765783752  0.48256244546573557  0.4862654732058383  0.022821002219940503  
18.28  0.004716635468431814  0.48256096509096347  0.4862648879969773  0.022821108662598316  
18.3  0.0047166134258411615  0.4825594954116319  0.48626431032419964  0.022821218631874328  
18.32  0.004716569460841773  0.48255803646006223  0.48626374036206277  0.02282133209838261  
18.34  0.004716503638058831  0.48255658817795904  0.4862631781723682  0.02282144899427796  
18.36  0.004716416259994924  0.4825551504178254  0.48626262370557244  0.02282156921434366  
18.38  0.004716307860480744  0.48255372294540383  0.4862620768033253  0.022821692617536096  
18.400000000000002  0.004716179195604302  0.4825523054431338  0.48626153720210313  0.022821819028972585  
18.42  0.004716031232256369  0.48255089751452096  0.4862610045378923  0.022821948242328645  
18.44  0.004715865134453947  0.4825494986894224  0.4862604783518137  0.02282208002260903  
18.46  0.004715682247628368  0.4825481084301195  0.4862599580966524  0.022822214109256125  
18.48  0.004715484081081312  0.48254672613814903  0.4862594431441969  0.022822350219546744  
18.5  0.004715272288834234  0.4825453511617785  0.4862589327932891  0.02282248805223192  
18.52  0.00471504864910894  0.48254398280403  0.4862584262784949  0.02282262729136159  
18.54  0.004714815042690518  0.48254262033117684  0.48625792277930585  0.022822767610247763  
18.56  0.004714573430433297  0.4825412629816115  0.4862574214297532  0.02282290867550969  
18.580000000000002  0.004714325830176523  0.482539909974928  0.48625692132833553  0.022823050151135865  
18.6  0.004714074293340327  0.48253856052118826  0.48625642154816545  0.022823191702523622  
18.62  0.004713820881472816  0.4825372138301951  0.4862559211471779  0.022823333000430705  
18.64  0.004713567643016316  0.4825358691207114  0.48625541917836457  0.02282347372479735  
18.66  0.004713316590554797  0.4825345256294812  0.4862549146998515  0.022823613568384204  
18.68  0.004713069678797358  0.48253318261997874  0.4862544067847712  0.022823752240188726  
18.7  0.004712828783539056  0.48253183939074956  0.48625389453078416  0.02282388946859889  
18.72  0.004712595681828081  0.4825304952832996  0.4862533770691905  0.022824025004250015  
18.740000000000002  0.004712372033551084  0.4825291496893744  0.4862528535735051  0.02282415862255667  
18.76  0.004712159364629198  0.48252780205761725  0.4862523232674114  0.02282429012589457  
18.78  0.004711959051997165  0.4825264518994706  0.48625178543205033  0.022824419345419625  
18.8  0.0047117723105133714  0.48252509879431116  0.486251239412527  0.022824546142504648  
18.82  0.004711600181927323  0.4825237423937095  0.4862506846235931  0.022824670409791012  
18.84  0.004711443526001304  0.4825223824248097  0.4862501205544791  0.022824792071853207  
18.86  0.004711303013860691  0.4825210186927915  0.48624954677276866  0.022824911085476678  
18.88  0.004711179123615955  0.4825196510823737  0.48624896292736697  0.02282502743955903  
18.900000000000002  0.004711072138275392  0.48251827955836213  0.4862483687504648  0.022825141154641224  
18.92  0.004710982145937435  0.48251690416525056  0.48624776405856535  0.022825252282092763  
18.94  0.00471090904222692  0.48251552502588024  0.48624714875252356  0.02282536090295722  
18.96  0.004710852534910064  0.48251414233917317  0.48624652281664027  0.02282546712648926  
18.98  0.00471081215060112  0.48251275637700775  0.48624588631682947  0.022825571088401202  
19.0  0.0047107872434480925  0.4825113674802429  0.4862452393979162  0.022825672948850618  
19.02  0.00471077700566205  0.4825099760539828  0.4862445822800981  0.02282577289018483  
19.04  0.004710780479736009  0.4825085825621269  0.48624391525463795  0.022825871114489638  
19.06  0.004710796572180645  0.4825071875212948  0.48624323867884633  0.022825967840953195  
19.080000000000002  0.004710824068588638  0.48250579149417494  0.48624255297043445  0.022826063303088465  
19.1  0.004710861649825859  0.48250439508243814  0.4862418586013491  0.022826157745843168  
19.12  0.004710907909139011  0.48250299891925774  0.4862411560911092  0.022826251422624608  
19.14  0.004710961369959333  0.48250160366154615  0.48624044599981076  0.022826344592277323  
19.16  0.004711020504180645  0.4825002099820311  0.48623972892085277  0.022826437516041926  
19.18  0.0047110837506849634  0.48249881856121124  0.4862390054734599  0.022826530454530244  
19.2  0.004711149533893202  0.4824974300793588  0.4862382762951641  0.022826623664744562  
19.22  0.004711216282119469  0.48249604520861755  0.48623754203426806  0.02282671739717581  
19.240000000000002  0.004711282445516727  0.4824946646052937  0.4862368033424097  0.022826811893006706  
19.26  0.0047113465134087824  0.482493288902441  0.48623606086731136  0.022826907381454015  
19.28  0.0047114070308156356  0.48249191870282904  0.4862353152458137  0.022827004077273224  
19.3  0.004711462613993611  0.4824905545723487  0.48623456709722446  0.02282710217845533  
19.32  0.0047115119648257365  0.4824891970339591  0.4862338170170898  0.02282720186413824  
19.34  0.004711553883916  0.4824878465621946  0.4862330655714254  0.022827303292756326  
19.36  0.0047115872822601395  0.4824865035783427  0.48623231329148264  0.02282740660044947  
19.38  0.004711611191383339  0.48248516844629125  0.48623156066906187  0.02282751189974458  
19.400000000000002  0.004711624771858927  0.48248384146911705  0.4862308081524399  0.022827619278529734  
19.42  0.004711627320140151  0.48248252288640414  0.48623005614292053  0.022827728799328338  
19.44  0.004711618273660959  0.4824812128723774  0.48622930499203065  0.02282784049888085  
19.46  0.004711597214181647  0.48247991153479053  0.4862285549993772  0.022827954388040708  
19.48  0.004711563869378167  0.4824786189145942  0.48622780641115626  0.02282807045198125  
19.5  0.004711518112692975  0.4824773349864122  0.4862270594193206  0.022828188650711883  
19.52  0.004711459961486313  0.4824760596597474  0.4862263141613877  0.02282830891989618  
19.54  0.0047113895735464775  0.4824747927809388  0.4862255707208679  0.022828431171955016  
19.56  0.004711307242034854  0.4824735341358012  0.48622482912828097  0.02282855529744486  
19.580000000000002  0.0047112133889583635  0.48247228345293736  0.4862240893627516  0.022828681166691258  
19.6  0.004711108557277916  0.4824710404076581  0.48622335135410405  0.022828808631646404  
19.62  0.004710993401774668  0.4824698046264466  0.486222614985474  0.022828937527957522  
19.64  0.004710868678807899  0.48246857569193646  0.4862218800963332  0.022829067677204207  
19.66  0.00471073523510872  0.48246735314830436  0.4862211464859248  0.022829198889284474  
19.68  0.004710593995762097  0.48246613650703063  0.48622041391701804  0.0228293309649083  
19.7  0.00471044595153614  0.48246492525295603  0.4862196821199747  0.02282946369816806  
19.72  0.004710292145722023  0.4824637188505475  0.48621895079701877  0.02282959687915085  
19.740000000000002  0.004710133660650272  0.4824625167503168  0.4862182196267128  0.02282973029655711  
19.76  0.004709971604049521  0.48246131839529427  0.4862174882685268  0.022829863740287636  
19.78  0.004709807095413354  0.48246012322749576  0.48621675636748923  0.022829997003972063  
19.8  0.004709641252536161  0.482458930694316  0.48621602355884164  0.022830129887397625  
19.82  0.004709475178375118  0.4824577402547409  0.4862152894726393  0.02283026219881621  
19.84  0.004709309948387989  0.4824565513853676  0.4862145537382787  0.02283039375709469  
19.86  0.004709146598487647  0.4824553635860992  0.48621381598885133  0.022830524393690276  
19.88  0.004708986113745173  0.4824541763855009  0.48621307586531803  0.022830653954421645  
19.900000000000002  0.004708829417961127  0.48245298934574565  0.48621233302043443  0.02283078230102237  
19.92  0.004708677364212912  0.48245180206708493  0.4862115871224164  0.022830909312462896  
19.94  0.004708530726471063  0.4824506141918181  0.48621083785826735  0.022831034886022714  
19.96  0.004708390192364604  0.4824494254076943  0.486210084936771  0.022831158938114052  
19.98  0.004708256357158517  0.48244823545075666  0.4862093280911006  0.02283128140484475  
20.0  0.004708129718991699  0.4824470441075761  0.4862085670810491  0.022831402242328817  
