0.02  -0.022186272310799452  0.0018918701101129387
0.04  -0.0664036934929743  0.0028964033078660335
0.06  -0.10514299039893142  0.00363290956102798
0.08  -0.13950484592321039  0.0037009756622953228
0.1  -0.17006150915927354  0.0033903913329747445
0.12  -0.1971694548109409  0.00288806852043728
0.14  -0.22108077709955284  0.0023023602689643944
0.16  -0.24198997777294975  0.0016972210915006877
0.18  -0.26006624272288126  0.0011100067774590643
0.2  -0.27546750981438484  0.0005602461306208532
0.22  -0.2883456382838161  5.6617835373491644e-05
0.24  -0.29884798992785194  -0.0003986095547663154
0.26  -0.307117248743942  -0.0008063305222304999
0.28  -0.3132912182405914  -0.0011685308305074134
0.3  -0.31750282913250166  -0.0014872784450083087
0.32  -0.31988034839057244  -0.0017642158133330127
0.34  -0.32054786840166816  -0.0020004089896579914
0.36  -0.3196260749128917  -0.002196470713035518
0.38  -0.31723319865538807  -0.0023528392923853197
0.4  -0.313486022698914  -0.0024700926808883597
0.42  -0.30850076909155505  -0.002549201916556839
0.44  -0.3023936629396126  -0.002591675455380767
0.46  -0.2952810336308166  -0.002599583985418321
0.48  -0.28727894805383797  -0.002575459407634688
0.5  -0.2785024904045508  -0.002522041425474234
0.52  -0.26906497113579936  -0.0024419764946743017
0.54  -0.25907796535633826  -0.0023382718359975137
0.56  -0.24865203246926934  -0.002215526456383573
0.58  -0.23789480072967353  -0.0020788785251586056
0.6  -0.22690907749758696  -0.0019325940874927905
0.62  -0.2157929284353605  -0.0017803451972501594
0.64  -0.20463960178139365  -0.0016253974532922236
0.66  -0.19353712362898012  -0.0014706255204563424
0.68  -0.18256777920179454  -0.0013185345782155597
0.7000000000000001  -0.17180756829185898  -0.0011712896643074813
0.72  -0.16132568663245328  -0.0010307428083632954
0.74  -0.1511840786903748  -0.000898444872348275
0.76  -0.14143709974765697  -0.0007756325848788883
0.78  -0.132131309202622  -0.000663187589418069
0.8  -0.12330540321119916  -0.0005615715996056039
0.8200000000000001  -0.11499028156721267  -0.0004707521466130202
0.84  -0.10720920235710711  -0.00039014414015209917
0.86  -0.0999778963842344  -0.0003185462712401333
0.88  -0.09330436061252542  -0.0002539693130574783
0.9  -0.08718768643426515  -0.00019321640920657072
0.92  -0.08161477494863217  -0.00013105451007727016
0.9400000000000001  -0.07655408232917811  -5.901809462237253e-05
0.96  -0.07194311110780617  3.6537399653739254e-05
0.98  -0.06771765204402694  0.00014402616581122543
1.0  -0.06393312825172541  0.00021103779123343562
1.02  -0.06064585388124835  0.00024101750197049322
1.04  -0.05784093353194122  0.0002536178142581332
1.06  -0.05548026387323524  0.0002575301837981134
1.08  -0.05352336573895994  0.0002558827537025585
1.1  -0.051931294307923204  0.0002500394352949457
1.12  -0.050666757487089986  0.00024090700933473313
1.1400000000000001  -0.049693727414208334  0.00022931345549507783
1.16  -0.04897717438941466  0.00021608013923172842
1.18  -0.04848298260330898  0.00020200261677358528
1.2  -0.04817799881985262  0.0001878148712572654
1.22  -0.048030157640754995  0.0001741618044372211
1.24  -0.048008642649994424  0.00016158390685848018
1.26  -0.048084057311671445  0.00015051275409877176
1.28  -0.048228589634950116  0.00014127443365848525
1.3  -0.048416161792744605  0.00013409779072063595
1.32  -0.04862256022261393  0.00012912500870070173
1.34  -0.04882554415958536  0.0001264227948797625
1.36  -0.04900493183806171  0.00012599311024816403
1.3800000000000001  -0.04914266428273347  0.00012778291179140768
1.4000000000000001  -0.049222847001334454  0.00013169274581312782
1.42  -0.049231770144225064  0.0001375842494348177
1.44  -0.04915790785983686  0.00014528671891151127
1.46  -0.0489918976739128  0.0001546029283915841
1.48  -0.04872650077795937  0.00016531436518699616
1.5  -0.048356544160572675  0.0001771860177356147
1.52  -0.047878845590711316  0.000189970829597509
1.54  -0.047292122586843996  0.00020341391735250174
1.56  -0.046596886675092236  0.0002172566334651513
1.58  -0.045795324426561174  0.0002312405327048253
1.6  -0.044891166937568415  0.00024511127582190026
1.62  -0.04388954955262556  0.0002586224819203475
1.6400000000000001  -0.042796863718768195  0.00027153952376006906
1.6600000000000001  -0.04162060290272318  0.000283643247289315
1.68  -0.04036920450745595  0.0002947335858583579
1.7  -0.03905188969960606  0.0003046330290694978
1.72  -0.037678503010520586  0.0003131898973961038
1.74  -0.03625935350763941  0.0003202813671960571
1.76  -0.034805059248950186  0.00032581618498532094
1.78  -0.033326396629560294  0.00032973700667412564
1.8  -0.03183415610494238  0.00033202229988280713
1.82  -0.03033900563097306  0.0003326877544585114
1.84  -0.028851363012078267  0.00033178715347567363
1.86  -0.027381278190092964  0.00032941266907624743
1.8800000000000001  -0.02593832633558042  0.00032569455866967326
1.9000000000000001  -0.024531512433057342  0.00032080024694414535
1.92  -0.02316918788162711  0.0003149327907386177
1.94  -0.021858979463664836  0.0003083287360422613
1.96  -0.020607730869138967  0.00030125538901786474
1.98  -0.01942145680399111  0.000294007536017984
2.0  -0.018305309558908776  0.0002869036606849856
2.02  -0.017263557770742212  0.0002802817188511201
2.04  -0.01629957697437177  0.00027449454319134934
2.06  -0.01541585142247088  0.00026990495746816146
2.08  -0.014613986543615343  0.00026688068784103906
2.1  -0.013894731311544693  0.00026578916510820445
2.12  -0.013258009715857586  0.00026699231435457104
2.14  -0.012702960454496528  0.0002708414291330615
2.16  -0.012227983910266848  0.00027767222499004804
2.18  -0.011830795436128451  0.0002878001641534824
2.2  -0.01150848396050319  0.0003015161388677336
2.22  -0.011257574924623882  0.0003190825878971392
2.24  -0.011074096556729722  0.0003407301053955955
2.2600000000000002  -0.010953648479713871  0.0003666545924183173
2.2800000000000002  -0.010891471674061685  0.000397014992354939
2.3000000000000003  -0.010882518870729491  0.0004319316373368763
2.32  -0.010921524507758941  0.0004714852169935647
2.34  -0.01100307344312882  0.0005157163675975563
2.36  -0.01112166767782724  0.000564625865418287
2.38  -0.011271790411509393  0.0006181753929284768
2.4  -0.011447966825379786  0.0006762888345191361
2.42  -0.0116448210609689  0.0007388540485975398
2.44  -0.011857128937843655  0.000805725055041706
2.46  -0.012079866026468458  0.0008767245715673775
2.48  -0.012308250764296784  0.0009516468293853234
2.5  -0.012537782373708641  0.0010302605974672077
2.52  -0.012764273409271939  0.001112312345624671
2.54  -0.012983876829389803  0.0011975294790053162
2.56  -0.013193107553641748  0.0012856235801581234
2.58  -0.01338885853191564  0.0013762935990463856
2.6  -0.013568411414236252  0.0014692289372637253
2.62  -0.013729441970973855  0.0015641123805423453
2.64  -0.013870020470110017  0.0016606228350671396
2.66  -0.013988607272304063  0.0017584378317834653
2.68  -0.014084043956539553  0.0018572357722967548
2.7  -0.014155540332263586  0.0019566978933650636
2.72  -0.014202657732748952  0.002056509935074653
2.74  -0.014225289017778519  0.0021563635055889957
2.7600000000000002  -0.014223635740315172  0.0022559571429058615
2.7800000000000002  -0.014198182952373357  0.0023549970822133322
2.8000000000000003  -0.014149672141188119  0.002453197746907721
2.82  -0.014079072800897211  0.00255028199470559
2.84  -0.013987553161325182  0.002645981171554069
2.86  -0.013876450615668504  0.0027400350569811464
2.88  -0.013747242397305112  0.0028321918040621584
2.9  -0.013601516985925575  0.002922207910445844
2.92  -0.01344094646617748  0.0030098480714750536
2.94  -0.013267259758968879  0.003094884743427699
2.96  -0.013082216835546775  0.0031770975678723995
2.98  -0.01288758448618957  0.003256272917653422
3.0  -0.012685114134008267  0.0033322035305039127
3.02  -0.012476521855338063  0.003404688125168708
3.04  -0.01226347065885672  0.0034735310469395167
3.06  -0.012047555065321926  0.00353854203119335
3.08  -0.011830287982394135  0.003599536152240542
3.1  -0.01161308980723864  0.003656334007247335
3.12  -0.011397279645509618  0.003708762164762551
3.14  -0.011184068508049854  0.0037566538858521906
3.16  -0.010974554328955678  0.003799850108435698
3.18  -0.010769718637690214  0.0038382006732837837
3.2  -0.010570424713347926  0.003871565761964081
3.22  -0.010377417050971116  0.003899817511441251
3.24  -0.010191321977397277  0.00392284176610556
3.2600000000000002  -0.010012649266516412  0.003940539925253866
3.2800000000000002  -0.009841794619791618  0.003952830842218732
3.3000000000000003  -0.00967904289617799  0.003959652730403582
3.3200000000000003  -0.009524571994752687  0.0039609650310161205
3.34  -0.009378457311608305  0.003956750196799353
3.36  -0.009240676708365755  0.003947015346223667
3.38  -0.009111115943295018  0.003931793744871936
3.4  -0.00898957452702668  0.003911146073852266
3.42  -0.00887577197209957  0.003885161447931699
3.44  -0.008769354408960879  0.0038539581492054876
3.46  -0.008669901541471028  0.003817684046290553
3.48  -0.008576933912935392  0.0037765166735234256
3.5  -0.008489920449374636  0.0037306629499191993
3.52  -0.008408286241373377  0.003680358523579267
3.54  -0.008331420519761573  0.0036258667334524816
3.56  -0.008258684774023563  0.00356747718699294
3.58  -0.008189420956389753  0.0035055039593006043
3.6  -0.00812295970933922  0.003440283426516005
3.62  -0.008058628550016234  0.0033721717535671464
3.64  -0.007995759942004308  0.003301542063567339
3.66  -0.007933699183119303  0.003228781323045344
3.68  -0.007871812037295324  0.0031542869836045126
3.7  -0.007809492039357312  0.003078463426456844
3.72  -0.0077461674029503476  0.0030017182613336635
3.74  -0.007681307464092081  0.0029244585350268284
3.7600000000000002  -0.007614428596461243  0.0028470869069386626
3.7800000000000002  -0.007545099539405048  0.002769997850411014
3.8000000000000003  -0.007472946084601035  0.0026935739389343048
3.8200000000000003  -0.007397655072756621  0.0026181822750528053
3.84  -0.007318977658107354  0.002544171117100273
3.86  -0.007236731805444398  0.0024718667550198393
3.88  -0.007150803991957011  0.002401570681555898
3.9  -0.007061150094229545  0.0023335570993606694
3.92  -0.0069677954492428544  0.0022680707980067146
3.94  -0.006870834087210799  0.00220532542794734
3.96  -0.006770427142768798  0.0021455021909349155
3.98  -0.00666680046179227  0.0020887489586116146
4.0  -0.006560241428844652  0.002035179824510394
4.0200000000000005  -0.006451095050874852  0.001984875085702988
4.04  -0.006339759341921901  0.0019378816447263286
4.0600000000000005  -0.006226680062385241  0.0018942138153433135
4.08  -0.0061123448749319  0.0018538545095682403
4.1  -0.005997276986924028  0.0018167567782725646
4.12  -0.005882028356369293  0.0017828456730439447
4.14  -0.005767172544537708  0.001752020393084119
4.16  -0.0056532973035219244  0.0017241566778555726
4.18  -0.005540996991018314  0.0016991094038740055
4.2  -0.005430864907413591  0.0016767153425452338
4.22  -0.005323485651763306  0.0016567960351554505
4.24  -0.005219427593455897  0.0016391607410965552
4.26  -0.005119235555250247  0.0016236094160407349
4.28  -0.005023423800878784  0.0016099356780235555
4.3  -0.0049324694166919215  0.0015979297212389341
4.32  -0.004846806171787859  0.0015873811397046345
4.34  -0.004766818934910991  0.0015780816257615217
4.36  -0.004692838719126495  0.0015698275115732009
4.38  -0.004625138416999058  0.001562422125315894
4.4  -0.0045639292799154385  0.0015556779375502528
4.42  -0.0045093581852676656  0.0015494184772002358
4.44  -0.00446150572481205  0.001543480000684318
4.46  -0.0044203851366095715  0.0015377129018471806
4.48  -0.004385942091819304  0.0015319828544927327
4.5  -0.004358055336348047  0.0015261716833739147
4.5200000000000005  -0.004336538176135689  0.0015201779634795437
4.54  -0.004321140783833322  0.0015139173512443932
4.5600000000000005  -0.004311553293917413  0.0015073226548941554
4.58  -0.004307409643066289  0.0015003436542773496
4.6000000000000005  -0.004308292103373134  0.0014929466839137368
4.62  -0.004313736447086503  0.0014851139958712222
4.64  -0.004323237673457065  0.0014768429209578724
4.66  -0.004336256221583172  0.0014681448491065746
4.68  -0.004352224587308959  0.0014590440515222622
4.7  -0.004370554257504375  0.0014495763684428795
4.72  -0.004390642871537364  0.0014397877873204424
4.74  -0.0044118815174627735  0.0014297329368043853
4.76  -0.004433662069363852  0.0014194735220952846
4.78  -0.004455384472466545  0.0014090767271196076
4.8  -0.004476463884022593  0.0013986136084536418
4.82  -0.004496337580550902  0.0013881575051154357
4.84  -0.004514471545734674  0.00137778248721353
4.86  -0.004530366658052118  0.0013675618650572804
4.88  -0.004543564403016527  0.0013575667786631144
4.9  -0.00455365204162902  0.001347864885819659
4.92  -0.0045602671742043036  0.0013385191650066063
4.94  -0.004563101646675177  0.001329586846866563
4.96  -0.0045619047557694855  0.001321118485263299
4.98  -0.004556485718450555  0.0013131571774452216
5.0  -0.0045467153803476455  0.0013057379401741713
5.0200000000000005  -0.004532527148246554  0.0012988872458811914
5.04  -0.004513917141535451  0.0012926227205532778
5.0600000000000005  -0.004490943567299467  0.0012869530026598218
5.08  -0.004463725333501006  0.0012818777600264297
5.1000000000000005  -0.004432439924310338  0.0012773878595146876
5.12  -0.004397320570579284  0.0012734656823228658
5.14  -0.004358652756611614  0.0012700855754149937
5.16  -0.004316770112765638  0.001267214428055499
5.18  -0.004272049750670861  0.001264812361061821
5.2  -0.004224907103992861  0.001262833514943643
5.22  -0.004175790343275582  0.0012612269219258148
5.24  -0.004125174438062926  0.0012599374460441522
5.26  -0.0040735549431571505  0.0012589067749109212
5.28  -0.0040214415885195705  0.0012580744463713395
5.3  -0.003969351753949515  0.0012573788931948232
5.32  -0.003917803910257849  0.0012567584890234185
5.34  -0.003867311108218623  0.0012561525792354207
5.36  -0.003818374595135763  0.0012555024809028053
5.38  -0.0037714776364178395  0.00125475243688672
5.4  -0.0037270796161973114  0.0012538505100886557
5.42  -0.003685610486765853  0.001252749405056314
5.44  -0.0036474656315021474  0.001251407205492811
5.46  -0.0036130012001628535  0.0012497880176991372
5.48  -0.003582529968934346  0.001247862511553467
5.5  -0.003556317770624066  0.0012456083523266165
5.5200000000000005  -0.003534580532800726  0.0012430105182973006
5.54  -0.0035174819537634  0.0012400615009402535
5.5600000000000005  -0.0035051318380621365  0.0012367613862839697
5.58  -0.0034975851049018638  0.0012331178177911715
5.6000000000000005  -0.003494841474356524  0.0012291458428716699
5.62  -0.0034968458279278983  0.0012248676467797198
5.64  -0.0035034892317582686  0.0012203121792236386
5.66  -0.0035146106028535037  0.0012155146804897169
5.68  -0.003529998991057785  0.0012105161152327591
5.7  -0.0035493964423193645  0.0012053625232822157
5.72  -0.0035725014021061067  0.0012001042978889986
5.74  -0.0035989726117513117  0.0011947954027693639
5.76  -0.0036284334450923513  0.0011894925399567608
5.78  -0.0036604766280143287  0.0011842542810530932
5.8  -0.003694669279565469  0.0011791401748225024
5.82  -0.0037305582102038735  0.0011742098442554878
5.84  -0.0037676754103746473  0.0011695220861874865
5.86  -0.003805543661203466  0.001165133986390958
5.88  -0.003843682198434321  0.0011611000626560826
5.9  -0.003881612361000531  0.0011574714478614163
5.92  -0.003918863156688805  0.0011542951243237241
5.94  -0.003954976679220004  0.0011516132198716193
5.96  -0.003989513313727072  0.001149462375140924
5.98  -0.0040220566709853744  0.0011478731904561682
6.0  -0.004052218194788865  0.001146869759514573
6.0200000000000005  -0.004079641391544996  0.0011464692957928039
6.04  -0.004104005636361014  0.00114668185627602
6.0600000000000005  -0.004125029515571323  0.0011475101657087323
6.08  -0.004142473671756283  0.0011489495431918574
6.1000000000000005  -0.004156143123676098  0.0011509879315035397
6.12  -0.004165889040191476  0.0011536060281404472
6.140000000000001  -0.004171609954013037  0.0011567775156930704
6.16  -0.004173252407961093  0.0011604693878384399
6.18  -0.00417081103322111  0.0011646423659739846
6.2  -0.004164328065806104  0.001169251400335492
6.22  -0.004153892313956356  0.0011742462483387381
6.24  -0.004139637595496811  0.0011795721219070988
6.26  -0.004121740670069478  0.0011851703946874292
6.28  -0.004100418696808912  0.0011909793592954278
6.3  -0.004075926253085399  0.0011969350241557723
6.32  -0.004048551954570239  0.001202971939003341
6.34  -0.004018614720956648  0.0012090240378345655
6.36  -0.003986459735187018  0.0012150254879303448
6.38  -0.003952454146943594  0.0012209115335449978
6.4  -0.003916982573440053  0.0012266193230109808
6.42  -0.0038804424522156404  0.0012320887082984387
6.44  -0.0038432393016140202  0.001237263006511848
6.46  -0.003805781945010996  0.0012420897133830651
6.48  -0.0037684777545680037  0.0012465211595301946
6.5  -0.003731727969401132  0.0012505151010655411
6.5200000000000005  -0.003695923141543791  0.0012540352370996382
6.54  -0.003661438760986154  0.0012570516476953925
6.5600000000000005  -0.003628631108441885  0.0012595411469754317
6.58  -0.0035978333812962406  0.0012614875472376423
6.6000000000000005  -0.0035693521345541625  0.001262881831186159
6.62  -0.003543464074467811  0.0012637222306343407
6.640000000000001  -0.0035204132380482786  0.0012640142113231438
6.66  -0.0035004085867799068  0.0012637703647656192
6.68  -0.003483622037730769  0.0012630102092750775
6.7  -0.0034701869498281975  0.0012617599035279264
6.72  -0.003460197077529632  0.0012600518771360217
6.74  -0.003453705998439244  0.0012579243837606154
6.76  -0.0034507270157073445  0.0012554209832724324
6.78  -0.0034512335303817417  0.001252589960321768
6.8  -0.0034551598732975555  0.0012494836874209834
6.82  -0.0034624025806976014  0.0012461579412669983
6.84  -0.0034728220926186675  0.0012426711815163322
6.86  -0.0034862448482310356  0.001239083801593955
6.88  -0.0035024657478462742  0.0012354573613214048
6.9  -0.003521250947271837  0.0012318538112601309
6.92  -0.0035423409466150734  0.0012283347186100482
6.94  -0.0035654539326167665  0.0012249605043467477
6.96  -0.0035902893311214176  0.0012217897009852029
6.98  -0.0036165315244049696  0.001218878239978365
7.0  -0.0036438536868105015  0.0012162787772281491
7.0200000000000005  -0.0036719216914922  0.0012140400646302061
7.04  -0.0037003980410298585  0.001212206374870686
7.0600000000000005  -0.0037289457752332483  0.0012108169859623788
7.08  -0.0037572323106097078  0.001209905731181652
7.1000000000000005  -0.0037849331676684476  0.0012095006192359837
7.12  -0.0038117355444410484  0.0012096235285495329
7.140000000000001  -0.003837341697276954  0.0012102899786564615
7.16  -0.003861472093072105  0.0012115089807041024
7.18  -0.003883868300528282  0.0012132829681183186
7.2  -0.0039042955918038866  0.0012156078074993678
7.22  -0.00392254522990006  0.0012184728888411764
7.24  -0.003938436421302972  0.0012218612932560296
7.26  -0.003951817917694144  0.0012257500354208339
7.28  -0.003962569254883473  0.001230110377140986
7.3  -0.003970601621504922  0.0012349082075588278
7.32  -0.003975858354304692  0.0012401044847909594
7.34  -0.0039783150611156694  0.001245655733068564
7.36  -0.003977979376699629  0.0012515145888118433
7.38  -0.0039748903605890465  0.0012576303885175862
7.4  -0.003969117549817235  0.0012639497908772763
7.42  -0.003960759682934172  0.0012704174251459057
7.44  -0.003949943114991921  0.0012769765575327326
7.46  -0.003936819946180806  0.0012835697671979853
7.48  -0.003921565889512089  0.001290139623383655
7.5  -0.0039043779053595158  0.0012966293552454141
7.5200000000000005  -0.003885471632749024  0.0013029835060975887
7.54  -0.0038650786490947524  0.001309148564094103
7.5600000000000005  -0.003843443591461445  0.0013150735616662332
7.58  -0.0038208211735332688  0.0013207106365412105
7.6000000000000005  -0.00379747313319183  0.0013260155477232312
7.62  -0.0037736651459818324  0.0013309481404722556
7.640000000000001  -0.0037496637397465065  0.0013354727550640565
7.66  -0.003725733245368749  0.001339558574893742
7.68  -0.0037021328178330117  0.0013431799103791843
7.7  -0.003679113560760197  0.0013463164159849264
7.72  -0.003656915786122886  0.0013489532386589526
7.74  -0.0036357664390886907  0.0013510810968858987
7.76  -0.003615876715803894  0.0013526962905191285
7.78  -0.003597439899507142  0.0013538006424551592
7.8  -0.003580629437597953  0.001354401374110776
7.82  -0.0035655972792925294  0.0013545109174916718
7.84  -0.0035524724902008427  0.0013541466674201088
7.86  -0.003541360156703244  0.0013533306781991553
7.88  -0.0035323405893457217  0.0013520893096337693
7.9  -0.003525468830733801  0.001350452827885056
7.92  -0.003520774469558735  0.0013484549670940633
7.94  -0.0035182617585976287  0.0013461324581076123
7.96  -0.003517910030705525  0.0013435245308913667
7.98  -0.0035196744031263955  0.0013406723973879893
8.0  -0.0035234867569302604  0.001337618721581664
8.02  -0.0035292569750977575  0.001334407083531509
8.040000000000001  -0.0035368744197220438  0.0013310814440311005
8.06  -0.003546209626039245  0.0013276856163742011
8.08  -0.0035571161885446017  0.0013242627514062613
8.1  -0.0035694328124698305  0.001320854841723664
8.120000000000001  -0.0035829855022354827  0.0013175022504686544
8.14  -0.0035975898573065083  0.001314243269725577
8.16  -0.0036130534451168585  0.0013111137130149126
8.18  -0.0036291782203838855  0.0013081465458941659
8.2  -0.0036457629602358347  0.0013053715581049633
8.22  -0.003662605685093353  0.0013028150801684965
8.24  -0.0036795060361494315  0.001300499746771395
8.26  -0.003696267581593508  0.0012984443087106492
8.28  -0.00371270002536848  0.00129666349463223
8.3  -0.003728621294166852  0.001295167923218023
8.32  -0.0037438594806097  0.0012939640659524567
8.34  -0.003758254622936251  0.0012930542600527429
8.36  -0.003771660304134212  0.0012924367706329627
8.38  -0.003783945056144724  0.00129210590065264
8.4  -0.003794993557540346  0.0012920521467211445
8.42  -0.0038047076158867275  0.0012922623983209242
8.44  -0.0038130069287704233  0.001292720177595118
8.46  -0.0038198296202189186  0.0012934059163917963
8.48  -0.0038251325518912378  0.0012942972668499619
8.5  -0.003828891410949016  0.001295369441439593
8.52  -0.0038311005789594104  0.0012965955780231632
8.540000000000001  -0.0038317727884682527  0.0012979471252197
8.56  -0.0038309385759940414  0.0012993942431058117
8.58  -0.003828645542161698  0.0013009062141050144
8.6  -0.0038249574314519006  0.0013024518588126562
8.620000000000001  -0.003819953045673105  0.00130399995143415
8.64  -0.0038137250066850956  0.0013055196295712972
8.66  -0.003806378385155831  0.0013069807930912467
8.68  -0.0037980292132027914  0.0013083544869817018
8.700000000000001  -0.0037888028996389744  0.0013096132632793409
8.72  -0.0037788325672318763  0.0013107315174315836
8.74  -0.003768257331893664  0.001311685794821295
8.76  -0.0037572205440371017  0.0013124550636078175
8.78  -0.0037458680124788208  0.0013130209505271405
8.8  -0.00373434623125441  0.0013133679368429797
8.82  -0.003722800629486484  0.0013134835121945483
8.84  -0.0037113738640434635  0.0013133582847182988
8.86  -0.003700204174083113  0.0013129860464815247
8.88  -0.0036894238157423468  0.0013123637939711633
8.9  -0.0036791575942277813  0.0013114917040842726
8.92  -0.0036695215093817363  0.0013103730667312773
8.94  -0.0036606215294796894  0.0013090141758689575
8.96  -0.0036525525064615167  0.0013074241814218833
8.98  -0.0036453972440885912  0.001305614905136549
9.0  -0.0036392257286201116  0.0013036006237572666
9.02  -0.0036340945295359893  0.0013013978230333569
9.040000000000001  -0.003630046375692849  0.0012990249262880215
9.06  -0.0036271099100486977  0.0012965020017034405
9.08  -0.003625299623769046  0.0012938504530411673
9.1  -0.0036246159681606834  0.0012910926988443795
9.120000000000001  -0.0036250456406404304  0.0012882518450007905
9.14  -0.0036265620385281965  0.0012853513554455156
9.16  -0.0036291258723972885  0.0012824147256845493
9.18  -0.0036326859286576613  0.001279465163483613
9.200000000000001  -0.0036371799690680115  0.0012765252808342174
9.22  -0.003642535753170042  0.0012736168010377875
9.24  -0.0036486721680882676  0.0012707602843812773
9.26  -0.0036555004488973723  0.0012679748755315494
9.28  -0.0036629254717158942  0.0012652780753412015
9.3  -0.0036708471009838876  0.0012626855393737316
9.32  -0.0036791615719434924  0.0012602109050115144
9.34  -0.003687762889214339  0.0012578656485826695
9.36  -0.003696544222504034  0.0012556589735360445
9.38  -0.003705399280982559  0.0012535977302708216
9.4  -0.0037142236485731444  0.0012516863678487603
9.42  -0.003722916063415669  0.0012499269174583059
9.44  -0.0037313796259934346  0.0012483190071386884
9.46  -0.0037395229218306616  0.0012468599069918925
9.48  -0.0037472610462251045  0.0012455446037986462
9.5  -0.003754516520239336  0.0012443659036639426
9.52  -0.003761220088955811  0.0012433145610666017
9.540000000000001  -0.0037673113949430025  0.001242379432426587
9.56  -0.0037727395217527233  0.001241547652091435
9.58  -0.003777463404229022  0.0012408048284368494
9.6  -0.003781452104201618  0.0012401352576229476
9.620000000000001  -0.0037846849519618075  0.0012395221523785202
9.64  -0.003787151555573482  0.00123894788303153
9.66  -0.003788851681667366  0.0012383942278957282
9.68  -0.0037897950127974917  0.0012378426299738462
9.700000000000001  -0.003790000787767454  0.0012372744568593574
9.72  -0.003789497332488713  0.001236671260635911
9.74  -0.0037883214899734493  0.0012360150345385361
9.76  -0.0037865179589057028  0.0012352884631311241
9.78  -0.003784138551002702  0.0012344751627853747
9.8  -0.0037812413779249104  0.001233559909315625
9.82  -0.003777889978972709  0.0012325288497304484
9.84  -0.0037741524011121264  0.001231369695240162
9.86  -0.0037701002430861864  0.0012300718928522675
9.88  -0.003765807675447194  0.0012286267731215416
9.9  -0.003761350448322797  0.0012270276719546216
9.92  -0.0037568048986201625  0.0012252700246654406
9.94  -0.003752246968142869  0.0012233514308870352
9.96  -0.0037477512438030213  0.001221271689324514
9.98  -0.003743390030720183  0.0012190328017955485
10.0  -0.0037392324685125754  0.0012166389464340812
10.02  -0.003735343700563596  0.0012140964204085023
10.040000000000001  -0.0037317841053723867  0.0012114135529858532
10.06  -0.003728608598400954  0.0012086005902043906
10.08  -0.003725866012013209  0.0012056695528904812
10.1  -0.0037235985602219845  0.001202634070156201
10.120000000000001  -0.0037218413939905147  0.0011995091908829187
10.14  -0.003720622251802741  0.001196311176051827
10.16  -0.003719961209104302  0.0011930572750405606
10.18  -0.0037198705290354224  0.0011897654892546014
10.200000000000001  -0.003720354615654436  0.0011864543266206968
10.22  -0.0037214100695662036  0.0011831425505804654
10.24  -0.0037230258445898937  0.001179848927250807
10.26  -0.0037251835027768106  0.0011765919744128708
10.28  -0.003727857563802553  0.0011733897158845274
10.3  -0.0037310159434999794  0.0011702594447013106
10.32  -0.003734620475072839  0.00116721749832277
10.34  -0.0037386275054199043  0.001164279048829985
10.36  -0.0037429885579447174  0.0011614579108167418
10.38  -0.003747651052323031  0.0011587663693201097
10.4  -0.0037525590708669307  0.001156215029801271
10.42  -0.0037576541605622146  0.0011538126918350712
10.44  -0.003762876159373327  0.0011515662477972173
10.46  -0.0037681640350869534  0.0011494806074188642
10.48  -0.003773456724901039  0.0011475586487459362
10.5  -0.0037786939640257183  0.0011458011956477646
10.52  -0.0037838170918566534  0.0011442070216889806
10.540000000000001  -0.0037887698247260028  0.0011427728798310294
10.56  -0.003793498984855483  0.0011414935571379926
10.58  -0.0037979551759474493  0.0011403619533645925
10.6  -0.0038020933967660335  0.0011393691820734105
10.620000000000001  -0.003805873585128564  0.0011385046926846191
10.64  -0.0038092610858989546  0.0011377564116797738
10.66  -0.003812227037802378  0.001137110901015709
10.68  -0.0038147486751977447  0.0011365535316546693
10.700000000000001  -0.0038168095422652384  0.0011360686700175571
10.72  -0.003818399618390253  0.001135639875066492
10.74  -0.003819515354854153  0.001135250103656424
10.76  -0.0038201596241824575  0.0011348819217589122
10.78  -0.003820341584723478  0.0011345177191173122
10.8  -0.0038200764641308517  0.0011341399248963493
10.82  -0.0038193852664402932  0.0011337312218973057
10.84  -0.0038182944083453556  0.0011332747569344059
10.86  -0.0038168352910376594  0.0011327543449994408
10.88  -0.003815043814672555  0.00113215466493773
10.9  -0.0038129598430166342  0.0011314614443882075
10.92  -0.0038106266262582307  0.0011306616318989958
10.94  -0.0038080901902451374  0.0011297435542027025
10.96  -0.0038053987005635457  0.0011286970568159308
10.98  -0.003802601809926292  0.0011275136262648327
11.0  -0.0037997499972910907  0.0011261864924527515
11.02  -0.0037968939069690935  0.001124710709874311
11.040000000000001  -0.0037940836957473037  0.0011230832166339308
11.06  -0.0037913683957464745  0.001121302870461036
11.08  -0.0037887953003362183  0.0011193704611917115
11.1  -0.0037864093800121863  0.0011172886994752803
11.120000000000001  -0.0037842527346279914  0.0011150621817630048
11.14  -0.003782364087860256  0.0011126973319199947
11.16  -0.0037807783292092933  0.001110202320145579
11.18  -0.0037795261082324847  0.0011075869601598718
11.200000000000001  -0.00377863348510066  0.001104862585935803
11.22  -0.0037781216408942636  0.0011020419095344111
11.24  -0.003778006650409204  0.0010991388618633098
11.26  -0.003778299319541183  0.0010961684184443532
11.28  -0.00377900508863737  0.0010931464124700964
11.3  -0.003780124002460332  0.0010900893376212758
11.32  -0.0037816507467293096  0.001087014143289942
11.34  -0.0037835747504427076  0.0010839380249004832
11.36  -0.003785880352470069  0.001080878212153967
11.38  -0.003788547030186724  0.0010778517579926531
11.4  -0.003791549687195218  0.0010748753310824797
11.42  -0.003794858996491281  0.0010719650145362518
11.44  -0.003798441794758685  0.001069136113484436
11.46  -0.0038022615228420747  0.00106640297396689
11.48  -0.0038062787068632053  0.0010637788154152252
11.5  -0.00381045147390483  0.001061275578792621
11.52  -0.0038147360957201102  0.0010589037921877877
11.540000000000001  -0.0038190875535378415  0.0010566724554202126
11.56  -0.003823460116713393  0.0010545889448967164
11.58  -0.0038278079277777426  0.0010526589396833684
11.6  -0.003832085586295912  0.0010508863694282259
11.620000000000001  -0.003836248723956254  0.0010492733844829115
11.64  -0.0038402545634003697  0.0010478203482513317
11.66  -0.003844062453503192  0.0010465258515102217
11.68  -0.0038476343741381  0.0010453867481595238
11.700000000000001  -0.0038509354038851655  0.001044398211594107
11.72  -0.0038539341446426918  0.0010435538106512575
11.74  -0.003856603097744528  0.0010428456038536263
11.76  -0.003858918986870985  0.0010422642504936946
11.78  -0.0038608630238064863  0.0010417991369094121
11.8  -0.003862421113935005  0.0010414385161672667
11.82  -0.0038635839992419573  0.0010411696592716388
11.84  -0.003864347337486377  0.0010409790159044612
11.86  -0.0038647117171352018  0.0010408523826528533
11.88  -0.0038646826085478557  0.0010407750766382223
11.9  -0.0038642702527988135  0.0010407321124456788
11.92  -0.003863489490390829  0.0010407083802779073
11.94  -0.0038623595328985396  0.0010406888232600445
11.96  -0.0038609036813519373  0.0010406586119095064
11.98  -0.0038591489958244764  0.0010406033138196389
12.0  -0.003857125921266912  0.0010405090567100648
12.02  -0.0038548678751620237  0.0010403626830857117
12.040000000000001  -0.0038524108029256623  0.0010401518948748062
12.06  -0.003849792707332919  0.0010398653865228153
12.08  -0.0038470531584020957  0.0010394929651752509
12.1  -0.003844232790326084  0.0010390256567217953
12.120000000000001  -0.003841372791994195  0.0010384557966421804
12.14  -0.003838514397624191  0.001037777104744959
12.16  -0.0038356983838085277  0.0010369847431022823
12.18  -0.003832964579073218  0.001036075356620484
12.200000000000001  -0.003830351391717731  0.001035047095934759
12.22  -0.0038278953613456717  0.0010338996224480762
12.24  -0.0038256307390519967  0.0010326340956007024
12.26  -0.0038235891007882385  0.0010312531425928232
12.280000000000001  -0.003821798997913015  0.0010297608110435787
12.3  -0.0038202856484040202  0.0010281625052111784
12.32  -0.0038190706716719307  0.001026464906642855
12.34  -0.003818171869345738  0.0010246758802693358
12.36  -0.00381760305384511  0.0010228043671646526
12.38  -0.003817373925984425  0.0010208602653261224
12.4  -0.0038174900022959917  0.0010188543000094648
12.42  -0.003817952592214545  0.001016797885258862
12.44  -0.003818758824721556  0.001014702978395383
12.46  -0.0038199017235336025  0.0010125819293062552
12.48  -0.0038213703294066315  0.0010104473264655584
12.5  -0.0038231498676614796  0.001008311841617157
12.52  -0.00382522195856047  0.0010061880750906237
12.540000000000001  -0.0038275648677463157  0.0010040884037040745
12.56  -0.0038301537935415304  0.001002024833155394
12.58  -0.0038329611875342587  0.001000008856730472
12.6  -0.0038359571045352317  0.0009980513220810144
12.620000000000001  -0.003839109577684665  0.000996162307676639
12.64  -0.003842385014232237  0.00099435101041304
12.66  -0.0038457486072753953  0.0009926256456851352
12.68  -0.0038491647585792484  0.0009909933610571203
12.700000000000001  -0.0038525975074779053  0.0009894601644498393
12.72  -0.003856010960768114  0.0009880308675815324
12.74  -0.0038593697185204754  0.0009867090451648553
12.76  -0.0038626392907474363  0.0009854970101520707
12.780000000000001  -0.003865786499988752  0.0009843958050828648
12.8  -0.003868779865032858  0.0009834052094119942
12.82  -0.0038715899612244784  0.0009825237624283658
12.84  -0.003874189753083415  0.0009817488012272462
12.86  -0.003876554895320108  0.0009810765129708238
12.88  -0.003878663998710996  0.0009805020005213847
12.9  -0.003880498857770018  0.0009800193603708676
12.92  -0.003882044637620093  0.0009796217716447953
12.94  -0.0038832900180238907  0.0009793015948474269
12.96  -0.0038842272930832878  0.0009790504789308056
12.98  -0.0038848524256976168  0.0009788594751793315
13.0  -0.0038851650564918827  0.0009787191563577619
13.02  -0.0038851684674951524  0.0009786197395561312
13.040000000000001  -0.003884869501480525  0.0009785512111294245
13.06  -0.0038842784384413914  0.0009785034521648617
13.08  -0.00388340883123439  0.0009784663629393844
13.1  -0.00388227730296117  0.0009784299848642002
13.120000000000001  -0.0038809033091216053  0.0009783846184989167
13.14  -0.0038793088680224887  0.0009783209362893162
13.16  -0.0038775182632806065  0.000978230088770343
13.18  -0.003875557722601213  0.0009781038030957818
13.200000000000001  -0.00387345507724114  0.0009779344728566713
13.22  -0.0038712394067472017  0.0009777152382852948
13.24  -0.0038689406736926485  0.0009774400560586787
13.26  -0.003866589353149674  0.0009771037580591124
13.280000000000001  -0.0038642160616360133  0.0009767020985846937
13.3  -0.003861851190158859  0.0009762317896357598
13.32  -0.003859524545846685  0.0009756905240589872
13.34  -0.003857265006441507  0.0009750769864530294
13.36  -0.0038551001916476675  0.0009743908518947293
13.38  -0.003853056155061498  0.0009736327726699748
13.4  -0.0038511571000201562  0.000972804353340511
13.42  -0.003849425122354864  0.0009719081145852796
13.44  -0.003847879982619134  0.0009709474464019011
13.46  -0.0038465389099398024  0.0009699265513546129
13.48  -0.003845416439201311  0.0009688503786662814
13.5  -0.0038445242828516633  0.0009677245500557007
13.52  -0.0038438712381410095  0.0009665552783107681
13.540000000000001  -0.003843463130203191  0.0009653492796598712
13.56  -0.003843302790951389  0.0009641136810777768
13.58  -0.0038433900733462513  0.0009628559237255558
13.6  -0.003843721900221333  0.0009615836637284583
13.620000000000001  -0.0038442923464467975  0.0009603046715803796
13.64  -0.003845092752909582  0.0009590267314153399
13.66  -0.003846111870433365  0.0009577575414212291
13.68  -0.003847336031487747  0.000956504616636857
13.700000000000001  -0.0038487493472787234  0.000955275195330456
13.72  -0.003850333927551642  0.0009540761501271571
13.74  -0.003852070120278338  0.0009529139049680297
13.76  -0.0038539367681872457  0.0009517943589013311
13.780000000000001  -0.003855911478996302  0.0009507228176318281
13.8  -0.003857970906067412  0.0009497039336190981
13.82  -0.003860091036156426  0.0009487416554207332
13.84  -0.003862247480877771  0.0009478391868387216
13.86  -0.0038644157685021165  0.000946998956285282
13.88  -0.0038665716327298824  0.0009462225966672744
13.9  -0.003868691295154054  0.0009455109359102743
13.92  -0.0038707517382076872  0.0009448639981291072
13.94  -0.0038727309655337216  0.0009442810152957952
13.96  -0.003874608246875218  0.0009437604491062223
13.98  -0.0038763643447670645  0.0009433000226240365
14.0  -0.003877981720546357  0.0009428967611529383
14.02  -0.0038794447174668916  0.0009425470416586654
14.040000000000001  -0.0038807397189437446  0.0009422466499642225
14.06  -0.0038818552803099706  0.0009419908448447046
14.08  -0.0038827822327596835  0.0009417744280716877
14.1  -0.0038835137585093507  0.0009415918193760169
14.120000000000001  -0.0038840454365722315  0.0009414371352760397
14.14  -0.0038843752588968187  0.0009413042706544847
14.16  -0.003884503617002366  0.000941186981968181
14.18  -0.0038844332596063356  0.0009410789709718288
14.200000000000001  -0.0038841692221169466  0.0009409739678448233
14.22  -0.0038837187291881382  0.0009408658126390935
14.24  -0.0038830910719104767  0.0009407485340211491
14.26  -0.0038822974614904126  0.0009406164243205689
14.280000000000001  -0.0038813508615661444  0.0009404641099807437
14.3  -0.0038802658015810263  0.0009402866165773751
14.32  -0.003879058173827203  0.0009400794276602102
14.34  -0.0038777450169783755  0.0009398385367649066
14.36  -0.0038763442890541854  0.0009395604920479655
14.38  -0.003874874632858222  0.0009392424331007737
14.4  -0.0038733551369984974  0.0009388821196021303
14.42  -0.0038718050955880105  0.0009384779515846581
14.44  -0.0038702437696976305  0.0009380289811871565
14.46  -0.003868690153552407  0.0009375349158915686
14.48  -0.003867162748351061  0.0009369961133283233
14.5  -0.0038656793464122833  0.0009364135678412689
14.52  -0.003864256828190588  0.0009357888891112695
14.540000000000001  -0.0038629109744454456  0.0009351242732108588
14.56  -0.003861656295636785  0.0009344224665581375
14.58  -0.0038605058803204456  0.0009336867233105536
14.6  -0.003859471264051078  0.0009329207568126902
14.620000000000001  -0.0038585623199860752  0.0009321286857774058
14.64  -0.0038577871720872343  0.0009313149759216874
14.66  -0.0038571521315097185  0.0009304843778382662
14.68  -0.0038566616564520775  0.0009296418619066619
14.700000000000001  -0.003856318335447158  0.0009287925510885108
14.72  -0.00385612289379012  0.0009279416524480761
14.74  -0.0038560742224979048  0.0009270943882738083
14.76  -0.0038561694289746197  0.0009262559276475795
14.780000000000001  -0.0038564039082729824  0.0009254313193184831
14.8  -0.0038567714336562474  0.000924625426701473
14.82  -0.003857264264943538  0.0009238428657968952
14.84  -0.003857873272971057  0.0009230879467900089
14.86  -0.003858588078322462  0.0009223646200306275
14.88  -0.003859397202399467  0.0009216764270552745
14.9  -0.0038602882287670243  0.0009210264572214645
14.92  -0.0038612479726664855  0.0009204173104784411
14.94  -0.003862262656513742  0.000919851066714325
14.96  -0.00386331808921181  0.00091932926200789
14.98  -0.003864399847069763  0.0009188528720746826
15.0  -0.0038654934541774515  0.0009184223030575822
15.02  -0.0038665845601148045  0.0009180373897502743
15.040000000000001  -0.003867659112935632  0.0009176974012208034
15.06  -0.0038687035254759967  0.0009174010537292697
15.08  -0.003869704833118074  0.0009171465307232994
15.1  -0.0038706508412807254  0.0009169315096143651
15.120000000000001  -0.003871530261043124  0.000916753194931805
15.14  -0.003872332831470443  0.0009166083573979375
15.16  -0.003873049427363827  0.0009164933783671048
15.18  -0.003873672151367611  0.0009164042990093414
15.200000000000001  -0.0038741944095297296  0.0009163368735723238
15.22  -0.003874610969634572  0.0009162866259834845
15.24  -0.0038749180018329862  0.0009162489090336289
15.26  -0.0038751131013152907  0.0009162189653451303
15.280000000000001  -0.003875195292960594  0.0009161919893136165
15.3  -0.003875165018162693  0.0009161631891975149
15.32  -0.0038750241042091464  0.0009161278485543492
15.34  -0.0038747757168217057  0.0009160813862143635
15.36  -0.003874424296662276  0.0009160194140306701
15.38  -0.0038739754808050086  0.0009159377916662581
15.4  -0.003873436010355889  0.0009158326777443321
15.42  -0.0038728136255733094  0.0009157005767251813
15.44  -0.0038721169499809573  0.0009155383809459463
15.46  -0.0038713553650984783  0.0009153434073377524
15.48  -0.0038705388775234512  0.0009151134283955588
15.5  -0.003869677980172593  0.0009148466970634401
15.52  -0.0038687835095660697  0.0009145419652983068
15.540000000000001  -0.0038678665010463313  0.0009141984961195525
15.56  -0.0038669380438444236  0.000913816069090098
15.58  -0.0038660091378813093  0.0009133949792147667
15.6  -0.0038650905541495937  0.0009129360293517753
15.620000000000001  -0.0038641927004340855  0.000912440516313718
15.64  -0.0038633254940483052  0.0009119102108894993
15.66  -0.0038624982431378855  0.0009113473321204839
15.68  -0.0038617195379634962  0.0009107545162075647
15.700000000000001  -0.003860997153415655  0.0009101347805017751
15.72  -0.0038603379638492436  0.0009094914830787939
15.74  -0.0038597478711294925  0.0009088282784401184
15.76  -0.0038592317466013154  0.000908149069934125
15.780000000000001  -0.003858793387477675  0.000907457959515835
15.8  -0.0038584354879541223  0.0009067591954823621
15.82  -0.0038581596251437544  0.0009060571188510342
15.84  -0.003857966259732026  0.0009053561090425842
15.860000000000001  -0.0038578547510587885  0.0009046605295300327
15.88  -0.003857823386148167  0.0009039746741295243
15.9  -0.003857869422032078  0.0009033027145597299
15.92  -0.0038579891405582933  0.0009026486499051917
15.94  -0.0038581779147276937  0.0009020162585709403
15.96  -0.003858430285472787  0.0009014090532888956
15.98  -0.003858740047694055  0.0009008302396984636
16.0  -0.0038591003442543666  0.0009002826789640595
16.02  -0.0038595037665952346  0.0008997688548583601
16.04  -0.0038599424605517347  0.0008992908456731491
16.06  -0.003860408235931351  0.0008988503012575841
16.080000000000002  -0.0038608926783984237  0.000898448425437794
16.1  -0.003861387262217389  0.0008980859639766102
16.12  -0.003861883462421667  0.0008977631982070973
16.14  -0.0038623728650177026  0.0008974799443507619
16.16  -0.00386284727388564  0.0008972355585285983
16.18  -0.003863298813108299  0.0008970289473337909
16.2  -0.003863720023538136  0.0008968585838314075
16.22  -0.003864103952502115  0.000896722528740769
16.240000000000002  -0.0038644442356565393  0.0008966184565192974
16.26  -0.003864735170102907  0.0008965436859921805
16.28  -0.0038649717780033558  0.0008964952151260716
16.3  -0.003865149860058909  0.0008964697595009369
16.32  -0.0038652660383368424  0.0008964637939717594
16.34  -0.0038653177880802565  0.0008964735969938342
16.36  -0.0038653034582545667  0.0008964952970428517
16.38  -0.003865222280732215  0.0008965249205434502
16.4  -0.0038650743681516954  0.0008965584406971814
16.42  -0.003864860700612598  0.0008965918266058078
16.44  -0.0038645831015211574  0.0008966210920639974
16.46  -0.0038642442030027246  0.0008966423434305415
16.48  -0.003863847401435811  0.0008966518259787358
16.5  -0.003863396803774013  0.0008966459681664066
16.52  -0.003862897165421853  0.0008966214232870083
16.54  -0.003862353820548158  0.0008965751080061975
16.56  -0.003861772605775119  0.0008965042373343635
16.580000000000002  -0.003861159778286864  0.0008964063556177701
16.6  -0.0038605219294460843  0.0008962793632180974
16.62  -0.003859865895066089  0.0008961215385769937
16.64  -0.003859198663512116  0.0008959315554379179
16.66  -0.003858527282832661  0.0008957084950661794
16.68  -0.0038578587681236008  0.0008954518533589122
16.7  -0.003857200010314643  0.0008951615428220977
16.72  -0.0038565576875488053  0.00089483788943783
16.740000000000002  -0.003855938180272384  0.0008944816245206456
16.76  -0.003855347491105712  0.0008940938717281893
16.78  -0.003854791170499412  0.0008936761294270142
16.8  -0.003854274249073514  0.0008932302487059934
16.82  -0.0038538011774700382  0.0008927584073395375
16.84  -0.0038533757744270325  0.0008922630800901332
16.86  -0.0038530011836677316  0.0008917470057398777
16.88  -0.0038526798400774324  0.0008912131513065763
16.9  -0.003852413445514923  0.00089066467391441
16.92  -0.003852202954464144  0.0008901048808054541
16.94  -0.0038520485696082597  0.0008895371880092595
16.96  -0.003851949747268147  0.0008889650781853324
16.98  -0.0038519052125206314  0.0008883920581572423
17.0  -0.0038519129836744577  0.0008878216166535455
17.02  -0.0038519704056710208  0.0008872571827670207
17.04  -0.003852074191862895  0.0008867020856165669
17.06  -0.003852220473515967  0.000886159515683624
17.080000000000002  -0.0038524048562798216  0.0008856324882633726
17.1  -0.0038526224828128557  0.0008851238094464706
17.12  -0.003852868100647425  0.0008846360450024536
17.14  -0.0038531361343550497  0.0008841714924980086
17.16  -0.0038534207610158334  0.0008837321569541523
17.18  -0.003853715987962693  0.0008833197302824325
17.2  -0.0038540157317769113  0.0008829355746980787
17.22  -0.0038543138974987913  0.0008825807102731631
17.240000000000002  -0.0038546044570357853  0.0008822558067174986
17.26  -0.003854881525771234  0.0008819611794487324
17.28  -0.003855139436438661  0.0008816967899414548
17.3  -0.003855372809349426  0.0008814622503061125
17.32  -0.0038555766181409858  0.0008812568320033547
17.34  -0.003855746250284957  0.000881079478535829
17.36  -0.003855877561653209  0.0008809288219299627
17.38  -0.0038559669245606916  0.0008808032027596089
17.400000000000002  -0.003856011268750259  0.0008807006934561113
17.42  -0.003856008114921886  0.0008806191245568884
17.44  -0.0038559556004767433  0.0008805561135776967
17.46  -0.0038558524972643364  0.0008805090961138393
17.48  -0.003855698221209102  0.0008804753587813624
17.5  -0.0038554928338064677  0.0008804520735698658
17.52  -0.0038552370355532037  0.0008804363331866073
17.54  -0.003854932151507147  0.0008804251869464518
17.56  -0.003854580109230802  0.0008804156767624968
17.580000000000002  -0.0038541834094751705  0.0008804048728042586
17.6  -0.0038537450900447334  0.0008803899083855948
17.62  -0.0038532686833566807  0.000880368013662951
17.64  -0.0038527581682729953  0.000880336547746375
17.66  -0.003852217916854807  0.000880293028848981
17.68  -0.0038516526367361197  0.0008802351621137303
17.7  -0.0038510673098631075  0.0008801608648154422
17.72  -0.003850467128374403  0.000880068288649942
17.740000000000002  -0.0038498574284450485  0.0008799558388647476
17.76  -0.003849243622900125  0.0008798221900401883
17.78  -0.003848631133457897  0.0008796662983670451
17.8  -0.0038480253234200066  0.000879487410295529
17.82  -0.0038474314316368904  0.0008792850675186429
17.84  -0.003846854508554066  0.0008790591082495654
17.86  -0.003846299355106347  0.0008788096648447892
17.88  -0.0038457704651970958  0.0008785371578381109
17.900000000000002  -0.0038452719724435475  0.0008782422865157697
17.92  -0.003844807601817436  0.0008779260161884845
17.94  -0.0038443806267471855  0.0008775895623754994
17.96  -0.0038439938321643916  0.0008772343721257505
17.98  -0.003843649483923001  0.0008768621027652655
18.0  -0.0038433493049159504  0.0008764745983606517
18.02  -0.003843094458132792  0.0008760738642212092
18.04  -0.0038428855368289137  0.0008756620398004285
18.06  -0.0038427225618553277  0.000875241370345554
18.080000000000002  -0.003842604986138849  0.0008748141776590154
18.1  -0.0038425317061888424  0.0008743828303654573
18.12  -0.003842501080432275  0.0008739497140470326
18.14  -0.003842510954079042  0.0008735172016229942
18.16  -0.0038425586901541893  0.0008730876243318743
18.18  -0.003842641206246549  0.0008726632436713465
18.2  -0.0038427550164570165  0.0008722462246285485
18.22  -0.0038428962779703643  0.0008718386105028507
18.240000000000002  -0.0038430608416148344  0.0008714422996099109
18.26  -0.003843244305742676  0.0008710590241364957
18.28  -0.003843442072704281  0.0008706903313588242
18.3  -0.0038436494071949967  0.0008703375674239087
18.32  -0.0038438614957117  0.0008700018638611187
18.34  -0.0038440735063639438  0.0008696841269394952
18.36  -0.003844280648289872  0.0008693850299669244
18.38  -0.003844478229935804  0.0008691050085786042
18.400000000000002  -0.0038446617154831693  0.00086884425902445
18.42  -0.0038448267787526045  0.0008686027394496359
18.44  -0.003844969353927494  0.0008683801740838889
18.46  -0.003845085682528225  0.0008681760602702961
18.48  -0.0038451723560836513  0.0008679896781951941
18.5  -0.0038452263540402526  0.0008678201031605854
18.52  -0.003845245076494224  0.0008676662202262502
18.54  -0.0038452263714112917  0.0008675267409905699
18.56  -0.003845168556073786  0.0008674002222895993
18.580000000000002  -0.003845070432570105  0.0008672850865495707
18.6  -0.003844931297207807  0.0008671796435268473
18.62  -0.0038447509438154894  0.0008670821131407232
18.64  -0.0038445296609788213  0.0008669906491107938
18.66  -0.0038442682233189676  0.0008669033630890055
18.68  -0.0038439678769913305  0.0008668183489844786
18.7  -0.0038436303196674538  0.0008667337071725246
18.72  -0.0038432576752944585  0.0008666475682968084
18.740000000000002  -0.003842852464014998  0.0008665581163597991
18.76  -0.003842417567664292  0.0008664636108350482
18.78  -0.0038419561913171692  0.0008663624075244171
18.8  -0.0038414718213877993  0.0008662529779280677
18.82  -0.0038409681808338424  0.0008661339268851355
18.84  -0.003840449182022869  0.0008660040083025347
18.86  -0.003839918877870948  0.0008658621387790898
18.88  -0.0038393814118352536  0.0008657074089961829
18.900000000000002  -0.0038388409673858087  0.0008655390927391898
18.92  -0.0038383017175627563  0.0008653566534846328
18.94  -0.003837767775210859  0.0008651597484770099
18.96  -0.0038372431444879994  0.0008649482302956972
18.98  -0.0038367316742098116  0.0008647221459049861
19.0  -0.0038362370135626316  0.0008644817332428889
19.02  -0.0038357625706968218  0.0008642274154130169
19.04  -0.003835311474657428  0.0008639597925867619
19.06  -0.0038348865410801633  0.0008636796317562864
19.080000000000002  -0.0038344902420167255  0.0008633878544789587
19.1  -0.0038341246802169383  0.0008630855228065504
19.12  -0.0038337915681256234  0.0008627738236019921
19.14  -0.003833492211799397  0.0008624540514637993
19.16  -0.0038332274998884113  0.00086212759049355
19.18  -0.0038329978977625066  0.0008617958951483354
19.2  -0.003832803446800174  0.0008614604704545875
19.22  -0.003832643768796632  0.0008611228518235043
19.240000000000002  -0.003832518075382108  0.0008607845847468237
19.26  -0.003832425182285347  0.0008604472046261891
19.28  -0.0038323635282188247  0.000860112216998575
19.3  -0.003832331198103099  0.0008597810784009004
19.32  -0.003832325950302328  0.0008594551781192508
19.34  -0.003832345247496081  0.000859135821031425
19.36  -0.0038323862907643554  0.0008588242117590513
19.38  -0.0038324460564401292  0.0008585214403113721
19.400000000000002  -0.0038325213352404038  0.0008582284693839334
19.42  -0.00383260877317225  0.000857946123453852
19.44  -0.0038327049136901324  0.0008576750797830748
19.46  -0.0038328062405731025  0.0008574158614327627
19.48  -0.003832909220982921  0.0008571688323282036
19.5  -0.0038330103481840905  0.0008569341944445187
19.52  -0.0038331061833832506  0.000856711987086082
19.54  -0.003833193396209359  0.0008565020882665062
19.56  -0.003833268803336659  0.0008563042181419316
19.580000000000002  -0.0038333294048121776  0.0008561179444192767
19.6  -0.0038333724176655808  0.0008559426896584978
19.62  -0.0038333953064335034  0.0008557777403404084
19.64  -0.0038333958102556055  0.0008556222575828075
19.66  -0.003833371966273442  0.0008554752893293934
19.68  -0.003833322129084437  0.0008553357838559791
19.7  -0.0038332449860764336  0.0008552026043996268
19.72  -0.0038331395685165734  0.0008550745447215018
19.740000000000002  -0.003833005258317007  0.0008549503453792692
19.76  -0.003832841790463233  0.0008548287105218774
19.78  -0.0038326492511388103  0.0008547083249680291
19.8  -0.0038324280716309483  0.0008545878713578879
19.82  -0.003832179018162307  0.0008544660471614905
19.84  -0.0038319031778246354  0.0008543415813302879
19.86  -0.003831601940856531  0.0008542132503813855
19.88  -0.0038312769795206727  0.0008540798937253073
19.900000000000002  -0.003830930223899723  0.0008539404280405447
19.92  -0.0038305638349508263  0.0008537938605347782
19.94  -0.0038301801751756998  0.0008536393009279605
19.96  -0.003829781777305924  0.0008534759720138826
19.98  -0.0038293713114049156  0.0008533032186921652
20.0  -0.003828951550812449  0.0008531205153638141
