0.02  -0.04554775595083432  0.007299146520106253
0.04  -0.08572339282988695  0.0069770011983342605
0.06  -0.12141198855736063  0.006454142811592683
0.08  -0.15329858574659874  0.005836717996353403
0.1  -0.18181062318291058  0.005163517371568865
0.12  -0.2072217723208343  0.004448494149892621
0.14  -0.2297183195449651  0.0037058782172556775
0.16  -0.2494231468017125  0.0029543800972494476
0.18  -0.26641964895223164  0.002215638283319049
0.2  -0.2808813907446414  0.0014926984597678616
0.22  -0.2929680205310697  0.0007849713683019843
0.24  -0.3028014603771108  9.69325986476772e-05
0.26  -0.310499486232282  -0.0005669801704401676
0.28  -0.31617726643233635  -0.0012024929126341023
0.3  -0.3199480757497596  -0.0018055132526207036
0.32  -0.3219242121536997  -0.0023721530385812186
0.34  -0.3222179256717837  -0.002898720435062434
0.36  -0.3209421999847802  -0.003381648628048251
0.38  -0.31821127708405045  -0.003817358849777402
0.4  -0.3141408520583472  -0.004202114115193707
0.42  -0.3088479124247061  -0.004531965031372943
0.44  -0.30245026277718584  -0.004802873895532325
0.46  -0.29506583882666726  -0.005011025175817439
0.48  -0.2868119416098017  -0.005153229890870297
0.5  -0.27780448891823195  -0.005227273481721935
0.52  -0.268157287023708  -0.00523220463718488
0.54  -0.2579813282164032  -0.00516909655995057
0.56  -0.24738453736339133  -0.005041848220507657
0.58  -0.23647214831801527  -0.0048557700909686
0.6  -0.22534647114219533  -0.004616538281730082
0.62  -0.21410567330044816  -0.0043305945654971804
0.64  -0.20284300075596728  -0.004005001340210668
0.66  -0.1916463573306917  -0.0036470532652031003
0.68  -0.18059781850235593  -0.0032639929534073013
0.7000000000000001  -0.16977310780998742  -0.0028627938968578564
0.72  -0.15924110780410278  -0.002449997828940573
0.74  -0.1490634547337507  -0.002031615080668871
0.76  -0.1392942558439185  -0.0016130890470716095
0.78  -0.12997997263531072  -0.0011993134148082629
0.8  -0.12115950680038919  -0.0007946887694574934
0.8200000000000001  -0.11286420834728218  -0.00040329462452976786
0.84  -0.10511715068196101  -2.932442162041556e-05
0.86  -0.09793278711512536  0.00032294531773427974
0.88  -0.09131697761378087  0.0006495540974469571
0.9  -0.08526540570313287  0.0009465298465424893
0.92  -0.07975970757847747  0.0012096325982574312
0.9400000000000001  -0.07475538707679999  0.0014376190960190248
0.96  -0.07017604204799369  0.001638966875924759
0.98  -0.06600063748893509  0.0018161001011345736
1.0  -0.06228352528573017  0.001957160417899988
1.02  -0.05905954062912869  0.0020547113529608917
1.04  -0.05631228900712057  0.0021110259798737593
1.06  -0.05400901838036337  0.002130885330690092
1.08  -0.05211409412784852  0.0021182877374665452
1.1  -0.05059142614224791  0.002076271775717385
1.12  -0.04940483520047893  0.0020073286000723447
1.1400000000000001  -0.04851817635060078  0.0019137715678930942
1.16  -0.04789551556289405  0.001797967782881727
1.18  -0.04750137248017835  0.0016624505141629782
1.2  -0.04730099703775417  0.0015099484726215904
1.22  -0.04726065073159122  0.0013433633475248537
1.24  -0.04734787240780005  0.0011657185596441553
1.26  -0.047531717521995975  0.0009800945479265604
1.28  -0.047782966021235496  0.0007895605879321681
1.3  -0.048074297503157074  0.0005971094006484626
1.32  -0.04838043424096921  0.00040559824159091726
1.34  -0.04867825357121993  0.00021769843429662297
1.36  -0.048946871446162284  3.585415851988248e-05
1.3800000000000001  -0.04916769895597151  -0.0001377494474317544
1.4000000000000001  -0.04932447352002349  -0.0003012092599848387
1.42  -0.04940326632470947  -0.00045291883767676754
1.44  -0.04939246747562618  -0.0005915754955163124
1.46  -0.04928275023990428  -0.0007161805459716938
1.48  -0.04906701569656885  -0.0008260335192752319
1.5  -0.04874031911315997  -0.0009207212328394987
1.52  -0.04829977943158436  -0.0010001026042036321
1.54  -0.047744473354337465  -0.0010642900687381704
1.56  -0.04707531564099162  -0.001113628382075073
1.58  -0.046294927328217744  -0.0011486714901299809
1.6  -0.04540749366360616  -0.0011701580651586757
1.62  -0.04441861359510599  -0.0011789862444024708
1.6400000000000001  -0.04333514268925714  -0.0011761880612371593
1.6600000000000001  -0.04216503136551914  -0.0011629040140637543
1.68  -0.040917160329886126  -0.0011403581665854927
1.7  -0.039601175065558436  -0.0011098341142377894
1.72  -0.03822732118939805  -0.001072652090829161
1.74  -0.03680628240892535  -0.0010301474322569457
1.76  -0.035349022717552775  -0.000983650564910008
1.78  -0.033866634350116775  -0.0009344686466138778
1.8  -0.03237019289068984  -0.000883868953988599
1.82  -0.03087062078066196  -0.0008330640830682566
1.84  -0.029378560321238034  -0.0007831990054538826
1.86  -0.027904257105560142  -0.0007353399979901384
1.8800000000000001  -0.026457454652717198  -0.0006904654435238853
1.9000000000000001  -0.025047300849563678  -0.0006494584794426662
1.92  -0.023682266640025516  -0.0006131014506502609
1.94  -0.022370077237559412  -0.0005820721049561537
1.96  -0.02111765597621568  -0.0005569414517043166
1.98  -0.01993108076130311  -0.0005381731891396157
2.0  -0.0188155529337446  -0.0005261245927418956
2.02  -0.017775378224383333  -0.0005210487457141116
2.04  -0.016813959347181356  -0.0005230979837980532
2.06  -0.01593379966442917  -0.0005323284186704044
2.08  -0.015136517253923867  -0.0005487053987459313
2.1  -0.014422868619376653  -0.0005721097632380454
2.12  -0.01379278121012939  -0.0006023447426394297
2.14  -0.013245393856013976  -0.0006391433586471062
2.16  -0.012779104178980814  -0.0006821761778988261
2.18  -0.012391622013658527  -0.0007310592767042889
2.2  -0.012080027855940315  -0.0007853622829700026
2.22  -0.011840835357531112  -0.0008446163684898653
2.24  -0.01167005689334662  -0.000908322065294256
2.2600000000000002  -0.01156327125803424  -0.0009759567899551931
2.2800000000000002  -0.011515692593583173  -0.0010469819808236293
2.3000000000000003  -0.011522239696776133  -0.0011208497713988505
2.32  -0.011577604903726585  -0.0011970091399577292
2.34  -0.011676321805727068  -0.0012749114953811834
2.36  -0.011812831112571214  -0.0013540156791728825
2.38  -0.011981544041484254  -0.0014337923839034584
2.4  -0.012176902671523958  -0.0015137280071530219
2.42  -0.012393436764276861  -0.0015933279750782081
2.44  -0.012625816612165297  -0.001672119580523348
2.46  -0.012868901536906644  -0.0017496543863104788
2.48  -0.013117783722432507  -0.0018255102448848975
2.5  -0.013367827129105307  -0.001899292982470387
2.52  -0.013614701300097811  -0.001970637790187343
2.54  -0.013854409935848647  -0.002039210357107455
2.56  -0.014083314177619027  -0.0021047077726111993
2.58  -0.014298150605449273  -0.0021668592189253385
2.6  -0.014496044017897487  -0.002225426470159346
2.62  -0.014674515120385246  -0.002280204211850478
2.64  -0.014831483305782177  -0.002331020196520039
2.66  -0.014965264760369594  -0.0023777352519172143
2.68  -0.015074566172044652  -0.002420243160668859
2.7  -0.015158474355124713  -0.0024584704331963906
2.72  -0.015216442132386198  -0.002492375990569296
2.74  -0.015248270826153916  -0.0025219507521064867
2.7600000000000002  -0.015254089697179018  -0.002547217061952771
2.7800000000000002  -0.015234332615022527  -0.0025682277429510325
2.8000000000000003  -0.015189712117255578  -0.0025850642466431657
2.82  -0.015121190787179961  -0.0025978327446694
2.84  -0.015029949609743552  -0.0026066560476885356
2.86  -0.014917353132240446  -0.0026116586987267056
2.88  -0.01478491335068549  -0.002612945609183961
2.9  -0.014634259590436502  -0.002610585662169601
2.92  -0.01446712367659959  -0.002604621779308002
2.94  -0.014285333835811178  -0.00259510936378182
2.96  -0.01409079465850649  -0.0025821534804276714
2.98  -0.013885452047122028  -0.002565925006375446
3.0  -0.013671262004763375  -0.002546654708593966
3.02  -0.013450166366045053  -0.0025246120568340226
3.04  -0.013224069322622968  -0.002500083687483324
3.06  -0.012994814307580763  -0.0024733603476846493
3.08  -0.012764163376024987  -0.0024447310774875783
3.1  -0.012533779972836025  -0.0024144808247639495
3.12  -0.012305214934779485  -0.0023828891203740254
3.14  -0.012079895328403895  -0.00235022886251493
3.16  -0.011859115782890695  -0.0023167649383279963
3.18  -0.011644032067001445  -0.0022827526541773844
3.2  -0.011435656718931866  -0.0022484360176907893
3.22  -0.011234856569660643  -0.002214045930621718
3.24  -0.01104235201558355  -0.0021797983519147835
3.2600000000000002  -0.010858717903078493  -0.002145892487017076
3.2800000000000002  -0.010684385890862529  -0.0021125090555960246
3.3000000000000003  -0.010519648158114696  -0.002079808685864568
3.3200000000000003  -0.010364662328455308  -0.002047930479583632
3.34  -0.010219457482331235  -0.0020169907874306664
3.36  -0.010083941133280424  -0.001987082230081251
3.38  -0.009957907047101075  -0.0019582729954366754
3.4  -0.009841043786645206  -0.0019306064369462163
3.42  -0.009732943868694745  -0.001904100992231644
3.44  -0.009633113423197509  -0.0018787504353300587
3.46  -0.009540982248915357  -0.0018545244697318148
3.48  -0.009455914162974342  -0.0018313696631530266
3.5  -0.009377217545504912  -0.0018092107186698178
3.52  -0.009304155984034848  -0.0017879520707577024
3.54  -0.009235958925802545  -0.0017674797887942493
3.56  -0.009171832249786384  -0.0017476637648824447
3.58  -0.009110968674076628  -0.0017283601575105718
3.6  -0.009052557918198378  -0.001709414057612438
3.62  -0.008995796544238143  -0.0016906623391467767
3.64  -0.008939897405016196  -0.0016719366524337346
3.66  -0.008884098632110482  -0.001653066515172807
3.68  -0.008827672101194577  -0.0016338824535416317
3.7  -0.00876993131691104  -0.001614219143959566
3.72  -0.008710238664377392  -0.0015939185051219275
3.74  -0.008648011979183065  -0.0015728326897004742
3.7600000000000002  -0.008582730392367231  -0.0015508269259816008
3.7800000000000002  -0.008513939411894824  -0.001527782161609439
3.8000000000000003  -0.008441255207336568  -0.0015035974642808737
3.8200000000000003  -0.008364368069540324  -0.0014781921377983761
3.84  -0.008283045022530782  -0.0014515075164949326
3.86  -0.008197131570718606  -0.0014235084062948888
3.88  -0.008106552570728655  -0.001394184146651628
3.9  -0.008011312223804494  -0.0013635492740727332
3.92  -0.007911493191833721  -0.0013316437748013125
3.94  -0.007807254847630506  -0.0012985329213604443
3.96  -0.007698830677980145  -0.0012643066952227157
3.98  -0.007586524865722096  -0.0012290788035662528
4.0  -0.007470708086688529  -0.0011929853077756822
4.0200000000000005  -0.007351812564762819  -0.0011561828851775753
4.04  -0.00723032643734426  -0.0011188467529666035
4.0600000000000005  -0.007106787491824908  -0.0010811682886377571
4.08  -0.006981776341488121  -0.0010433523858903605
4.1  -0.006855909116703629  -0.0010056145890842542
4.12  -0.0067298297540309  -0.0009681780525682325
4.14  -0.006604201971690338  -0.0009312703735857574
4.16  -0.006479701024749502  -0.0008951203489922681
4.18  -0.006357005337123887  -0.0008599547066452553
4.2  -0.0062367881100539365  -0.0008259948621460855
4.22  -0.00611970900795565  -0.0007934537505632593
4.24  -0.006006406022460017  -0.0007625327809794324
4.26  -0.005897487613974723  -0.0007334189591507786
4.28  -0.0057935252272483155  -0.0007062822203968072
4.3  -0.005695046273206161  -0.000681273011029511
4.32  -0.0056025276638072994  -0.0006585201523689597
4.34  -0.005516389979916077  -0.0006381290166335588
4.36  -0.005436992344279728  -0.0006201800389684954
4.38  -0.005364628062784541  -0.0006047275845234822
4.4  -0.005299521087335029  -0.0005917991840382772
4.42  -0.005241823343119327  -0.0005813951457937774
4.44  -0.0051916129518553965  -0.0005734885462524745
4.46  -0.00514889337099616  -0.00056802559620517
4.48  -0.005113593457002352  -0.0005649263739229308
4.5  -0.005085568448842011  -0.0005640859117117029
4.5200000000000005  -0.0050646018559655295  -0.0005653756174465748
4.54  -0.0050504082234153775  -0.0005686450082249366
4.5600000000000005  -0.00504263673545528  -0.0005737237292050467
4.58  -0.005040875608622325  -0.0005804238269776264
4.6000000000000005  -0.005044657214920197  -0.0005885422438453423
4.62  -0.0050534638668282015  -0.0005978634967721521
4.64  -0.005066734187886978  -0.0006081625026077657
4.66  -0.005083869985352099  -0.000619207509694979
4.68  -0.0051042435355297695  -0.0006307630950518867
4.7  -0.0051272051877581885  -0.0006425931859089795
4.72  -0.005152091189537075  -0.0006544640645844621
4.74  -0.005178231633212467  -0.0006661473163833321
4.76  -0.005204958423787966  -0.0006774226814404319
4.78  -0.005231613167930785  -0.0006880807732127312
4.8  -0.005257554886042182  -0.0006979256285325635
4.82  -0.005282167452292146  -0.0007067770568005064
4.84  -0.005304866671772735  -0.0007144727589900003
4.86  -0.005325106909263798  -0.0007208701905255034
4.88  -0.005342387190531439  -0.0007258481458428068
4.9  -0.005356256704461498  -0.0007293080464268228
4.92  -0.0053663196425669584  -0.0007311749182063893
4.94  -0.005372239321173131  -0.000731398048534347
4.96  -0.005373741541276731  -0.0007299513176728485
4.98  -0.005370617151180198  -0.0007268332037673069
5.0  -0.005362723787121149  -0.0007220664646379279
5.0200000000000005  -0.005349986777837003  -0.0007156975042518392
5.04  -0.005332399209693209  -0.000707795435759545
5.0600000000000005  -0.005310021159501695  -0.0006984508569294508
5.08  -0.005282978112613324  -0.0006877743574466922
5.1000000000000005  -0.005251458593773761  -0.0006758947808769909
5.12  -0.005215711047843366  -0.0006629572674071139
5.14  -0.005176040016928343  -0.0006491211055110744
5.16  -0.005132801667991675  -0.0006345574231965991
5.18  -0.00508639873313956  -0.0006194467514364783
5.2  -0.005037274931373965  -0.0006039764934285437
5.22  -0.004985908946277768  -0.0005883383341853412
5.24  -0.004932808038807072  -0.0005727256252795283
5.26  -0.0048785013780780935  -0.0005573307794717986
5.28  -0.004823533175589457  -0.0005423427093104207
5.3  -0.004768455709828527  -0.0005279443427332759
5.32  -0.004713822328541198  -0.0005143102472170481
5.34  -0.004660180515202784  -0.0005016043921389182
5.36  -0.0046080651044082465  -0.0004899780767335718
5.38  -0.004557991728009348  -0.0004795680484842268
5.4  -0.0045104505699763205  -0.00047049483387962096
5.42  -0.004465900503153643  -0.00046286130037991074
5.44  -0.004424763675437048  -0.00045675146513888675
5.46  -0.004387420606472537  -0.0004522295625427684
5.48  -0.0043542058488856596  -0.00044933937911719
5.5  -0.004325404260388754  -0.0004481038607582821
5.5200000000000005  -0.0043012479249713576  -0.00044852499364753573
5.54  -0.004281913752877789  -0.0004505839566949825
5.5600000000000005  -0.00426752178033182  -0.00045424153989155874
5.58  -0.004258134181062755  -0.00045943881962582267
5.6000000000000005  -0.004253754992791159  -0.00046609807889110006
5.62  -0.004254330553003896  -0.00047412395737398566
5.64  -0.004259750629753119  -0.0004834048137466731
5.66  -0.004269850224924942  -0.0004938142800675336
5.68  -0.004284412019556658  -0.0005052129860960982
5.7  -0.004303169423392848  -0.0005174504294892103
5.72  -0.0043258101840368095  -0.0005303669664105796
5.74  -0.004351980504887591  -0.0005437958959587373
5.76  -0.004381289615600368  -0.0005575656110138862
5.78  -0.004413314734141681  -0.0005715017876733995
5.8  -0.004447606355636569  -0.0005854295853522483
5.82  -0.004483693800175819  -0.000599175829870149
5.84  -0.004521090949618556  -0.0006125711524237346
5.86  -0.004559302102107591  -0.0006254520582284536
5.88  -0.0045978278726555785  -0.0006376628998120047
5.9  -0.004636171068593556  -0.0006490577314089462
5.92  -0.0046738424699923915  -0.0006595020226422704
5.94  -0.0047103664472833125  -0.0006688742116595693
5.96  -0.004745286351206002  -0.0006770670800725462
5.98  -0.004778169613827011  -0.0006839889344271622
6.0  -0.004808612503678913  -0.0006895645814787735
6.0200000000000005  -0.004836244482975223  -0.0006937360872074831
6.04  -0.004860732120313926  -0.0006964633122877918
6.0600000000000005  -0.004881782518226796  -0.0006977242195712225
6.08  -0.00489914622124645  -0.0006975149520196707
6.1000000000000005  -0.004912619576826202  -0.0006958496824267997
6.12  -0.004922046528340547  -0.0006927602391195572
6.140000000000001  -0.004927319826441899  -0.0006882955146338681
6.16  -0.004928381652150229  -0.0006825206670806721
6.18  -0.004925223652181784  -0.0006755161264767451
6.2  -0.004917886394004529  -0.0006673764207389421
6.22  -0.0049064582549714466  -0.0006582088382823333
6.24  -0.004891073766427432  -0.0006481319461074597
6.26  -0.004871911439832417  -0.0006372739839962205
6.28  -0.0048491911079640996  -0.0006257711569334546
6.3  -0.004823170819427877  -0.0006137658490330191
6.32  -0.004794143329573764  -0.0006014047829712348
6.34  -0.004762432235133012  -0.0005888371494387291
6.36  -0.004728387803427243  -0.0005762127312335618
6.38  -0.00469238254990675  -0.0005636800463951533
6.4  -0.004654806619959476  -0.0005513845341648276
6.42  -0.004616063032396234  -0.0005394668066053215
6.44  -0.004576562842737235  -0.000528060987434238
6.46  -0.004536720284436883  -0.0005172931580355662
6.48  -0.004496947945448953  -0.0005072799287415156
6.5  -0.00445765203616329  -0.0004981271514076496
6.5200000000000005  -0.004419227802673227  -0.0004899287869696816
6.54  -0.0043820551366725745  -0.00048276593923829816
6.5600000000000005  -0.004346494430052644  -0.00047670606366209776
6.58  -0.004312882718544374  -0.0004718023571755965
6.6000000000000005  -0.00428153015455286  -0.00046809333269256256
6.62  -0.004252716844761208  -0.00046560257927465734
6.640000000000001  -0.0042266900832182595  -0.0004643387065942654
6.66  -0.004203662005472661  -0.0004642954700083606
6.68  -0.004183807683997643  -0.0004654520704766011
6.7  -0.004167263679721781  -0.00046777362164177744
6.72  -0.0041541270589723935  -0.00047121177469058054
6.74  -0.00414445487964993  -0.00047570549012838367
6.76  -0.0041382641450521335  -0.0004811819443536698
6.78  -0.004135532218444005  -0.00048755755783815453
6.8  -0.004136197686368472  -0.0004947391308812835
6.82  -0.004140161653806361  -0.0005026250722156799
6.84  -0.004147289449651815  -0.0005111067052271041
6.86  -0.00415741271670205  -0.0005200696361848211
6.88  -0.004170331856379555  -0.0005293951686137317
6.9  -0.004185818794876709  -0.0005389617478200011
6.92  -0.0042036200342527655  -0.0005486464195226623
6.94  -0.004223459949332793  -0.0005583262865972156
6.96  -0.004245044289031172  -0.0005678799480875356
6.98  -0.004268063838978096  -0.0005771889048496963
7.0  -0.004292198201101453  -0.0005861389165396503
7.0200000000000005  -0.004317119645077131  -0.0005946212950824452
7.04  -0.004342496986346641  -0.0006025341203307005
7.0600000000000005  -0.004367999445699236  -0.0006097833643070281
7.08  -0.0043933004462038665  -0.0006162839113053255
7.1000000000000005  -0.004418081304573846  -0.0006219604621224418
7.12  -0.004442034775807591  -0.0006267483119162982
7.140000000000001  -0.004464868412159231  -0.0006305939925679889
7.16  -0.004486307700148032  -0.0006334557719738503
7.18  -0.0045060989423127565  -0.0006353040044532001
7.2  -0.004524011853835651  -0.0006361213283366831
7.22  -0.004539841847823285  -0.0006359027088040231
7.24  -0.00455341198702309  -0.0006346553261876767
7.26  -0.004564574583917574  -0.0006323983120853652
7.28  -0.0045732124355135195  -0.0006291623378657824
7.3  -0.004579239683607873  -0.0006249890622616086
7.32  -0.004582602295883476  -0.0006199304468509853
7.34  -0.004583278167720776  -0.0006140479501759593
7.36  -0.00458127684914696  -0.0006074116130460429
7.38  -0.004576638905769941  -0.0006000990491148708
7.4  -0.004569434926794118  -0.0005921943561820879
7.42  -0.004559764197309839  -0.0005837869646892184
7.44  -0.004547753055844393  -0.0005749704406392525
7.46  -0.004533552961687418  -0.0005658412605608581
7.48  -0.004517338299681557  -0.0005564975762467957
7.5  -0.0044993039529332614  -0.0005470379867155177
7.5200000000000005  -0.004479662676281398  -0.0005375603343173859
7.54  -0.004458642305281146  -0.000528160540979985
7.5600000000000005  -0.004436482836904019  -0.0005189314994630974
7.58  -0.004413433419104689  -0.0005099620330684688
7.6000000000000005  -0.004389749286895008  -0.0005013359356653145
7.62  -0.004365688682522134  -0.000493131102098197
7.640000000000001  -0.004341509796870816  -0.0004854187572061266
7.66  -0.0043174677682143595  -0.00047826278972197024
7.68  -0.004293811773031423  -0.0004717191954318517
7.7  -0.004270782241788582  -0.0004658356320697554
7.72  -0.004248608230359935  -0.0004606510866949158
7.74  -0.004227504975227105  -0.0004561956546123873
7.76  -0.004207671657760431  -0.00045249042750294423
7.78  -0.004189289399799009  -0.00044954748709290953
7.8  -0.004172519509457381  -0.0004473699996835038
7.82  -0.004157501992673589  -0.0004459524059650886
7.84  -0.004144354342474378  -0.0004452806998967062
7.86  -0.00413317061436139  -0.00044533278993071817
7.88  -0.004124020792649796  -0.0004460789355720697
7.9  -0.004116950449044997  -0.0004474822520570401
7.92  -0.004111980691318899  -0.0004494992758865892
7.94  -0.004109108396618583  -0.00045208058396836617
7.96  -0.004108306720780363  -0.00045517145918266534
7.98  -0.004109525872054442  -0.0004587125953401086
8.0  -0.004112694134901809  -0.0004626408345726076
8.02  -0.004117719127003551  -0.00046688993031855793
8.040000000000001  -0.004124489270330216  -0.0004713913291096914
8.06  -0.004132875455132299  -0.0004760749644413636
8.08  -0.004142732874007232  -0.0004808700559522895
8.1  -0.004153903001754105  -0.0004857059071154264
8.120000000000001  -0.004166215695617348  -0.000490512694499311
8.14  -0.004179491389651497  -0.0004952222415570949
8.16  -0.004193543356408393  -0.0004997687697257435
8.18  -0.004208180008861791  -0.0005040896194817534
8.2  -0.004223207215530976  -0.0005081259338854319
8.22  -0.004238430602044014  -0.0005118232970807409
8.24  -0.004253657812983961  -0.0005151323202743629
8.26  -0.0042687007087156455  -0.0005180091678575909
8.28  -0.00428337747297511  -0.0005204160166457325
8.3  -0.004297514608393943  -0.000522321441662808
8.32  -0.004310948798711677  -0.0005237007225603881
8.34  -0.004323528618211555  -0.0005245360655780152
8.36  -0.0043351160709679554  -0.0005248167369661052
8.38  -0.004345587944626541  -0.0005245391050046294
8.4  -0.00435483696580805  -0.0005237065890589183
8.42  -0.004362772746683317  -0.0005223295156041452
8.44  -0.0043693225148383665  -0.0005204248826730952
8.46  -0.004374431621188963  -0.0005180160357937543
8.48  -0.004378063823396949  -0.000515132260038411
8.5  -0.004380201344933795  -0.000511808294369175
8.52  -0.004380844712631163  -0.0005080837758750872
8.540000000000001  -0.004380012378173691  -0.0005040026228443077
8.56  -0.004377740131515382  -0.0004996123667319117
8.58  -0.004374080316635845  -0.0004949634440316486
8.6  -0.004369100862335346  -0.0004901084597611367
8.620000000000001  -0.004362884142879283  -0.00048510143469339466
8.64  -0.004355525685230996  -0.0004799970486716431
8.66  -0.004347132741270083  -0.00047484989220521114
8.68  -0.004337822744878477  -0.00046971373820152684
8.700000000000001  -0.004327721674884492  -0.0004646408450108587
8.72  -0.004316962345782271  -0.0004596813011125503
8.74  -0.004305682648699339  -0.0004548824206451037
8.76  -0.004294023765381162  -0.0004502881977097253
8.78  -0.004282128377917008  -0.00044593882592604175
8.8  -0.004270138896610499  -0.00044187028818417473
8.82  -0.004258195727778986  -0.00043811401992551
8.84  -0.0042464356023739986  -0.0004346966477195016
8.86  -0.004234989985130384  -0.0004316398033672312
8.88  -0.004223983582504012  -0.00042896001232734036
8.9  -0.004213532966018934  -0.0004266686539680058
8.92  -0.004203745325783294  -0.0004247719900049616
8.94  -0.004194717366936527  -0.0004232712565723885
8.96  -0.004186534359721319  -0.0004221628146367416
8.98  -0.0041792693516991665  -0.00042143835300856904
9.0  -0.0041729825484956885  -0.00042108513792119917
9.02  -0.004167720867084504  -0.000421086303067085
9.040000000000001  -0.004163517663155309  -0.00042142117405268215
9.06  -0.004160392631753114  -0.0004220656214635885
9.08  -0.00415835187824034  -0.0004229924369911301
9.1  -0.004157388154836711  -0.0004241717274670331
9.120000000000001  -0.004157481255918641  -0.0004255713221914719
9.14  -0.004158598563465867  -0.000427157189388636
9.16  -0.004160695732525629  -0.00042889385813574136
9.18  -0.004163717504970521  -0.0004307448425429609
9.200000000000001  -0.004167598638592356  -0.00043267306531664186
9.22  -0.004172264937514672  -0.00043464127813152724
9.24  -0.0041776343690530255  -0.00043661247641996735
9.26  -0.004183618251504907  -0.00043855030628780003
9.28  -0.004190122496896676  -0.00044041946124528985
9.3  -0.004197048892474832  -0.00044218606637495
9.32  -0.004204296404670313  -0.0004438180473800539
9.34  -0.004211762489389324  -0.0004452854817316384
9.36  -0.004219344392803382  -0.0004465609289099043
9.38  -0.004226940427270666  -0.0004476197364434543
9.4  -0.0042344512076542065  -0.0004484403182375353
9.42  -0.004241780834091866  -0.0004490044015011867
9.44  -0.00424883800815608  -0.0004492972384736973
9.46  -0.004255537070380412  -0.0004493077791684929
9.48  -0.0042617989482227996  -0.00044902880149219507
9.5  -0.004267552004784568  -0.00044845699540438854
9.52  -0.004272732779879265  -0.00044759299818666995
9.540000000000001  -0.0042772866164375745  -0.00044644137852444194
9.56  -0.004281168166642698  -0.0004450105678024814
9.58  -0.004284341773674907  -0.00044331273791747155
9.6  -0.004286781726445735  -0.00044136362584175245
9.620000000000001  -0.0042884723862047875  -0.00043918230623771356
9.64  -0.004289408185432771  -0.00043679091451107553
9.66  -0.00428959350093708  -0.00043421432374969105
9.68  -0.0042890424045315375  -0.0004314797800718881
9.700000000000001  -0.004287778296120752  -0.0004286165018778161
9.72  -0.004285833425382258  -0.0004256552493732907
9.74  -0.0042832483095160126  -0.0004226278714780311
9.76  -0.004280071055770869  -0.0004195668378039806
9.78  -0.004276356598518624  -0.00041650476378487947
9.8  -0.0042721658616562954  -0.00041347393722584677
9.82  -0.004267564857952039  -0.00041050585453885
9.84  -0.004262623737645049  -0.00040763077471372966
9.86  -0.0042574157991733886  -0.0004048772986408267
9.88  -0.004252016475255227  -0.0004022719808187316
9.9  -0.004246502307776664  -0.00039983897968649346
9.92  -0.004240949924945345  -0.00039759975190615317
9.94  -0.004235435034022359  -0.0003955727948838409
9.96  -0.004230031442605412  -0.000393773440710933
9.98  -0.0042248101209172075  -0.00039221370352544936
10.0  -0.004219838316882994  -0.0003909021811328303
10.02  -0.004215178734911548  -0.00038984401057672106
10.040000000000001  -0.004210888788324275  -0.00038904087626970334
10.06  -0.004207019934237997  -0.0003884910682822229
10.08  -0.0042036170984611244  -0.00038818958755063216
10.1  -0.004200718196641747  -0.00038812829400588253
10.120000000000001  -0.0041983537564768214  -0.0003882960930772973
10.14  -0.004196546644349852  -0.0003886791556080637
10.16  -0.004195311898252248  -0.00038926116597352107
10.18  -0.004194656667383734  -0.00039002359313567423
10.200000000000001  -0.004194580257327584  -0.0003909459793931607
10.22  -0.004195074278282147  -0.000392006241809339
10.24  -0.004196122892469357  -0.00039318098158630727
10.26  -0.004197703155556555  -0.0003944457970284143
10.28  -0.004199785445746077  -0.00039577559620184393
10.3  -0.0042023339731502365  -0.00039714490583578354
10.32  -0.004205307361106527  -0.0003985281735224784
10.34  -0.0042086592903480494  -0.00039990006070293
10.36  -0.004212339196258619  -0.000401235724391617
10.38  -0.00421629300900488  -0.00040251108595440845
10.4  -0.004220463925981044  -0.00040370308558061187
10.42  -0.004224793205848573  -0.0004047899212923861
10.44  -0.0042292209734138934  -0.0004057512715694037
10.46  -0.004233687024721482  -0.0004065685007533539
10.48  -0.0042381316220020965  -0.00040722484642241174
10.5  -0.004242496268509142  -0.0004077055879148604
10.52  -0.004246724453764636  -0.0004079981951153279
10.540000000000001  -0.004250762360341663  -0.0004080924565288272
10.56  -0.004254559524019753  -0.0004079805855489262
10.58  -0.004258069439910974  -0.0004076573037486951
10.6  -0.004261250107992219  -0.0004071198999418609
10.620000000000001  -0.004264064512362824  -0.00040636826372268355
10.64  -0.004266481029487824  -0.0004054048922287954
10.66  -0.004268473761606802  -0.00040423486897794695
10.68  -0.004270022792485068  -0.00040286581378326877
10.700000000000001  -0.004271114363629543  -0.00040130780303198764
10.72  -0.004271740970076417  -0.00039957325994863615
10.74  -0.004271901375795809  -0.0003976768148759444
10.76  -0.00427160054970129  -0.0003956351361116074
10.78  -0.004270849524150237  -0.00039346673236210236
10.8  -0.004269665178693423  -0.0003911917284745559
10.82  -0.0042680699526558424  -0.0003888316166810896
10.84  -0.004266091490915049  -0.0003864089862047034
10.86  -0.004263762227972172  -0.0003839472346159741
10.88  -0.004261118916071345  -0.00038147026486843206
10.9  -0.004258202103735741  -0.0003790021723664934
10.92  -0.00425505557161554  -0.00037656692679695846
10.94  -0.004251725733008444  -0.0003741880536908081
10.96  -0.004248261006789471  -0.000371888320849734
10.98  -0.004244711170770714  -0.0003696894347681952
11.0  -0.004241126703733808  -0.0003676117520979744
11.02  -0.004237558124462226  -0.0003656740109521734
11.040000000000001  -0.004234055336129345  -0.00036389308652695846
11.06  -0.004230666984307513  -0.00036228377502846667
11.08  -0.004227439836652457  -0.00036085860936033165
11.1  -0.004224418192050142  -0.0003596277093851695
11.120000000000001  -0.004221643326601469  -0.0003585986688641984
11.14  -0.004219152983329274  -0.0003577764804546793
11.16  -0.004216980911920342  -0.0003571634993631414
11.18  -0.004215156464121363  -0.0003567594455102785
11.200000000000001  -0.004213704249669084  -0.0003565614433088666
11.22  -0.004212643856815342  -0.0003565640974846266
11.24  -0.004211989640613819  -0.00035675960271159776
11.26  -0.0042117505812307296  -0.0003571378843083222
11.28  -0.004211930213566297  -0.0003576867667662066
11.3  -0.004212526628506566  -0.0003583921665218754
11.32  -0.004213532545155246  -0.000359238305128248
11.34  -0.0042149354524242035  -0.00036020793883357596
11.36  -0.004216717817428599  -0.0003612826005143222
11.38  -0.00421885735725042  -0.0003624428499779167
11.4  -0.004221327369785498  -0.00036366852875496005
11.42  -0.0042240971186458705  -0.00036493901573698317
11.44  -0.004227132266390445  -0.00036623348025813056
11.46  -0.004230395349781985  -0.00036753112955921995
11.48  -0.004233846290267608  -0.0003688114478859151
11.5  -0.00423744293250723  -0.0003700544248699352
11.52  -0.004241141603498925  -0.00037124077116599077
11.540000000000001  -0.004244897684678436  -0.0003723521196970192
11.56  -0.004248666189346111  -0.00037337121117195156
11.58  -0.00425240233780996  -0.0003742820628491922
11.6  -0.004256062122818831  -0.0003750701197699457
11.620000000000001  -0.004259602858122394  -0.00037572238791457545
11.64  -0.004262983703350744  -0.0003762275489137165
11.66  -0.0042661661588653905  -0.00037657605607108646
11.68  -0.004269114524733358  -0.00037676021159151446
11.700000000000001  -0.004271796318581804  -0.00037677422492127927
11.72  -0.0042741826477033  -0.00037661425221045396
11.74  -0.004276248531487588  -0.0003762784168924878
11.76  -0.0042779731709378  -0.00037576681140856754
11.78  -0.004279340162781215  -0.00037508148013768464
11.8  -0.004280337656399918  -0.00037422638361119345
11.82  -0.004280958452562086  -0.00037320734411611686
11.84  -0.004281200043663231  -0.0003720319729020433
11.86  -0.004281064595880409  -0.00037070957928432016
11.88  -0.004280558874343283  -0.00036925106207649067
11.9  -0.00427969411306103  -0.0003676687839473124
11.92  -0.004278485831978119  -0.00036597642950329383
11.94  -0.004276953604090982  -0.00036418884810594305
11.96  -0.0042751207760878835  -0.00036232188270737977
11.98  -0.004273014146457139  -0.00036039218622473535
12.0  -0.004270663605422527  -0.00035841702726361366
12.02  -0.004268101741454571  -0.0003564140872483159
12.040000000000001  -0.004265363419393752  -0.0003544012512711785
12.06  -0.00426248533550635  -0.00035239639520618206
12.08  -0.0042595055549818055  -0.0003504171717915431
12.1  -0.004256463037514833  -0.00034848079855614663
12.120000000000001  -0.004253397156702671  -0.0003466038505305394
12.14  -0.004250347219010237  -0.00034480206072528825
12.16  -0.004247351988013575  -0.0003430901313047547
12.18  -0.004244449219523328  -0.0003414815583065488
12.200000000000001  -0.004241675213040717  -0.0003399884725638407
12.22  -0.004239064384775271  -0.00033862149926497083
12.24  -0.004236648867171948  -0.00033738963830359
12.26  -0.004234458139563665  -0.00033630016720982475
12.280000000000001  -0.004232518694182787  -0.0003353585680686868
12.3  -0.004230853741313685  -0.00033456847942286587
12.32  -0.004229482956910219  -0.00033393167369882674
12.34  -0.004228422275436811  -0.0003334480602332924
12.36  -0.00422768373017408  -0.00033311571352996985
12.38  -0.0042272753426015825  -0.0003329309259424098
12.4  -0.004227201061875239  -0.0003328882835329134
12.42  -0.004227460754785874  -0.00033298076349444776
12.44  -0.00422805024593606  -0.00033319985118327085
12.46  -0.004228961407254618  -0.00033353567450975256
12.48  -0.0042301822953331875  -0.00033397715321933767
12.5  -0.004231697334468399  -0.0003345121604228546
12.52  -0.004233487542720017  -0.00033512769362287464
12.540000000000001  -0.004235530797757768  -0.00033581005246272516
12.56  -0.004237802138769748  -0.0003365450204150953
12.58  -0.004240274100284384  -0.0003373180477289686
12.6  -0.004242917073350242  -0.00033811443306587936
12.620000000000001  -0.0042456996892373585  -0.00033891950142652945
12.64  -0.004248589220546506  -0.0003397187761651243
12.66  -0.004251551994468167  -0.00034049814314537766
12.68  -0.004254553812814701  -0.0003412440053057857
12.700000000000001  -0.00425756037344233  -0.00034194342618891287
12.72  -0.00426053768772707  -0.000342584261224718
12.74  -0.004263452488882699  -0.0003431552758367254
12.76  -0.004266272626115177  -0.00034364624965300023
12.780000000000001  -0.004268967439861201  -0.000344048066345987
12.8  -0.004271508113677861  -0.00034435278881966185
12.82  -0.004273867998745104  -0.00034455371963698763
12.84  -0.004276022907340664  -0.0003446454467445116
12.86  -0.004277951372131444  -0.00034462387466063766
12.88  -0.004279634868609529  -0.0003444862414010645
12.9  -0.004281057998519819  -0.0003442311215246913
12.92  -0.004282208632664994  -0.0003438584156975566
12.94  -0.004283078012013885  -0.00034336932726606705
12.96  -0.004283660806565694  -0.00034276632634247506
12.98  -0.004283955131990273  -0.00034205310196276916
13.0  -0.0042839625245377246  -0.0003412345028850934
13.02  -0.004283687875254589  -0.00034031646764915303
13.040000000000001  -0.004283139324976515  -0.000339305944558781
13.06  -0.004282328122040829  -0.00033821080228557226
13.08  -0.004281268445041782  -0.0003370397318658588
13.1  -0.004279977193338799  -0.0003358021409226176
13.120000000000001  -0.004278473748341879  -0.00033450804102931207
13.14  -0.004276779708882435  -0.0003331679292216331
13.16  -0.004274918604223314  -0.0003317926647458818
13.18  -0.004272915588441976  -0.000330393342242629
13.200000000000001  -0.004270797120074015  -0.00032898116264622613
13.22  -0.0042685906310022045  -0.0003275673031808503
13.24  -0.004266324188633354  -0.00032616278789712435
13.26  -0.004264026155408942  -0.00032477836025916355
13.280000000000001  -0.004261724849663922  -0.00032342435934319496
13.3  -0.004259448211774999  -0.00032211060120008306
13.32  -0.004257223479418697  -0.0003208462669548124
13.34  -0.004255076875601206  -0.0003196397991395421
13.36  -0.004253033312935925  -0.00031849880771630965
13.38  -0.004251116117411868  -0.0003174299871104209
13.4  -0.0042493467746355235  -0.0003164390454608141
13.42  -0.004247744701239753  -0.00031553064711277955
13.44  -0.0042463270438344355  -0.00031470836918893547
13.46  -0.004245108507536767  -0.00031397467285952804
13.48  -0.004244101215750782  -0.0003133308896923444
13.5  -0.004243314602489116  -0.00031277722322506243
13.52  -0.004242755338139734  -0.0003123127656277391
13.540000000000001  -0.004242427289182337  -0.0003119355291060766
13.56  -0.0042423315119319155  -0.00031164249140088634
13.58  -0.004242466280016608  -0.00031142965454032656
13.6  -0.004242827144856159  -0.00031129211576869065
13.620000000000001  -0.004243407028050693  -0.0003112241493836268
13.64  -0.004244196344178577  -0.000311219298045334
13.66  -0.004245183152169148  -0.0003112704719977198
13.68  -0.004246353333066459  -0.0003113700545324611
13.700000000000001  -0.004247690791699003  -0.00031151001197190554
13.72  -0.004249177679490068  -0.0003116820064219402
13.74  -0.004250794635417026  -0.0003118775095514544
13.76  -0.004252521041918209  -0.00031208791571212435
13.780000000000001  -0.004254335292400658  -0.00031230465277843245
13.8  -0.004256215066884831  -0.0003125192892020081
13.82  -0.004258137612258252  -0.0003127236359057635
13.84  -0.004260080023605272  -0.000312909841786185
13.86  -0.00426201952309037  -0.00031307048176811773
13.88  -0.004263933732969618  -0.00031319863651482424
13.9  -0.004265800939418349  -0.00031328796309903535
13.92  -0.004267600344019129  -0.0003133327560886044
13.94  -0.0042693122999814155  -0.0003133279986969293
13.96  -0.00427091853037587  -0.00031326940380709315
13.98  -0.004272402325978213  -0.0003131534448178262
14.0  -0.004273748720580796  -0.0003129773764267244
14.02  -0.004274944641978905  -0.0003127392455470285
14.040000000000001  -0.0042759790371802815  -0.0003124378927026176
14.06  -0.004276842970731775  -0.0003120729443031211
14.08  -0.00427752969542957  -0.00031164479627609793
14.1  -0.004278034695040671  -0.00031115458960716605
14.120000000000001  -0.004278355699027567  -0.00031060417835459875
14.14  -0.004278492669615166  -0.00030999609075087317
14.16  -0.0042784477618904235  -0.00030933348400829505
14.18  -0.004278225257932897  -0.00030862009347543996
14.200000000000001  -0.004277831476300817  -0.00030786017677755816
14.22  -0.0042772746584488625  -0.00030705845359234275
14.24  -0.004276564833915702  -0.0003062200416993762
14.26  -0.004275713666354937  -0.0003053503899617363
14.280000000000001  -0.004274734282638388  -0.0003044552088894112
14.3  -0.004273641087457818  -0.0003035403994392818
14.32  -0.004272449565942111  -0.00030261198073402453
14.34  -0.004271176076914738  -0.0003016760173644396
14.36  -0.004269837639460517  -0.0003007385469880404
14.38  -0.0042684517155087975  -0.0002998055089093058
14.4  -0.004267035991115612  -0.00029888267437976225
14.42  -0.004265608159090016  -0.00029797557933239924
14.44  -0.00426418570554755  -0.00029708946028323693
14.46  -0.00426278570286649  -0.0002962291941239741
14.48  -0.004261424611403964  -0.000295399242520682
14.5  -0.004260118092178191  -0.00029460360159840667
14.52  -0.004258880832554749  -0.00029384575756460945
14.540000000000001  -0.004257726386786003  -0.0002931286488732902
14.56  -0.004256667033047647  -0.00029245463545516314
14.58  -0.004255713648391824  -0.00029182547548056107
14.6  -0.004254875602811978  -0.00029124231001381013
14.620000000000001  -0.004254160673358431  -0.0002907056558215529
14.64  -0.004253574979012132  -0.00029021540648448206
14.66  -0.00425312293675345  -0.0002897708418339199
14.68  -0.004252807239021601  -0.0002893706456113733
14.700000000000001  -0.004252628852496047  -0.0002890129311182677
14.72  -0.004252587037883677  -0.0002886952744848691
14.74  -0.004252679390153251  -0.0002884147550716972
14.76  -0.004252901898414007  -0.0002881680023784605
14.780000000000001  -0.004253249024422714  -0.0002879512487441601
14.8  -0.004253713798482306  -0.00028776038701114033
14.82  -0.004254287931298795  -0.000287591032239682
14.84  -0.004254961940198969  -0.00028743858651084076
14.86  -0.0042557252879416255  -0.00028729830578671416
14.88  -0.004256566532226029  -0.0002871653677929208
14.9  -0.004257473483893509  -0.0002870349398695134
14.92  -0.004258433371734519  -0.000286902245759064
14.94  -0.004259433011748051  -0.0002867626303348609
14.96  -0.004260458978684177  -0.0002866116213277939
14.98  -0.004261497777677285  -0.0002864449871883176
15.0  -0.004262536013832055  -0.00028625879029601776
15.02  -0.004263560557648696  -0.0002860494348476398
15.040000000000001  -0.0042645587042686  -0.0002858137088468602
15.06  -0.004265518324629389  -0.0002855488197468295
15.08  -0.004266428006739184  -0.0002852524234178117
15.1  -0.004267277185438974  -0.0002849226462202424
15.120000000000001  -0.004268056259190116  -0.00028455810009877277
15.14  -0.004268756692610464  -0.0002841578907195815
15.16  -0.004269371103698419  -0.0002837216187732149
15.18  -0.0042698933348882615  -0.0002832493746780466
15.200000000000001  -0.004270318507298677  -0.00028274172699134525
15.22  -0.004270643057791235  -0.00028219970491044383
15.24  -0.004270864758654698  -0.00028162477533203237
15.26  -0.004270982719980013  -0.00028101881494843465
15.280000000000001  -0.004270997375010027  -0.0002803840779288546
15.3  -0.004270910448968617  -0.0002797231597539382
15.32  -0.004270724912062665  -0.00027903895776462527
15.34  -0.004270444917569019  -0.0002783346290276894
15.36  -0.004270075726073156  -0.00027761354607807947
15.38  -0.004269623617092749  -0.00027687925112654144
15.4  -0.0042690957894585164  -0.0002761354092631049
15.42  -0.004268500251940329  -0.0002753857612130882
15.44  -0.0042678457056953365  -0.00027463407613657854
15.46  -0.004267141420203479  -0.000273884104971571
15.48  -0.004266397104381607  -0.0002731395347742614
15.5  -0.004265622774613419  -0.0002724039444997466
15.52  -0.004264828621422285  -0.0002716807626329821
15.540000000000001  -0.004264024876496816  -0.00027097322706005325
15.56  -0.004263221681744906  -0.0002702843475522094
15.58  -0.004262428961977245  -0.00026961687120602234
15.6  -0.004261656302765118  -0.0002689732511588495
15.620000000000001  -0.004260912834884325  -0.0002683556188882779
15.64  -0.004260207126689084  -0.00026776576036516785
15.66  -0.00425954708559283  -0.0002672050963124144
15.68  -0.004258939869733608  -0.000266674666786606
15.700000000000001  -0.004258391810719691  -0.00026617512027543594
15.72  -0.004257908348222996  -0.0002657067074494072
15.74  -0.004257493977021263  -0.00026526927967932516
15.76  -0.004257152206917218  -0.00026486229238389903
15.780000000000001  -0.0042568855358103615  -0.0002644848131997763
15.8  -0.004256695436024206  -0.00026413553494807486
15.82  -0.004256582353833056  -0.0002638127932694706
15.84  -0.0042565457219712515  -0.0002635145887749119
15.860000000000001  -0.0042565839847498906  -0.00026323861346952795
15.88  -0.004256694635268699  -0.00026298228115915643
15.9  -0.00425687426406246  -0.00026274276147391425
15.92  -0.004257118618393772  -0.00026251701710139157
15.94  -0.00425742267129375  -0.00026230184374442323
15.96  -0.004257780699332269  -0.000262093912281577
15.98  -0.004258186368022289  -0.00026188981256581407
16.0  -0.004258632823667199  -0.00026168609825657943
16.02  -0.00425911279041635  -0.00026147933206802163
16.04  -0.00425961867121881  -0.00026126613077795077
16.06  -0.004260142651363916  -0.00026104320937646156
16.080000000000002  -0.00426067680324952  -0.00026080742371278887
16.1  -0.0042612131910494035  -0.00026055581102819777
16.12  -0.004261743973940151  -0.0002602856278096429
16.14  -0.004262261506602121  -0.00025999438441843235
16.16  -0.004262758435743471  -0.00025967987602129583
16.18  -0.004263227791471744  -0.0002593402094079705
16.2  -0.0042636630724022465  -0.0002589738253458088
16.22  -0.004264058323500651  -0.00025857951619904455
16.240000000000002  -0.004264408205745152  -0.00025815643862391697
16.26  -0.004264708056822901  -0.0002577041212152983
16.28  -0.004264953942185861  -0.0002572224670930243
16.3  -0.004265142695938346  -0.0002567117514606347
16.32  -0.004265271951149949  -0.00025617261427930867
16.34  -0.004265340159348524  -0.0002556060482374158
16.36  -0.004265346599074564  -0.00025501338229270265
16.38  -0.0042652913735331905  -0.00025439626110262156
16.4  -0.004265175397521519  -0.0002537566207268953
16.42  -0.004265000373943399  -0.00025309666100254395
16.44  -0.004264768760363517  -0.00025241881505029773
16.46  -0.004264483726169867  -0.00025172571637921057
16.48  -0.004264149101039933  -0.0002510201640788643
16.5  -0.004263769315499044  -0.00025030508658876473
16.52  -0.00426334933446565  -0.00024958350453479925
16.54  -0.004262894584749986  -0.0002488584931195848
16.56  -0.004262410877541256  -0.00024813314452974174
16.580000000000002  -0.004261904326964711  -0.0002474105308061722
16.6  -0.004261381265841227  -0.0002466936675945716
16.62  -0.004260848159770125  -0.0002459854791804692
16.64  -0.00426031152069941  -0.000245288765157143
16.66  -0.004259777821104703  -0.0002446061690579063
16.68  -0.004259253409886303  -0.000243940149262099
16.7  -0.004258744431056876  -0.0002432929524151076
16.72  -0.00425825674621678  -0.00024266658960929628
16.740000000000002  -0.004257795861784862  -0.00024206281551337078
16.76  -0.004257366861831679  -0.00024148311061338333
16.78  -0.004256974347313787  -0.0002409286667014336
16.8  -0.004256622382384215  -0.00024040037571458232
16.82  -0.004256314448369069  -0.00023989882199121923
16.84  -0.004256053405884937  -0.00023942427799554392
16.86  -0.004255841465452365  -0.00023897670351563004
16.88  -0.004255680166871351  -0.00023855574833196703
16.9  -0.0042555703674786345  -0.0002381607582951617
16.92  -0.004255512239314431  -0.0002377907847604516
16.94  -0.004255505275104982  -0.00023744459725683086
16.96  -0.004255548302859914  -0.00023712069927050603
16.98  -0.004255639508777849  -0.00023681734696466393
17.0  -0.004255776468057397  -0.00023653257065219907
17.02  -0.004255956183117991  -0.00023626419878372063
17.04  -0.0042561751286457365  -0.00023600988420155195
17.06  -0.0042564293028137055  -0.00023576713236542668
17.080000000000002  -0.004256714283949852  -0.00023553333124117203
17.1  -0.004257025291872571  -0.00023530578251222233
17.12  -0.004257357253062838  -0.00023508173374494137
17.14  -0.004257704868821927  -0.00023485841113953312
17.16  -0.004258062685510039  -0.00023463305246166505
17.18  -0.00425842516597227  -0.00023440293975348736
17.2  -0.0042587867612403005  -0.00023416543142217722
17.22  -0.004259141981612035  -0.00023391799329380934
17.240000000000002  -0.004259485466221051  -0.00023365822824163672
17.26  -0.004259812050250416  -0.00023338390401120578
17.28  -0.0042601168289634435  -0.00023309297887432997
17.3  -0.004260395217792161  -0.00023278362477901381
17.32  -0.004260643007759827  -0.00023245424771901348
17.34  -0.004260856415601953  -0.00023210350503718769
17.36  -0.004261032127993503  -0.00023173031946333868
17.38  -0.0042611673394017885  -0.00023133388971469104
17.400000000000002  -0.004261259783132782  -0.0002309136975423351
17.42  -0.004261307755256887  -0.00023046951115902664
17.44  -0.004261310131174415  -0.0002300013850363412
17.46  -0.004261266374684863  -0.00022950965611081208
17.48  -0.0042611765395139545  -0.0002289949365021814
17.5  -0.004261041263341594  -0.00022845810287028376
17.52  -0.004260861754497556  -0.00022790028261934656
17.54  -0.004260639771533644  -0.0002273228371645269
17.56  -0.004260377596026418  -0.0002267273425433102
17.580000000000002  -0.004260077998992758  -0.0002261155676667776
17.6  -0.0042597442014311385  -0.0002254894505419741
17.62  -0.004259379829522971  -0.00022485107280804912
17.64  -0.004258988865131451  -0.00022420263295911346
17.66  -0.004258575592268051  -0.00022354641861238735
17.68  -0.004258144540243328  -0.00022288477820638048
17.7  -0.004257700424269445  -0.00022222009247658376
17.72  -0.004257248084279901  -0.00022155474609469368
17.740000000000002  -0.004256792422786705  -0.00022089109978787287
17.76  -0.004256338342547201  -0.00022023146328331263
17.78  -0.0042558906848638  -0.0002195780693727796
17.8  -0.004255454169276323  -0.0002189330493764086
17.82  -0.004255033335401575  -0.00021829841025710099
17.84  -0.0042546324876433575  -0.00021767601361950546
17.86  -0.004254255643429063  -0.0002170675567593523
17.88  -0.004253906485604382  -0.00021647455595822984
17.900000000000002  -0.004253588319530588  -0.00021589833212749723
17.92  -0.00425330403537677  -0.0002153399989275757
17.94  -0.004253056076021338  -0.00021480045341654456
17.96  -0.004252846410905191  -0.00021428036928115146
17.98  -0.004252676516089712  -0.00021378019266987875
18.0  -0.004252547360698827  -0.00021330014061808123
18.02  -0.0042524593998412834  -0.00021284020202520668
18.04  -0.0042524125740146836  -0.00021240014114187235
18.06  -0.004252406314929553  -0.0002119795034790544
18.080000000000002  -0.004252439557593598  -0.0002115776240426264
18.1  -0.004252510758434948  -0.00021119363777509395
18.12  -0.004252617919159469  -0.00021082649206668374
18.14  -0.004252758615978627  -0.00021047496118280673
18.16  -0.004252930033777571  -0.0002101376624364
18.18  -0.004253129004742593  -0.0002098130739104601
18.2  -0.004253352050911704  -0.0002094995535428108
18.22  -0.00425359543007863  -0.00020919535934454416
18.240000000000002  -0.0042538551844492215  -0.00020889867054015303
18.26  -0.004254127191406817  -0.00020860760937425616
18.28  -0.004254407215750658  -0.00020832026336173998
18.3  -0.004254690962743647  -0.00020803470771220411
18.32  -0.004254974131312014  -0.00020774902768673552
18.34  -0.00425525246674466  -0.00020746134062496209
18.36  -0.004255521812253842  -0.00020716981738917994
18.38  -0.004255778158787227  -0.00020687270298221338
18.400000000000002  -0.00425601769249398  -0.00020656833608848426
18.42  -0.004256236839302831  -0.0002062551673227677
18.44  -0.004256432306099256  -0.00020593177595015457
18.46  -0.0042566011180333345  -0.00020559688490594762
18.48  -0.004256740651555863  -0.00020524937391767288
18.5  -0.0042568486628179626  -0.0002048882905909354
18.52  -0.004256923311149741  -0.00020451285932671944
18.54  -0.004256963177373558  -0.00020412248797408014
18.56  -0.0042569672767935485  -0.0002037167721536958
18.580000000000002  -0.004256935066752711  -0.00020329549721471047
18.6  -0.004256866448724425  -0.0002028586378299503
18.62  -0.004256761764972276  -0.0002024063552481224
18.64  -0.0042566217898714126  -0.00020193899227667113
18.66  -0.00425644771605626  -0.00020145706608418624
18.68  -0.004256241135612019  -0.00020096125894851827
18.7  -0.004256004016592651  -0.00020045240709504165
18.72  -0.004255738675206246  -0.00019993148781457328
18.740000000000002  -0.004255447744042543  -0.00019939960503952223
18.76  -0.004255134136780676  -0.00019885797360997127
18.78  -0.004254801009842593  -0.00019830790245180556
18.8  -0.004254451721494542  -0.00019775077690880856
18.82  -0.004254089788928451  -0.00019718804047420986
18.84  -0.004253718843864229  -0.00019662117617702947
18.86  -0.004253342587246207  -0.00019605168785372725
18.88  -0.004252964743590649  -0.00019548108158091667
18.900000000000002  -0.0042525890155538084  -0.0001949108474661311
18.92  -0.0042522190392788786  -0.0001943424420436168
18.94  -0.004251858341061189  -0.00019377727146923355
18.96  -0.004251510295852951  -0.00019321667572051477
18.98  -0.004251178088093882  -0.00019266191395237738
19.0  -0.004250864675330543  -0.00019211415117212995
19.02  -0.004250572755037298  -0.0001915744463632399
19.04  -0.004250304735001314  -0.00019104374215242947
19.06  -0.004250062707612287  -0.00019052285611718636
19.080000000000002  -0.004249848428309202  -0.00019001247378330792
19.1  -0.004249663298405245  -0.00018951314335204165
19.12  -0.004249508352448798  -0.00018902527217948262
19.14  -0.004249384250216278  -0.00018854912499420887
19.16  -0.0042492912733751555  -0.000188084823834661
19.18  -0.004249229326798489  -0.00018763234966068622
19.2  -0.00424919794445688  -0.00018719154558205698
19.22  -0.004249196299742756  -0.00018676212162594438
19.240000000000002  -0.0042492232200607456  -0.0001863436609560825
19.26  -0.00424927720542636  -0.00018593562743432154
19.28  -0.0042493564508025335  -0.00018553737442830932
19.3  -0.004249458871848304  -0.00018514815471759577
19.32  -0.004249582133712558  -0.00018476713138623426
19.34  -0.004249723682482201  -0.00018439338955613988
19.36  -0.0042498807788621425  -0.00018402594881363642
19.38  -0.004250050533648948  -0.00018366377617797208
19.400000000000002  -0.004250229944532953  -0.0001833057994689762
19.42  -0.004250415933766431  -0.00018295092090540627
19.44  -0.004250605386239047  -0.00018259803078904705
19.46  -0.004250795187464578  -0.00018224602111210182
19.48  -0.00425098226104894  -0.0001818937989315042
19.5  -0.004251163605177445  -0.0001815402993686295
19.52  -0.004251336327696144  -0.00018118449808401265
19.54  -0.004251497679379325  -0.00018082542307528668
19.56  -0.004251645085016568  -0.00018046216568809784
19.580000000000002  -0.0042517761719677895  -0.00018009389069686293
19.6  -0.004251888795870315  -0.00017971984535101993
19.62  -0.004251981063247512  -0.00017933936728780882
19.64  -0.0042520513507667106  -0.00017895189121367507
19.66  -0.004252098320980269  -0.00017855695429760357
19.68  -0.004252120934395495  -0.00017815420020573808
19.7  -0.0042521184577831985  -0.00017774338174508022
19.72  -0.0042520904686835165  -0.00017732436209526629
19.740000000000002  -0.004252036856094954  -0.00017689711461680799
19.76  -0.004251957817398721  -0.00017646172126195429
19.78  -0.004251853851605078  -0.00017601836961726427
19.8  -0.004251725749053701  -0.0001755673486243094
19.82  -0.004251574577736975  -0.00017510904306051078
19.84  -0.004251401666468206  -0.00017464392685542817
19.86  -0.004251208585122769  -0.00017417255534837563
19.88  -0.004250997122248165  -0.000173695556610129
19.900000000000002  -0.004250769260345122  -0.00017321362194175441
19.92  -0.004250527149141547  -0.00017272749570415124
19.94  -0.004250273077223698  -0.00017223796461843894
19.96  -0.004250009442385221  -0.00017174584668839762
19.98  -0.004249738721067747  -0.00017125197989927026
20.0  -0.004249463437290014  -0.0001707572108540011
