0.02  -0.02161850598624307  0.0018855739416905228
0.04  -0.06563827483631061  0.0032663550885117048
0.06  -0.10400836986353378  0.004309609259600968
0.08  -0.13779715472336068  0.004609920975250605
0.1  -0.16759461026705977  0.004486506338593578
0.12  -0.193801913615613  0.004139088133209608
0.14  -0.21671399323952825  0.003685479674951017
0.16  -0.23656484779187417  0.003194975696832477
0.18  -0.25355947604503337  0.002710074573911305
0.2  -0.26788629036612865  0.002253332488906061
0.22  -0.2797225350917903  0.0018348180810570873
0.24  -0.28923732484489234  0.0014578730491891223
0.26  -0.2965931629021549  0.0011225984557400718
0.28  -0.3019463811466785  0.0008281440545952761
0.3  -0.3054472192505487  0.0005741146458315826
0.32  -0.3072399261933115  0.00036120492413504795
0.34  -0.30746306418755054  0.00019110916193698592
0.36  -0.30625003754298524  6.587771485459348e-05
0.38  -0.303729769665783  -1.2979858147405226e-05
0.4  -0.3000274085622439  -4.530543851322642e-05
0.42  -0.29526492223346146  -3.275099146148822e-05
0.44  -0.2895614333162143  2.1218848231010752e-05
0.46  -0.2830331881804691  0.00011169470703718213
0.48  -0.2757931810700494  0.00023285596400137516
0.5  -0.26795057498516417  0.000378475404927953
0.52  -0.2596101105522944  0.0005422981510052
0.54  -0.25087178612244515  0.0007182771214061389
0.56  -0.2418309062959098  0.0009007137543377852
0.58  -0.23257772933891932  0.0010843471083417685
0.6  -0.22319692673227148  0.0012643550280810277
0.62  -0.21376736854046277  0.0014363072354109923
0.64  -0.2043619340173164  0.0015961421435746101
0.66  -0.19504730407179482  0.0017401428183880228
0.68  -0.18588375141795616  0.0018649011703918963
0.7000000000000001  -0.1769249360239473  0.0019672866798905535
0.72  -0.168217728582585  0.0020444346443781133
0.74  -0.15980209028663703  0.002093768481725326
0.76  -0.15171103474019262  0.0021130654236697455
0.78  -0.1439706974886918  0.002100562533594688
0.8  -0.13660053645228507  0.0020550855727085875
0.8200000000000001  -0.12961367464129123  0.001976166192408042
0.84  -0.12301737145874742  0.0018640908171489502
0.86  -0.11681358514024962  0.0017197952573675351
0.88  -0.11099953742898036  0.0015444397545612218
0.9  -0.10556779862345177  0.0013386241788348545
0.92  -0.10050382051909852  0.0011023215200654558
0.9400000000000001  -0.09577546438778932  0.0008394017036625534
0.96  -0.09130954967199409  0.0005645516812057842
0.98  -0.08701956192745475  0.00028944518471708206
1.0  -0.08296416808386152  2.552817332173579e-06
1.02  -0.07920576044733961  -0.0002843837948765288
1.04  -0.07572945959995535  -0.0005536027142221973
1.06  -0.07250210263656671  -0.000798015054111442
1.08  -0.06949214001608683  -0.0010156890511709192
1.1  -0.06667214220690061  -0.0012062611030418812
1.12  -0.06401829198083157  -0.0013697602220554717
1.1400000000000001  -0.06150968221610762  -0.0015063212235221061
1.16  -0.05912782924829209  -0.0016161748675852345
1.18  -0.05685638390284343  -0.0016997038974863369
1.2  -0.05468096594842917  -0.0017574956196945318
1.22  -0.05258906118078878  -0.0017903722010916814
1.24  -0.050569941826188534  -0.0017993979363424648
1.26  -0.0486145882177389  -0.00178586847393755
1.28  -0.04671560132942728  -0.0017512878476840413
1.3  -0.04486710274156029  -0.0016973383325644875
1.32  -0.043064622419619634  -0.0016258469228753992
1.34  -0.04130497645765505  -0.0015387510953401159
1.36  -0.03958613749067094  -0.0014380655989677863
1.3800000000000001  -0.037907100398260736  -0.0013258512847426655
1.4000000000000001  -0.03626774560157305  -0.0012041864146882474
1.42  -0.03466870193370964  -0.0010751404806128378
1.44  -0.03311121081740434  -0.0009407503420285103
1.46  -0.03159699329119717  -0.0008029984432840265
1.48  -0.03012812125118977  -0.000663792930660305
1.5  -0.02870689411369419  -0.0005249495915195647
1.52  -0.027335721968103164  -0.0003881756285434655
1.54  -0.026017016188012002  -0.00025505533871552445
1.56  -0.024753088393545376  -0.00012703778575198646
1.58  -0.02354605858859101  -5.426543921099403e-06
1.6  -0.022397773215281958  0.00010862843762872725
1.62  -0.021309733767928163  0.00021413683502634096
1.6400000000000001  -0.020283036491453993  0.00031027182911531095
1.6600000000000001  -0.01931832355914307  0.00039637190048254385
1.68  -0.018415745987307913  0.0004719405930986925
1.7  -0.017574938406175404  0.0005366443195599671
1.72  -0.01679500565336111  0.0005903082996117873
1.74  -0.016074520979719453  0.0006329107308100035
1.76  -0.015411535503351614  0.0006645753087960496
1.78  -0.014803598399612553  0.0006855622611512246
1.8  -0.014247787100948739  0.0006962580291453766
1.82  -0.013740746669404473  0.0006971637255965889
1.84  -0.013278737382626592  0.0006888825597056824
1.86  -0.012857689438380664  0.0006721064136084306
1.8800000000000001  -0.012473263582795236  0.000647601759521989
1.9000000000000001  -0.012120916388640853  0.0006161951175767339
1.92  -0.011795968859218027  0.0005787582637802387
1.94  -0.011493677008517089  0.000536193401153604
1.96  -0.011209303069986562  0.0004894185054778716
1.98  -0.010938186015648273  0.0004393530518075013
2.0  -0.010675810118841068  0.00038690431512561867
2.02  -0.010417870354271056  0.0003329544204411858
2.04  -0.010160333493764762  0.00027834832274476417
2.06  -0.009899493871377178  0.00022388290001422293
2.08  -0.009632022957850489  0.00017029727389699967
2.1  -0.009355012008567913  0.00011826443767432683
2.12  -0.009066007159613955  6.838428737279792e-05
2.14  -0.00876303649401986  2.117813079985896e-05
2.16  -0.008444628764810285  -2.291528152657303e-05
2.18  -0.008109823630386395  -6.354216902027237e-05
2.2  -0.00775817340895752  -0.00010043457247578422
2.22  -0.007389736500188947  -0.00013340968749346214
2.24  -0.007005062758076122  -0.00016236772968711836
2.2600000000000002  -0.006605171221346232  -0.00018728838869617288
2.2800000000000002  -0.006191520741978281  -0.00020822597154849387
2.3000000000000003  -0.005765974184489492  -0.0002253033657643446
2.32  -0.005330756969521352  -0.00023870496280689732
2.34  -0.004888410802862366  -0.0002486686912439241
2.36  -0.004441743485039709  -0.0002554773436829255
2.38  -0.003993775765540267  -0.000259449405493734
2.4  -0.0035476862396682926  -0.0002609295892789583
2.42  -0.0031067552844443415  -0.0002602792803522126
2.44  -0.002674309011727676  -0.0002578670943673352
2.46  -0.0022536641703633587  -0.00025405973857385794
2.48  -0.0018480748651004209  -0.0002492133651017062
2.5  -0.0014606818930297683  -0.00024366558930228425
2.52  -0.0010944654150596646  -0.0002377283182450826
2.54  -0.0007522015835422606  -0.00023168150704072502
2.56  -0.00043642364579108165  -0.00022576793194900954
2.58  -0.00014938793995083544  -0.00022018904030596015
2.6  0.00010695490154806779  -0.0002151019088429557
2.62  0.00033098333983546833  -0.00021061730361025295
2.64  0.0005214228095678205  -0.0002067988246812611
2.66  0.0006773580558029732  -0.00020366310635022312
2.68  0.0007982400065888674  -0.0002011809941955987
2.7  0.0008838873433207337  -0.00019927962472326912
2.72  0.0009344829887755731  -0.0001978453287316468
2.74  0.0009505657925540632  -0.00019672726587550792
2.7600000000000002  0.0009330177457229202  -0.00019574168965026968
2.7800000000000002  0.0008830470972737816  -0.0001946767362922301
2.8000000000000003  0.0008021677747532571  -0.0001932976244516513
2.82  0.0006921755293960567  -0.00019135214375012394
2.84  0.0005551212254365232  -0.00018857629469509323
2.86  0.00039328167907172387  -0.00018469990620466657
2.88  0.0002091284412801082  -0.00017945204268808134
2.9  5.2949630064405215e-06  -0.00017256608405586706
2.92  -0.00021545724670583855  -0.00016378457561706968
2.94  -0.00045027268092289255  -0.0001528640448561746
2.96  -0.0006962355007462387  -0.00013957969857705517
2.98  -0.0009504026244008443  -0.00012372976925754985
3.0  -0.0012098361193951068  -0.00010513948604327938
3.02  -0.0014716345857229264  -8.366468987920878e-05
3.04  -0.0017329631394238498  -5.919500356810941e-05
3.06  -0.0019910816455837284  -3.165646024638096e-05
3.08  -0.0022433708876647075  -1.013526017778067e-06
3.1  -0.0024873563817694646  3.27295234225488e-05
3.12  -0.0027207295773565817  6.952788563130993e-05
3.14  -0.0029413662312143428  0.00010929616252971792
3.16  -0.003147341791447435  0.00015190891217400427
3.18  -0.0033369436796339483  0.00019720178466342997
3.2  -0.0035086804116663374  0.0002449732012300607
3.22  -0.0036612875509185417  0.0002949865331102609
3.24  -0.0037937305403718193  0.0003469727350752512
3.2600000000000002  -0.0039052045123204654  0.00040063338790848253
3.2800000000000002  -0.0039951312266043905  0.00045564410685825483
3.3000000000000003  -0.004063153341398642  0.0005116582777350063
3.3200000000000003  -0.004109126262310598  0.0005683110753201874
3.34  -0.004133107830292589  0.0006252237006111126
3.36  -0.004135346122638937  0.0006820077762804047
3.38  -0.00411626567741728  0.0007382698560337397
3.4  -0.004076452472729152  0.0007936160022667706
3.42  -0.0040166379851623215  0.0008476563773915661
3.44  -0.003937682635745994  0.0009000097896788961
3.46  -0.0038405589159828135  0.0009503081370787768
3.48  -0.003726334472406098  0.0009982006898893105
3.5  -0.0035961553995206967  0.001043358151861089
3.52  -0.0034512299645487123  0.0010854764422406358
3.54  -0.0032928129593742406  0.0011242801420305447
3.56  -0.0031221908450484856  0.0011595255502842997
3.58  -0.002940667824789259  0.001191003300355717
3.6  -0.0027495529531354  0.001218540491476946
3.62  -0.0025501483623730716  0.0012420022981628638
3.64  -0.002343738662864376  0.0012612930287180294
3.66  -0.0021315815512343277  0.0012763566151212278
3.68  -0.0019148996370292894  0.0012871765295385358
3.7  -0.0016948734724451177  0.0012937751321726002
3.72  -0.001472635753099851  0.0012962124534342534
3.74  -0.001249266667291882  0.0012945844221105016
3.7600000000000002  -0.0010257903621968497  0.0012890205929878633
3.7800000000000002  -0.0008031724454489932  0.0012796814433781029
3.8000000000000003  -0.0005823184258960065  0.001266755287611944
3.8200000000000003  -0.0003640730111612385  0.0012504548622614047
3.84  -0.0001492201756229201  0.0012310136524819608
3.86  6.151609962108543e-05  0.0012086820373788804
3.88  0.00026747052024556376  0.0011837233326161703
3.9  0.00046803471343795366  0.0011564098070213369
3.92  0.0006626551115633227  0.0011270187478243383
3.94  0.0008508305886241404  0.0010958286455532058
3.96  0.001032109954955578  0.0010631155607386104
3.98  0.0012060894052742463  0.0010291497438122694
4.0  0.0013724100034150678  0.0009941925440757242
4.0200000000000005  0.0015307552911204302  0.0009584936629163503
4.04  0.0016808490860226702  0.000922288780575035
4.0600000000000005  0.001822453527835218  0.0008857975832860705
4.08  0.001955367417091175  0.000849222206224419
4.1  0.002079424878690472  0.0008127460982764035
4.12  0.002194494369032856  0.0007765333062464648
4.14  0.0023004780320487737  0.0007407281676354005
4.16  0.0023973113964157874  0.000705455393381988
4.18  0.002484963393879385  0.0006708205150107497
4.2  0.0025634366671214936  0.0006369106645940554
4.22  0.002632768125278086  0.0006037956508467006
4.24  0.0026930296962409425  0.0005715292905990349
4.26  0.0027443292173736835  0.0005401509518327665
4.28  0.002786811400522027  0.0005096872624359102
4.3  0.0028206588031165544  0.0004801539378186309
4.32  0.0028460927349430744  0.00045155768047400006
4.34  0.0028633740296031556  0.0004238981054006444
4.36  0.002872803610922968  0.0003971696470884506
4.38  0.002874722787642636  0.00037136340634003496
4.4  0.002869513214578711  0.00034646889850405236
4.42  0.002857596464822148  0.00032247566841282457
4.44  0.002839433165060578  0.00029937474155255106
4.46  0.0028155216547795115  0.00027715988562159225
4.48  0.0027863961397617  0.0002558286616540916
4.5  0.002752624320736908  0.00023538324915016716
4.5200000000000005  0.0027148044890348178  0.00021583103508737364
4.54  0.0026735620926921647  0.0001971849623898745
4.5600000000000005  0.0026295457877565888  0.00017946363847143494
4.58  0.0025834229994449566  0.00016269120731726252
4.6000000000000005  0.0025358750311355134  0.0001468969977074534
4.62  0.002487591767330265  0.0001321149614188827
4.64  0.0024392660264051643  0.00011838291893298642
4.66  0.0023915876284528797  0.00010574163535833841
4.68  0.002345237250668995  9.423375206135505e-05
4.7  0.0023008801487165286  8.390260143444243e-05
4.72  0.002259159827135452  7.479093375309232e-05
4.74  0.0022206917451017775  6.693958622282995e-05
4.76  0.002186057145625168  6.038612495199667e-05
4.78  0.002155797096448748  5.5163490663752575e-05
4.8  0.0021304068296631637  5.1298678341233766e-05
4.82  0.002110330464241145  4.881147984295059e-05
4.84  0.0020959561915001234  4.771331679372798e-05
4.86  0.0020876119979851603  4.8006188836419226e-05
4.88  0.002085561994149559  4.968175948339879e-05
4.9  0.00209000341058387  5.2720599162249814e-05
4.92  0.002101064308563739  5.709160424518554e-05
4.94  0.002118802034642918  6.27516061364938e-05
4.96  0.002143202464652731  6.964517659554113e-05
4.98  0.002174180059327184  7.770463397940638e-05
5.0  0.0022115787287546942  8.685025392749177e-05
5.0200000000000005  0.0022551735032333344  9.699068533267503e-05
5.04  0.0023046729965557973  0.00010802356600950926
5.0600000000000005  0.0023597226356356867  0.000119836328820408
5.08  0.0024199086192291407  0.0001323071857571907
5.1000000000000005  0.0024847625584143982  0.00014530627472220966
5.12  0.0025537667428718303  0.00015869695501297305
5.14  0.0026263599682028573  0.00017233722814128118
5.16  0.002701943851725284  0.00018608126210801088
5.18  0.0027798895575022013  0.00019978099734433878
5.2  0.002859544846659211  0.0002132878095513016
5.22  0.0029402413650039053  0.00022645420413995175
5.24  0.0030213020772559486  0.000239135516744963
5.26  0.003102048755753579  0.00025119159441545555
5.28  0.003181809431366784  0.00026248843259652654
5.3  0.003259925715592993  0.0002728997439943496
5.32  0.0033357599052245843  0.00028230843664638034
5.34  0.0034087017846485923  0.0002906079801940437
5.36  0.0034781750455750576  0.0002977036412486801
5.38  0.003543643249770926  0.00030351357097542844
5.4  0.003604615267052325  0.00030796973044772044
5.42  0.003660650128368439  0.000311018641914245
5.44  0.0037113612422511573  0.0003126219569484351
5.46  0.0037564199319479663  0.0003127568353897117
5.48  0.0037955582593082  0.0003114161314894452
5.5  0.0038285711104722618  0.000308608386355319
5.5200000000000005  0.0038553175290071736  0.0003043576288706091
5.54  0.0038757212925163826  0.000298702989268062
5.5600000000000005  0.0038897707379127633  0.00029169813154172295
5.58  0.003897517849774247  0.00028341051392871626
5.6000000000000005  0.0038990766353268506  0.0002739204898170325
5.62  0.003894620818168851  0.00026332026400860165
5.64  0.0038843808907542193  0.0002517127212119777
5.66  0.0038686405728790524  0.0002392101448817843
5.68  0.0038477327299371858  0.0002259328452601244
5.7  0.003822034810366637  0.00021200771593259883
5.72  0.0037919638665797036  0.00019756673842180408
5.74  0.0037579712278267936  0.00018274545465444164
5.76  0.003720536896312328  0.00016768142728012118
5.78  0.0036801637396265035  0.00015251270745494052
5.8  0.0036373715535609153  0.00013737632912448988
5.82  0.0035926910692940794  0.00012240684808968475
5.84  0.003546657977915273  0.00010773494308476182
5.86  0.003499807043232554  9.348609481898631e-05
5.88  0.003452666371041733  7.9779357475075e-05
5.9  0.0034057518993341074  6.672623553294528e-05
5.92  0.0033595621695439257  5.4429677050725424e-05
5.94  0.003314573433902847  4.298319269527097e-05
5.96  0.0032712351482856185  3.247010791928453e-05
5.98  0.0032299658937969974  2.2962953755232494e-05
6.0  0.0031911497638235278  1.4522999733409685e-05
6.0200000000000005  0.0031551332464052713  7.1999305117403565e-06
6.04  0.0031222226247783133  1.0316659213015244e-06
6.0600000000000005  0.003092681911813152  -3.9556776566850645e-06
6.08  0.0030667313268911735  -7.747688292003747e-06
6.1000000000000005  0.003044546316552358  -1.0341427308389168e-05
6.12  0.0030262571134207217  -1.1745072984506612e-05
6.140000000000001  0.003011948821475956  -1.1977447647019073e-05
6.16  0.0030016620095947646  -1.1067437702272506e-05
6.18  0.002995393789424489  -9.05331719090765e-06
6.2  0.0029930993483313385  -5.981986318342547e-06
6.22  0.002994693903170138  -1.9081373530506008e-06
6.24  0.0030000550365674814  3.106637859400885e-06
6.26  0.00300902537520126  8.994787471546293e-06
6.28  0.00302141556383943  1.568377203043904e-05
6.3  0.0030370074900187664  2.309705437624046e-05
6.32  0.003055557711481771  3.115509460471441e-05
6.34  0.003076801037418914  3.977633668517572e-05
6.36  0.0031004542150257497  4.887817369556653e-05
6.38  0.003126219673592767  5.8377879334540106e-05
6.4  0.0031537892796102704  6.819349422100118e-05
6.42  0.0031828480582469882  7.824465650233396e-05
6.44  0.0032130778389517856  8.84533673852936e-05
6.46  0.003244160785704793  9.874468347744958e-05
6.48  0.0032757827757058096  0.000109047329191859
6.5  0.0033076365937537945  0.00011929422399995003
6.5200000000000005  0.0033394249133438456  0.00012942292093041967
6.54  0.0033708630394203134  0.00013937595440695596
6.5600000000000005  0.0034016813917348066  0.0001491010972775513
6.58  0.003431627711918445  0.00015855152854386795
6.6000000000000005  0.0034604689816034027  0.00016768591492115838
6.62  0.0034879930431279613  0.0001764684107831837
6.640000000000001  0.0035140099182025056  0.0001848685826696396
6.66  0.003538352823509022  0.0001928612661650486
6.68  0.0035608788857083426  0.0002004263639572399
6.7  0.003581469561888464  0.0002075485940765684
6.72  0.003600030774616754  0.000214217197551723
6.74  0.003616492773497095  0.00022042561518542767
6.76  0.0036308097375344307  0.00022617114329648741
6.78  0.0036429591348119713  0.000231454577965591
6.8  0.003652940857926326  0.00023627985668148822
6.82  0.0036607761552540936  0.00024065370542061858
6.84  0.0036665063794709503  0.00024458529817338655
6.86  0.0036701915758184525  0.00024808593479415473
6.88  0.0036719089334405377  0.0002511687417741421
6.9  0.003671751123631137  0.0002538483992570832
6.92  0.003669824549184523  0.000256140896305807
6.94  0.003666247529062878  0.00025806331515579507
6.96  0.0036611484424394643  0.00025963364407301074
6.98  0.003654663855741762  0.0002608706174034673
7.0  0.0036469366556538003  0.00026179358057327486
7.0200000000000005  0.003638114210124821  0.00026242237718878986
7.04  0.0036283465782821684  0.00026277725493990974
7.0600000000000005  0.0036177847887431157  0.0002628787868309947
7.08  0.003606579204211776  0.0002627478042035318
7.1000000000000005  0.0035948779884043118  0.00026240533819564223
7.12  0.0035828256893978188  0.00026187256657592
7.140000000000001  0.0035705619514191196  0.00026117076346192884
7.16  0.003558220364827089  0.00026032125014134426
7.18  0.003545927461592863  0.0002593453460009932
7.2  0.0035338018610033503  0.0002582643191742925
7.22  0.0035219535678317846  0.0002570993370441549
7.24  0.0035104834228388876  0.00025587141730489937
7.26  0.0034994827031488607  0.00025460138071941186
7.28  0.0034890328677416654  0.000253309807069761
7.3  0.003479205441177909  0.00025201699584050986
7.32  0.003470062026805203  0.000250742933056003
7.34  0.003461654439180669  0.00024950726538086745
7.36  0.00345402494415005  0.00024832928218174665
7.38  0.0034472065938516098  0.0002472279057133339
7.4  0.003441223643096078  0.0002462216888930779
7.42  0.003436092033127975  0.0002453288193484688
7.44  0.0034318199287451945  0.00024456712767423355
7.46  0.0034284082949830527  0.0002439540971202113
7.48  0.003425851500073305  0.00024350687131952887
7.5  0.0034241379320661697  0.000243242256362633
7.5200000000000005  0.003423250617263747  0.0002431767133830747
7.54  0.003423167829718096  0.0002433263377426341
7.5600000000000005  0.00342386368238587  0.00024370682109723575
7.58  0.003425308691965925  0.00024433339319384744
7.6000000000000005  0.0034274703111344235  0.0002452207408200482
7.62  0.003430313423639997  0.0002463829019875987
7.640000000000001  0.003433800799456318  0.0002478331343199905
7.66  0.003437893508806159  0.0002495837576228855
7.68  0.003442551295300787  0.00025164597176459
7.7  0.0034477329096167953  0.00025402965210759483
7.72  0.0034533964061288025  0.0002567431258944794
7.74  0.003459499405595855  0.00025979293405960734
7.76  0.003465999327499102  0.00026318358406138276
7.78  0.0034728535958968875  0.00026691730043351724
7.8  0.0034800198227517374  0.00027099378088393507
7.82  0.0034874559725679294  0.00027540996668352165
7.84  0.0034951205118275907  0.00028015983660208534
7.86  0.0035029725461672595  0.00028523423334338323
7.88  0.003510971947868106  0.000290620730577806
7.9  0.003519079475925957  0.0002963035476987792
7.92  0.0035272568903697388  0.0003022635180485905
7.94  0.003535467061128533  0.0003084781140442674
7.96  0.003543674071108794  0.0003149215328511597
7.98  0.003551843313946431  0.00032156484867563675
8.0  0.00355994158555598  0.0003283762318608938
8.02  0.0035679371668261963  0.0003353212284704496
8.040000000000001  0.0035757998960456593  0.0003423630955263757
8.06  0.003583501230433073  0.00034946318702197966
8.08  0.003591014296032446  0.0003565813833160172
8.1  0.0035983139252775166  0.00036367655457797974
8.120000000000001  0.0036053766817644435  0.0003707070479216137
8.14  0.003612180872032692  0.00037763118772127615
8.16  0.0036187065444182264  0.0003844077789498913
8.18  0.0036249354755522787  0.00039099660375301574
8.2  0.0036308511458728833  0.0003973589015822532
8.22  0.0036364387064014396  0.0004034578234411208
8.24  0.003641684939783779  0.0004092588513935193
8.26  0.003646578219041581  0.00041473017560583546
8.28  0.0036511084676594313  0.00041984302271111444
8.3  0.003655267124502797  0.00042457193101104245
8.32  0.00365904711670626  0.00042889496978553083
8.34  0.003662442843208304  0.00043279390156442294
8.36  0.0036654501711379473  0.00043625428771939216
8.38  0.0036680664468168194  0.00043926553922678604
8.4  0.0036702905226019323  0.0004418209159147169
8.42  0.0036721228002721895  0.0004439174787314202
8.44  0.0036735652910263685  0.0004455560006991754
8.46  0.0036746216912079436  0.00044674084346143063
8.48  0.0036752974711276513  0.0004474798075046597
8.5  0.0036755999715027514  0.00044778396391637065
8.52  0.0036755384997911537  0.0004476674745376183
8.540000000000001  0.003675124419417534  0.00044714740766191145
8.56  0.003674371227137406  0.0004462435550998459
8.58  0.0036732946149527265  0.00044497825230852
8.6  0.003671912513135286  0.00044337620074371624
8.620000000000001  0.0036702451104033747  0.00044146429170541506
8.64  0.0036683148466944934  0.00043927143160220285
8.66  0.0036661463738979485  0.00043682836838087366
8.68  0.0036637664805614133  0.00043416751808660775
8.700000000000001  0.0036612039777584584  0.0004313227894174676
8.72  0.0036584895449364996  0.00042832940288906605
8.74  0.003655655536510271  0.00042522369991495777
8.76  0.0036527357518474704  0.0004220429362990956
8.78  0.0036497651721670624  0.0004188250556321308
8.8  0.0036467796673371597  0.0004156084412330471
8.82  0.003643815674985066  0.00041243164853483813
8.84  0.0036409098555274105  0.0004093331204511643
8.86  0.003638098729333466  0.0004063508868136693
8.88  0.003635418304318054  0.000403522247962968
8.9  0.003632903703291154  0.00040088344250625824
8.92  0.003630588801590753  0.0003984692985625843
8.94  0.0036285058872054044  0.0003963128665509571
8.96  0.003626685354036825  0.0003944450349978065
8.98  0.0036251554276470394  0.00039289414616385757
9.0  0.003623941908770894  0.0003916856452584236
9.02  0.003623067927926389  0.0003908417852545944
9.040000000000001  0.0036225537299331752  0.0003903813751371944
9.06  0.0036224165103379115  0.0003903195519653022
9.08  0.00362267030575518  0.0003906675795600142
9.1  0.0036233259285523506  0.00039143269072595846
9.120000000000001  0.0036243909390319983  0.00039261798307347186
9.14  0.0036258696499632845  0.0003942223753853716
9.16  0.0036277631606608405  0.00039624062703080105
9.18  0.0036300694179176017  0.0003986634189072414
9.200000000000001  0.0036327832998027765  0.00040147749415085984
9.22  0.003635896718147227  0.00040466585535139634
9.24  0.0036393987355906525  0.00040820801355308944
9.26  0.0036432756933294764  0.00041208028313125824
9.28  0.0036475113461914566  0.00041625611555076714
9.3  0.0036520870023108976  0.00042070646424170266
9.32  0.003656981665450098  0.00042540017223131866
9.34  0.0036621721787994696  0.0004303043737856082
9.36  0.00366763336989861  0.0004353849010200606
9.38  0.003673338196982853  0.0004406066863399189
9.4  0.003679257897748538  0.00044593415208419424
9.42  0.003685362142194514  0.00045133158023841246
9.44  0.003691619191781746  0.0004567634571718464
9.46  0.003697996067531258  0.0004621947902189031
9.48  0.003704458729740532  0.0004675913939712272
9.5  0.003710972271769348  0.00047292014471213815
9.52  0.003717501129931885  0.00047814920202302323
9.540000000000001  0.0037240093109809926  0.00048324819747902394
9.56  0.0037304606380512205  0.00048818839156124233
9.58  0.003736819015146651  0.0004929428012271166
9.6  0.003743048709359754  0.000497486301758184
9.620000000000001  0.0037491146490073583  0.0005017957072129973
9.64  0.0037549827349256924  0.0005058498340755291
9.66  0.0037606201612145292  0.0005096295526613168
9.68  0.0037659957409300086  0.0005131178304460625
9.700000000000001  0.003771080231479218  0.0005162997710303112
9.72  0.0037758466539636673  0.0005191626517180368
9.74  0.0037802706003204727  0.0005216959618932907
9.76  0.0037843305219865523  0.0005238914434513346
9.78  0.003788007993848538  0.0005257431335598556
9.8  0.003791287947540877  0.0005272474090639776
9.82  0.0037941588686238193  0.0005284030308997411
9.84  0.0037966129528607716  0.0005292111860923849
9.86  0.003798646217653867  0.0005296755241746521
9.88  0.00380025856567541  0.0005298021843499301
9.9  0.003801453798837452  0.0005295998094037085
9.92  0.003802239581852651  0.0005290795422308975
9.94  0.0038026273558501894  0.0005282550009410075
9.96  0.0038026322036615323  0.0005271422287311337
9.98  0.0038022726695393677  0.0005257596151989124
10.0  0.0038015705370872143  0.0005241277864366287
10.02  0.003800550570001778  0.0005222694622355714
10.040000000000001  0.003799240220854456  0.0005202092799587526
10.06  0.0037976693135325693  0.0005179735858252985
10.08  0.003795869705256213  0.0005155901954817246
10.1  0.0037938749341819163  0.0005130881266346354
10.120000000000001  0.0037917198585574975  0.0005104973074030746
10.14  0.0037894402931155304  0.0005078482648988817
10.16  0.003787072647971997  0.0005051717993223237
10.18  0.0037846535746954993  0.0005024986495008902
10.200000000000001  0.003782219623578275  0.0004998591562251101
10.22  0.003779806915377797  0.0004972829299235385
10.24  0.0037774508300860866  0.0004947985291369869
10.26  0.0037751857145261547  0.000492433156009676
10.28  0.0037730446099196674  0.0004902123744824852
10.3  0.0037710589999175007  0.00048815985623515927
10.32  0.0037692585791140997  0.0004862971585883232
10.34  0.003767671041612929  0.00048464353765726104
10.36  0.003766321888832954  0.00048321579903571466
10.38  0.0037652342557136136  0.0004820281870527059
10.4  0.0037644287549599195  0.00048109231282879414
10.42  0.003763923338153447  0.0004804171204037239
10.44  0.003763733172889347  0.000480008888907288
10.46  0.003763870536037134  0.00047987126818675404
10.48  0.003764344723194456  0.00048000534455031876
10.5  0.0037651619747613514  0.00048040973272890587
10.52  0.0037663254195030534  0.0004810806898467337
10.540000000000001  0.0037678350368292764  0.00048201224697987105
10.56  0.0037696876393496764  0.0004831963539176535
10.58  0.003771876877494856  0.00048462303290696193
10.6  0.0037743932681214626  0.000486280537523976
10.620000000000001  0.0037772242490561477  0.0004881555132853012
10.64  0.0037803542614253316  0.0004902331572263428
10.66  0.0037837648613745344  0.0004924973742927329
10.68  0.0037874348624265756  0.000494930929051351
10.700000000000001  0.003791340509237352  0.0004975155918761503
10.72  0.003795455682903612  0.0005002322793932751
10.74  0.0037997521373205074  0.0005030611895236123
10.76  0.00380419976532298  0.0005059819319816958
10.78  0.00380876689260897  0.0005089736554496684
10.8  0.0038134205966381656  0.000512015172934535
10.82  0.0038181270469990576  0.0005150850869133175
10.84  0.0038228518630168736  0.0005181619158945593
10.86  0.0038275604838232564  0.000521224223827184
10.88  0.003832218545572431  0.0005242507535683588
10.9  0.0038367922601801607  0.0005272205652036925
10.92  0.0038412487897155996  0.0005301131795982045
10.94  0.003845556610540558  0.0005329087269926392
10.96  0.0038496858613601957  0.0005355880999506482
10.98  0.0038536086696453822  0.0005381331093730709
11.0  0.0038572994512495592  0.0005405266417922816
11.02  0.003860735178609258  0.0005427528156544993
11.040000000000001  0.0038638956135460018  0.0005447971339046778
11.06  0.00386676350145617  0.0005466466298821644
11.08  0.003869324724473786  0.0005482900033195321
11.1  0.0038715684120590368  0.0005497177431879087
11.120000000000001  0.00387348700833004  0.0005509222341698623
11.14  0.0038750762963215557  0.0005518978437285589
11.16  0.00387633538016643  0.0005526409870801914
11.18  0.003877266626969187  0.0005531501677789373
11.200000000000001  0.003877875570781161  0.0005534259921880361
11.22  0.003878170781679886  0.0005534711567107414
11.24  0.00387816370339955  0.0005532904073326382
11.26  0.003877868463285919  0.0005528904717164438
11.28  0.0038773016585553614  0.0005522799647917664
11.3  0.003876482122947212  0.0005514692694376679
11.32  0.0038754306778143377  0.0005504703945000415
11.34  0.003874169871596302  0.0005492968129044275
11.36  0.0038727237113989413  0.0005479632831258653
11.38  0.003871117390137884  0.0005464856576008797
11.4  0.0038693770123796084  0.0005448806819384049
11.42  0.0038675293216493324  0.0005431657888734461
11.44  0.003865601431620974  0.0005413588909114304
11.46  0.003863620563237913  0.0005394781754774905
11.48  0.003861613789471905  0.0005375419061338639
11.5  0.0038596077891317948  0.0005355682330886125
11.52  0.003857628610879132  0.0005335750157675046
11.540000000000001  0.003855701448391033  0.0005315796597554732
11.56  0.003853850427490267  0.0005295989698405441
11.58  0.0038520984059322405  0.0005276490203601836
11.6  0.0038504667865534533  0.0005257450434484781
11.620000000000001  0.0038489753444451726  0.000523901335284313
11.64  0.0038476420689024468  0.0005221311798964534
11.66  0.003846483020949654  0.000520446789658505
11.68  0.0038455122073519344  0.0005188592612506117
11.700000000000001  0.0038447414720920196  0.0005173785455339361
11.72  0.0038441804063854275  0.0005160134296395497
11.74  0.0038438362783501947  0.0005147715294458729
11.76  0.0038437139834407697  0.0005136592906455771
11.78  0.0038438160167278985  0.0005126819965647165
11.8  0.003844142468027156  0.0005118437809733369
11.82  0.0038446910407773927  0.0005111476447464229
11.84  0.0038454570952858695  0.0005105954753639174
11.86  0.0038464337166532634  0.0005101880682266777
11.88  0.003847611807415399  0.0005099251492551491
11.9  0.003848980204589407  0.0005098053986436979
11.92  0.0038505258203563736  0.0005098264759048644
11.94  0.0038522338052144195  0.0005099850465812471
11.96  0.003854087731961669  0.0005102768112433499
11.98  0.0038560697984542113  0.0005106965375572373
12.0  0.003858161046667317  0.0005112380963028599
12.02  0.003860341595187855  0.0005118945022672395
12.040000000000001  0.0038625908819741785  0.0005126579609223441
12.06  0.003864887913924014  0.0005135199216654202
12.08  0.003867211519619096  0.0005144711382643049
12.1  0.003869540601486735  0.0005155017369286984
12.120000000000001  0.0038718543836231785  0.0005166012921760648
12.14  0.0038741326515558403  0.000517758910349686
12.16  0.0038763559804035628  0.0005189633203880115
12.18  0.0038785059481026484  0.0005202029710770538
12.200000000000001  0.003880565330709339  0.0005214661337737705
12.22  0.0038825182771281925  0.0005227410092811474
12.24  0.0038843504611038027  0.0005240158373550781
12.26  0.0038860492087343726  0.0005252790070891217
12.280000000000001  0.0038876036003216183  0.0005265191663596232
12.3  0.0038890045458511518  0.0005277253283946876
12.32  0.0038902448339395903  0.0005288869735656821
12.34  0.0038913191545731935  0.0005299941445561694
12.36  0.0038922240964327373  0.0005310375332101151
12.38  0.0038929581200292124  0.000532008557538621
12.4  0.003893521508238394  0.0005328994276430699
12.42  0.003893916296151359  0.0005337031995666589
12.44  0.0038941461823941005  0.0005344138164295036
12.46  0.0038942164242370962  0.0005350261365384325
12.48  0.0038941337189514337  0.0005355359485090803
12.5  0.0038939060738823047  0.0005359399737594449
12.52  0.003893542667701308  0.000536235857056256
12.540000000000001  0.0038930537052335673  0.0005364221460898203
12.56  0.0038924502680934363  0.0005364982612783144
12.58  0.0038917441632552265  0.0005364644571844051
12.6  0.0038909477714430428  0.0005363217770946257
12.620000000000001  0.0038900738970417286  0.000536072002345008
12.64  0.0038891356210054994  0.0005357175980121168
12.66  0.003888146158011499  0.0005352616565459792
12.68  0.003887118718924822  0.0005347078408079337
12.700000000000001  0.0038860663794162533  0.0005340603278232202
12.72  0.0038850019554293076  0.0005333237543841161
12.74  0.003883937886035124  0.00053250316540032
12.76  0.0038828861241064507  0.000531603965648917
12.780000000000001  0.0038818580351557604  0.0005306318753283517
12.8  0.00388086430461764  0.0005295928895643141
12.82  0.003879914853831339  0.0005284932417617996
12.84  0.003879018764961916  0.0005273393705005437
12.86  0.0038781842150943137  0.0005261378894475448
12.88  0.0038774184197747454  0.000524895559639251
12.9  0.0038767275862572888  0.0005236192633645678
12.92  0.0038761168767526394  0.0005223159788071325
12.94  0.0038755903819782662  0.0005209927546132955
12.96  0.003875151105281977  0.0005196566835735752
12.98  0.00387480095762659  0.0005183148746833824
13.0  0.003874540763615155  0.0005169744229746281
13.02  0.0038743702787284277  0.0005156423766611094
13.040000000000001  0.0038742882177861615  0.0005143257013099099
13.06  0.0038742922945725566  0.0005130312409499515
13.08  0.0038743792723864717  0.000511765676256248
13.1  0.003874545025127616  0.0005105354800907409
13.120000000000001  0.003874784608354834  0.0005093468709414114
13.14  0.003875092339561898  0.0005082057649246895
13.16  0.0038754618867403545  0.0005071177271781357
13.18  0.003875886364095313  0.0005060879235869128
13.200000000000001  0.003876358433639555  0.000505121073853554
13.22  0.0038768704112264758  0.0005042214069732943
13.24  0.003877414375454777  0.0005033926201440305
13.26  0.003877982277797828  0.0005026378421183551
13.280000000000001  0.003878566052239837  0.0005019596019140781
13.3  0.00387915772269479  0.00050135980366341
13.32  0.0038797495065026762  0.0005008397082630638
13.34  0.0038803339123526866  0.0005003999222816756
13.36  0.0038809038311121823  0.0005000403944156099
13.38  0.003881452618161542  0.0004997604195861234
13.4  0.0038819741660112293  0.0004995586505608459
13.42  0.003882462966215515  0.0004994331168085466
13.44  0.0038829141597873846  0.0004993812501203705
13.46  0.0038833235756050993  0.00049939991636745
13.48  0.0038836877565316067  0.0004994854526516698
13.5  0.0038840039732400463  0.0004996337090009654
13.52  0.0038842702259950326  0.0004998400937126593
13.540000000000001  0.0038844852348777882  0.0005000996213932888
13.56  0.0038846484191576336  0.0005004069627862369
13.58  0.00388475986672334  0.0005007564954942654
13.6  0.003884820294634851  0.0005011423547654435
13.620000000000001  0.003884831002012637  0.0005015584836435046
13.64  0.003884793816543548  0.000501998681846428
13.66  0.0038847110359689673  0.0005024566529118289
13.68  0.003884585365919023  0.0005029260492478717
13.700000000000001  0.003884419855451084  0.0005034005148814291
13.72  0.003884217831595083  0.000503873725834506
13.74  0.0038839828341224983  0.0005043394281536672
13.76  0.0038837185516601715  0.0005047914737499883
13.780000000000001  0.003883428760132497  0.000505223854267728
13.8  0.0038831172643884262  0.0005056307332669431
13.82  0.0038827878436983104  0.0005060064770396893
13.84  0.003882444201677268  0.0005063456843831843
13.86  0.0038820899210250115  0.0005066432156263523
13.88  0.0038817284233283  0.0005068942211732741
13.9  0.0038813629340581626  0.0005070941697394252
13.92  0.003880996452752366  0.0005072388763954658
13.94  0.00388063172829886  0.0005073245304170544
13.96  0.0038802712391335526  0.0005073477228324736
13.98  0.003879917178125543  0.0005073054734583144
14.0  0.0038795714418775403  0.0005071952571032475
14.02  0.003879235624133022  0.0005070150285197705
14.040000000000001  0.0038789110130046244  0.000506763245598813
14.06  0.003878598591720077  0.0005064388902387444
14.08  0.003878299042618666  0.000506041486276791
14.1  0.0038780127541560715  0.0005055711138474227
14.120000000000001  0.0038777398307014805  0.000505028419541148
14.14  0.003877480104946654  0.000504414621770508
14.16  0.0038772331527746435  0.0005037315108119516
14.18  0.0038769983104669768  0.0005029814430675667
14.200000000000001  0.0038767746941188253  0.0005021673292161415
14.22  0.003876561221184226  0.0005012926160152004
14.24  0.0038763566340090216  0.0005003612616909351
14.26  0.0038761595252382298  0.0004993777049605534
14.280000000000001  0.003875968364939142  0.0004983468279182934
14.3  0.003875781529244342  0.0004972739131297813
14.32  0.003875597330278484  0.0004961645954446824
14.34  0.003875414047075133  0.0004950248091443758
14.36  0.003875229957145873  0.0004938607311723146
14.38  0.003875043368304759  0.0004926787212731431
14.4  0.003874852650295425  0.0004914852599278649
14.42  0.003874656265738806  0.0004902868850363603
14.44  0.003874452799877356  0.0004890901282896929
14.46  0.003874240988567217  0.0004879014521789632
14.48  0.0038740197439599226  0.0004867271885543636
14.5  0.003873788177346641  0.0004855734795721549
14.52  0.003873545618620548  0.00048444622181402757
14.540000000000001  0.0038732916319057934  0.0004833510142488069
14.56  0.0038730260269183706  0.0004822931106038404
14.58  0.003872748865726897  0.00048127737659829043
14.6  0.0038724604646571967  0.0004803082523709139
14.620000000000001  0.003872161391192135  0.00047938972031082454
14.64  0.003871852455828737  0.0004785252783836058
14.66  0.0038715346989653876  0.00047771791894569006
14.68  0.003871209373002336  0.0004769701129275479
14.700000000000001  0.00387087791998829  0.00047628379920454535
14.72  0.003870541945198454  0.000475660378894161
14.74  0.0038702031871878668  0.00047510071427825016
14.76  0.0038698634849067557  0.0004746051320110259
14.780000000000001  0.0038695247425716275  0.0004741734302734443
14.8  0.003869188893010333  0.0004738048895189319
14.82  0.0038688578602617154  0.0004734982864913139
14.84  0.00386853352220049  0.0004732519112034515
14.86  0.0038682176739813284  0.00047306358661754547
14.88  0.0038679119930381716  0.00047293069080583006
14.9  0.0038676180063503865  0.0004728501814047311
14.92  0.003867337060621219  0.00047281862222529664
14.94  0.0038670702959302857  0.00047283221193601503
14.96  0.0038668186233341497  0.00047288681471625615
14.98  0.0038665827067937307  0.0004729779928734966
15.0  0.003866362949685108  0.00047310104135615415
15.02  0.0038661594860661614  0.00047325102414807037
15.040000000000001  0.0038659721767383263  0.0004734228124796446
15.06  0.0038658006100493305  0.0004736111247935859
15.08  0.0038656441072906465  0.00047381056834739504
15.1  0.0038655017324444453  0.00047401568230298727
15.120000000000001  0.0038653723059605466  0.0004742209820813508
15.14  0.0038652544221753553  0.00047442100473199804
15.16  0.0038651464699617907  0.0004746103549751185
15.18  0.0038650466561072996  0.00047478375153811836
15.200000000000001  0.0038649530309650833  0.0004749360733345273
15.22  0.0038648635158569722  0.0004750624050010341
15.24  0.0038647759317542094  0.0004751580812520378
15.26  0.0038646880287443843  0.0004752187294970636
15.280000000000001  0.0038645975158533236  0.00047524031014473486
15.3  0.0038645020907987788  0.00047521915401092465
15.32  0.003864399469298738  0.00047515199629167534
15.34  0.0038642874136066213  0.00047503600655308
15.36  0.0038641637599801937  0.00047486881427737386
15.38  0.0038640264448359905  0.00047464852954163226
15.4  0.0038638735293841436  0.00047437375849456213
15.42  0.003863703222565619  0.00047404361337225766
15.44  0.0038635139021555003  0.00047365771689492043
15.46  0.0038633041339118683  0.00047321620098192125
15.48  0.003863072688673367  0.0004727196998302072
15.5  0.0038628185573301313  0.00047216933748180524
15.52  0.0038625409635762425  0.00047156671013802085
15.540000000000001  0.0038622393743875045  0.0004709138635183031
15.56  0.0038619135081529622  0.0004702132656966238
15.58  0.0038615633403843285  0.0004694677758638582
15.6  0.0038611891069387913  0.00046868060956066563
15.620000000000001  0.0038607913046768355  0.00046785530094787197
15.64  0.0038603706894971665  0.0004669956626940816
15.66  0.0038599282716767712  0.00046610574410701155
15.68  0.003859465308466081  0.0004651897880915066
15.700000000000001  0.0038589832939076437  0.00046425218752162915
15.72  0.0038584839458636827  0.0004632974415866894
15.74  0.003857969190265321  0.00046233011260435363
15.76  0.0038574411426338957  0.00046135478377969737
15.780000000000001  0.003856902086966301  0.0004603760183057162
15.8  0.003856354452120351  0.00045939832015418503
15.82  0.003855800785876948  0.0004584260968491709
15.84  0.003855243726918957  0.000457463624445819
15.860000000000001  0.003854685975002904  0.00045651501488073423
15.88  0.003854130259662532  0.00045558418582811275
15.9  0.0038535793078174315  0.0004546748331189086
15.92  0.0038530358107105836  0.0004537904057789102
15.94  0.00385250239061914  0.0004529340836768235
15.96  0.00385198156783234  0.00045210875777922826
15.98  0.0038514757283798088  0.0004513170129808101
16.0  0.0038509870930207558  0.00045056111347892183
16.02  0.0038505176879825966  0.0004498429906585024
16.04  0.003850069317938711  0.0004491642334635167
16.06  0.003849643541674019  0.0004485260812308481
16.080000000000002  0.0038492416508532383  0.0004479294189950306
16.1  0.003848864652255272  0.0004473747752444377
16.12  0.003848513253779156  0.0004468623221810414
16.14  0.003848187854477066  0.0004463918784682179
16.16  0.0038478885387618718  0.0004459629145315159
16.18  0.0038476150749141907  0.0004455745604115491
16.2  0.0038473669178833905  0.0004452256162119385
16.22  0.003847143216342253  0.0004449145651283515
16.240000000000002  0.0038469428238575476  0.00044463958906342205
16.26  0.0038467643139769173  0.00044439858677388895
16.28  0.0038466059989659004  0.0004441891944873415
16.3  0.0038464659518668495  0.0004440088088818496
16.32  0.003846342031515449  0.0004438546122726032
16.34  0.0038462319100917314  0.0004437235998265095
16.36  0.0038461331027727077  0.00044361260856798173
16.38  0.0038460429990132237  0.000443518347899729
16.4  0.003845958894990502  0.00044343743133836496
16.42  0.0038458780267401826  0.00044336640910992524
16.44  0.0038457976035129026  0.00044330180123329456
16.46  0.0038457148409121907  0.0004432401307073672
16.48  0.0038456269933922283  0.000443177956380567
16.5  0.003845531385718845  0.0004431119051068954
16.52  0.003845425443050313  0.00044303870277570653
16.54  0.0038453067192942055  0.0004429552038289085
16.56  0.003845172923495327  0.0004428584189057098
16.580000000000002  0.0038450219439899094  0.0004427455402639743
16.6  0.003844851870145107  0.0004426139647122486
16.62  0.0038446610115169463  0.00044246131378911216
16.64  0.0038444479143069305  0.0004422854509954626
16.66  0.0038442113750359864  0.0004420844959510798
16.68  0.003843950451364239  0.00044185683538234806
16.7  0.003843664470040624  0.00044160113091928406
16.72  0.0038433530319639327  0.0004413163237298411
16.740000000000002  0.003843016014388144  0.0004410016360703316
16.76  0.0038426535702822595  0.0004406565698863111
16.78  0.003842266124915291  0.00044028090262311344
16.8  0.003841854369719411  0.0004398746804587511
16.82  0.003841419253517016  0.0004394382091863172
16.84  0.003840961971203224  0.0004389720430010844
16.86  0.003840483949982788  0.00043847697145565234
16.88  0.003839986833294468  0.0004379540048481668
16.9  0.003839472462547884  0.00043740435831550353
16.92  0.0038389428568419938  0.0004368294348865696
16.94  0.0038384001908175875  0.00043623080773761813
16.96  0.00383784677084872  0.0004356102018753086
16.98  0.003837285009781903  0.00043496947545572503
17.0  0.003836717400451594  0.0004343106009113002
17.02  0.0038361464882323707  0.00043363564604673253
17.04  0.0038355748428999846  0.00043294675523678237
17.06  0.003835005030086736  0.00043224613082639
17.080000000000002  0.003834439582652449  0.00043153601483709336
17.1  0.0038338809722880626  0.0004308186710391196
17.12  0.0038333315816822806  0.00043009636745354826
17.14  0.003832793677601071  0.0004293713593382649
17.16  0.003832269385200325  0.0004286458726881309
17.18  0.003831760663923734  0.0004279220883169115
17.2  0.003831269285291286  0.000427202126528514
17.22  0.0038307968128906775  0.0004264880324611566
17.240000000000002  0.003830344584842398  0.0004257817621329486
17.26  0.003829913698998543  0.00042508516926922723
17.28  0.003829505001072273  0.0004243999929689084
17.3  0.003829119075886221  0.0004237278462915362
17.32  0.0038287562418543074  0.0004230702058605495
17.34  0.0038284165487824633  0.0004224284025574494
17.36  0.003828099779023114  0.0004218036134143484
17.38  0.003827805451943138  0.0004211968547775874
17.400000000000002  0.0038275328316578565  0.00042060897685760104
17.42  0.0038272809378833298  0.0004200406597062869
17.44  0.0038270485597547235  0.0004194924107223638
17.46  0.0038268342723878743  0.00041896456371271385
17.48  0.003826636455932863  0.00041845727955457297
17.5  0.003826453316825374  0.00041797054845049144
17.52  0.0038262829109312353  0.0004175041937809796
17.54  0.0038261231682290616  0.0004170578775030382
17.56  0.0038259719186915083  0.00041663110702324757
17.580000000000002  0.003825826918988151  0.00041622324346963287
17.6  0.0038256858796546483  0.0004158335112319142
17.62  0.0038255464923561324  0.0004154610086374034
17.64  0.0038254064569063512  0.0004151047196050543
17.66  0.003825263507693138  0.00041476352610783174
17.68  0.0038251154392030472  0.00041443622125131584
17.7  0.0038249601303532877  0.0004141215227844757
17.72  0.0038247955673646745  0.00041381808684647016
17.740000000000002  0.003824619864946468  0.00041352452175970187
17.76  0.003824431285585602  0.0004132394016786008
17.78  0.003824228256781078  0.00041296127993790515
17.8  0.0038240093860750003  0.00041268870192413663
17.82  0.0038237734737850944  0.0004124202173450978
17.84  0.0038235195233580497  0.00041215439177801457
17.86  0.0038232467493091405  0.00041188981739519225
17.88  0.0038229545827126606  0.0004116251228096469
17.900000000000002  0.003822642674276398  0.0004113589819830962
17.92  0.0038223108950083866  0.0004110901221774571
17.94  0.0038219593345403084  0.00041081733095481234
17.96  0.0038215882971747075  0.0004105394622317143
17.98  0.0038211982957469513  0.00041025544144159047
18.0  0.0038207900434007232  0.0004099642698399209
18.02  0.003820364443398755  0.0004096650280168852
18.04  0.0038199225770907484  0.00040935687869291
18.06  0.0038194656901882245  0.00040903906886326604
18.080000000000002  0.0038189951774937588  0.0004087109313552404
18.1  0.0038185125662456086  0.00040837188587930593
18.12  0.003818019498244057  0.0004080214396299248
18.14  0.0038175177109576316  0.0004076591874937402
18.16  0.0038170090177732886  0.0004072848119026997
18.18  0.0038164952876120666  0.0004068980823731434
18.2  0.0038159784240981167  0.0004064988547588499
18.22  0.0038154603444996112  0.0004060870702154445
18.240000000000002  0.0038149429586592587  0.000405662753887053
18.26  0.003814428148125403  0.0004052260133126451
18.28  0.0038139177457225696  0.0004047770365311382
18.3  0.003813413515762223  0.00040431608986432046
18.32  0.0038129171351302654  0.0004038435153665937
18.34  0.00381243017545463  0.0004033597279059256
18.36  0.0038119540865578284  0.0004028652118666847
18.38  0.0038114901813922288  0.0004023605174544898
18.400000000000002  0.0038110396226332874  0.00040184625658645903
18.42  0.0038106034110844044  0.00040132309838392593
18.44  0.0038101823760524813  0.0004007917642522884
18.46  0.003809777167782994  0.00040025302257951925
18.48  0.0038093882520642158  0.00039970768308173507
18.5  0.0038090159070486235  0.0003991565908246533
18.52  0.0038086602223354254  0.0003986006199826033
18.54  0.003808321100303486  0.0003980406673769581
18.56  0.003807998259667629  0.0003974776458715141
18.580000000000002  0.0038076912411959913  0.0003969124776815549
18.6  0.003807399415492543  0.0003963460876818336
18.62  0.003807121992736728  0.0003957793967770988
18.64  0.0038068580342086656  0.00039521331541545563
18.66  0.003806606465451164  0.00039464873730674847
18.68  0.0038063660908585727  0.00039408653342086063
18.7  0.0038061356094856195  0.00039352754630979315
18.72  0.003805913631857628  0.0003929725848194601
18.740000000000002  0.0038056986975342124  0.00039242241921610347
18.76  0.003805489293199459  0.0003918777767650194
18.78  0.0038052838710224274  0.00039133933777433947
18.8  0.0038050808670560144  0.0003908077321266696
18.82  0.00380487871944025  0.00039028353627243694
18.84  0.0038046758861825995  0.00038976727070057205
18.86  0.0038044708623038463  0.0003892593978457151
18.88  0.00380426219615746  0.00038876032043088445
18.900000000000002  0.0038040485047445135  0.0003882703801909473
18.92  0.003803828487859458  0.000387789856970142
18.94  0.0038036009409450787  0.0003873189681355191
18.96  0.0038033647665343786  0.00038685786830525485
18.98  0.003803118984184894  0.0003864066493318967
19.0  0.003802862738846492  0.0003859653405393911
19.02  0.0038025953076107235  0.000385533909178824
19.04  0.003802316104814853  0.0003851122610975587
19.06  0.003802024685505289  0.0003847002416173664
19.080000000000002  0.0038017207472607205  0.00038429763660653097
19.1  0.003801404130416829  0.0003839041737678969
19.12  0.0038010748167380806  0.0003835195241435116
19.14  0.003800732926590251  0.0003831433038632674
19.16  0.003800378714698849  0.0003827750761462588
19.18  0.003800012564570133  0.0003824143535802267
19.2  0.0037996349816683253  0.00038206060070695926
19.22  0.003799246585458203  0.00038171323693275954
19.240000000000002  0.0037988481004115233  0.0003813716397799207
19.26  0.003798440346105633  0.00038103514849518886
19.28  0.00379802422651876  0.0003807030680286561
19.3  0.0037976007186563063  0.00038037467337202497
19.32  0.0037971708606316153  0.0003800492142711699
19.34  0.0037967357393240524  0.0003797259202704018
19.36  0.003796296477758281  0.0003794040060841145
19.38  0.0037958542223175203  0.0003790826772485591
19.400000000000002  0.0037954101299409494  0.00037876113602397
19.42  0.0037949653554217103  0.00037843858747374943
19.44  0.0037945210389452835  0.000378114245684294
19.46  0.0037940782939876925  0.0003777873400429659
19.48  0.0037936381957019436  0.0003774571215066206
19.5  0.003793201769907174  0.0003771228687999864
19.52  0.003792769982804257  0.00037678389444533713
19.54  0.00379234373150642  0.000376439550565816
19.56  0.0037919238355007116  0.0003760892343862928
19.580000000000002  0.003791511029117705  0.00037573239336108073
19.6  0.003791105955088276  0.00037536852986164106
19.62  0.003790709159249873  0.00037499720536996985
19.64  0.0037903210864622585  0.000374618044136146
19.66  0.003789942077753834  0.0003742307362448685
19.68  0.003789572368729138  0.00037383504007316813
19.7  0.0037892120892423884  0.00037343078410762064
19.72  0.003788861264321656  0.0003730178681235422
19.740000000000002  0.0037885198163132806  0.0003725962637008305
19.76  0.0037881875682047334  0.00037216601410840824
19.78  0.0037878642480681022  0.0003717272335536459
19.8  0.00378754949454434  0.0003712801058247641
19.82  0.003787242863274525  0.00037082488235595096
19.84  0.003786943834192681  0.00037036187974323273
19.86  0.0037866518195485608  0.0003698914767502501
19.88  0.0037863661725543174  0.0003694141108466387
19.900000000000002  0.0037860861965225683  0.0003689302743120358
19.92  0.003785811154355858  0.0003684405099582566
19.94  0.0037855402782726744  0.000367945406506545
19.96  0.003785272779616416  0.00036744559366197656
19.98  0.0037850078586273636  0.0003669417369234392
20.0  0.0037847447140450328  0.00036643453218094564
