0.02  -0.03539986799722238  0.0014048668018506582
0.04  -0.07734278973827566  0.0023557485951513214
0.06  -0.11413129074634348  0.0027350219335517873
0.08  -0.14659575281614834  0.002751154325049579
0.1  -0.17527492150516963  0.002554866345325951
0.12  -0.2005345903705013  0.0022285907158060172
0.14  -0.2226494138257304  0.0018195395995496107
0.16  -0.2418068619753407  0.0013700763026756248
0.18  -0.2581388260635473  0.0009269398204868433
0.2  -0.2718703568973005  0.0004899145320105213
0.22  -0.28320281151094384  5.2039771728210966e-05
0.24  -0.29229393779387064  -0.0003832014118081437
0.26  -0.2992945220124116  -0.0008124551058926925
0.28  -0.3043500645189222  -0.0012324719561833488
0.3  -0.30760150305693007  -0.0016399793122307842
0.32  -0.3091859486955268  -0.002031660984260894
0.34  -0.30923735018535636  -0.0024041955688977215
0.36  -0.30788699583124557  -0.0027542908754571525
0.38  -0.30526377830446455  -0.003078674479505594
0.4  -0.3014941668570152  -0.00337405197606339
0.42  -0.2967018735208658  -0.0036370889698232878
0.44  -0.2910072746596163  -0.0038644664906290482
0.46  -0.2845267204489645  -0.0040530057072902725
0.48  -0.2773718856618754  -0.004199801682720928
0.5  -0.2696492664551698  -0.0043022908198419845
0.52  -0.2614597834660974  -0.004358325163252371
0.54  -0.2528982829731367  -0.004366840659995329
0.56  -0.24405337904363  -0.004328733058663844
0.58  -0.23500830317295074  -0.0042458993435925615
0.6  -0.22584110914080338  -0.00412065985620586
0.62  -0.2166243021365567  -0.003955891049941538
0.64  -0.20742465594235243  -0.00375497476966006
0.66  -0.19830309643377814  -0.0035216836386119037
0.68  -0.189314633417464  -0.0032600247616853617
0.7000000000000001  -0.1805082953998072  -0.0029740809239749144
0.72  -0.17192706966582166  -0.0026678688742995753
0.74  -0.16360787347370065  -0.002345235523360357
0.76  -0.15558157925537028  -0.0020098041356367553
0.78  -0.14787310167376935  -0.0016649700251315654
0.8  -0.14050153842262672  -0.0013139438313672226
0.8200000000000001  -0.13348045832024388  -0.0009598803522936019
0.84  -0.12681859832592068  -0.0006060414526926292
0.86  -0.1205203866553124  -0.0002555113284969724
0.88  -0.11458623688318756  8.924352796775429e-05
0.9  -0.1090133114505848  0.0004267947022423633
0.92  -0.1037947628934957  0.000757764193338135
0.9400000000000001  -0.09890303312405928  0.0010874341243161533
0.96  -0.09423697170191937  0.0014183051632216661
0.98  -0.08967133141061315  0.0017106734218723845
1.0  -0.08529568921037975  0.001929962485898858
1.02  -0.08119927905717784  0.0020825559179998322
1.04  -0.07737662238891523  0.002181731599696908
1.06  -0.07380371190276802  0.0022371731649170018
1.08  -0.07045701766916379  0.002255830698369353
1.1  -0.06731518736790032  0.0022430923000246205
1.12  -0.06435865856125807  0.0022034351080043053
1.1400000000000001  -0.06156930572757135  0.002140789577480657
1.16  -0.058930298621993144  0.002058751502521085
1.18  -0.05642609805446477  0.001960704662671559
1.2  -0.05404251106232242  0.0018498874084463806
1.22  -0.05176675425962616  0.0017294230785505592
1.24  -0.04958749747767969  0.0016023264495433056
1.26  -0.04749487604295219  0.0014714942006072164
1.28  -0.045480469697856296  0.001339685002577827
1.3  -0.04353725130503055  0.0012094933295138748
1.32  -0.041659510711844386  0.0010833200752898959
1.34  -0.039842759632443055  0.0009633423543221289
1.36  -0.03808362298067134  0.0008514845277619819
1.3800000000000001  -0.03637972132671869  0.0007493925708773096
1.4000000000000001  -0.03472954833570849  0.0006584140926217396
1.42  -0.03313234624205653  0.000579585997989189
1.44  -0.03158798168424676  0.0005136306203212973
1.46  -0.0300968237067893  0.00046095970710062695
1.48  -0.028659625449924803  0.00042168483240342833
1.5  -0.027277410843620842  0.0003956328746028992
1.52  -0.025951367387561562  0.0003823656436908395
1.54  -0.024682745865695542  0.0003812030561807362
1.56  -0.023472767684564317  0.00039124931406836645
1.58  -0.022322540447308362  0.0004114214733425079
1.6  -0.02123298233500276  0.00044047972050229945
1.62  -0.02020475581843144  0.00047705866493490606
1.6400000000000001  -0.019238211147237467  0.0005196989943615382
1.6600000000000001  -0.018333339962099075  0.0005668789053122887
1.68  -0.01748973925874205  0.0006170447915300987
1.7  -0.01670658580715746  0.0006686407409157722
1.72  -0.015982620999378812  0.0007201364526717561
1.74  -0.015316145964920353  0.0007700532414062676
1.76  -0.014705026652665248  0.0008169878437589974
1.78  -0.014146708436035074  0.000859633784950485
1.8  -0.013638239660368154  0.0008968001038693814
1.82  -0.013176303417183108  0.0009274272752226149
1.84  -0.012757256706980026  0.0009506002092942766
1.86  -0.012377176045433234  0.0009655582561005483
1.8800000000000001  -0.012031908479993287  0.0009717021847460844
1.9000000000000001  -0.011717126915637803  0.0009685981533145869
1.92  -0.011428388602210428  0.0009559787280866953
1.94  -0.011161195612283091  0.0009337410521769083
1.96  -0.01091105613736458  0.0009019423025136958
1.98  -0.010673545451076067  0.0008607926102333872
2.0  -0.010444365429282702  0.0008106456525928145
2.02  -0.010219401577814605  0.0007519871536600992
2.04  -0.009994776596571189  0.0006854215565566212
2.06  -0.009766899600128795  0.0006116571530829656
2.08  -0.009532510219475713  0.0005314899724844168
2.1  -0.00928871692771457  0.00044578674229094685
2.12  -0.009033029054780194  0.0003554672444669613
2.14  -0.008763382082592936  0.0002614863920651344
2.16  -0.008478155941998466  0.00016481634831609708
2.18  -0.008176186162943008  6.642900575131057e-05
2.2  -0.007856767862302657  -3.272087205212601e-05
2.22  -0.007519652677901443  -0.00013171156570506473
2.24  -0.0071650388673460234  -0.00022966911122409948
2.2600000000000002  -0.006793554899962398  -0.0003257805728271702
2.2800000000000002  -0.006406236978294728  -0.0004193056781863909
2.3000000000000003  -0.006004501018550735  -0.0005095866561165553
2.32  -0.0055901096954351776  -0.0005960561575390293
2.34  -0.0051651352183531354  -0.0006782431845996953
2.36  -0.004731918557369596  -0.0007557769986651332
2.38  -0.004293025873829149  -0.0008283890205493913
2.4  -0.0038512029289447594  -0.0008959127766266248
2.42  -0.003409328246574468  -0.0009582819807369511
2.44  -0.002970365793838893  -0.0010155268741506487
2.46  -0.002537317919744371  -0.0010677689730449705
2.48  -0.002113179255813048  -0.0011152143899878038
2.5  -0.0017008922321927766  -0.001158145908738503
2.52  -0.0013033048052770529  -0.0011969140023629127
2.54  -0.0009231309299845675  -0.001231926990012685
2.56  -0.0005629142412919446  -0.0012636405295238379
2.58  -0.0002249953373996208  -0.0012925466429860913
2.6  8.851701684265594e-05  -0.0013191624709933114
2.62  0.00037577052152450944  -0.0013440189470583547
2.64  0.0006351896377079372  -0.0013676495806925304
2.66  0.0008654914479341593  -0.0013905795326264168
2.68  0.0010656970481661213  -0.001413315155006577
2.7  0.0012351384986006237  -0.0014363341597941732
2.72  0.0013734614080197862  -0.0014600765608767548
2.74  0.0014806232518754514  -0.0014849365050436803
2.7600000000000002  0.0015568875095696472  -0.001511255053390716
2.7800000000000002  0.0016028136192411638  -0.0015393138758589065
2.8000000000000003  0.0016192425459718445  -0.001569329644732895
2.82  0.0016072774396055475  -0.0016014486419216826
2.84  0.0015682586929819777  -0.0016357408727269282
2.86  0.0015037338855879634  -0.0016721935285643973
2.88  0.0014154281201016186  -0.0017107066254448198
2.9  0.0013052282026953144  -0.0017510987775030621
2.92  0.0011751879965433542  -0.001793127563346418
2.94  0.001027530140126506  -0.0018365085621139172
2.96  0.0008646148223351397  -0.001880914505261552
2.98  0.0006888920026677089  -0.0019259655718212498
3.0  0.0005028627871513287  -0.0019712302076359415
3.02  0.00030904953489750003  -0.0020162378374126867
3.04  0.00010996833340593936  -0.00206049389032975
3.06  -9.189719546702068e-05  -0.0021034914013360485
3.08  -0.00029412016041844386  -0.002144719553963649
3.1  -0.0004943525340492028  -0.0021836710495751325
3.12  -0.0006903451992996646  -0.0022198493682158457
3.14  -0.0008799659540108399  -0.0022527761816291962
3.16  -0.0010612154749039381  -0.0022819988190116644
3.18  -0.0012322412193096436  -0.0023070975838164398
3.2  -0.001391349240904804  -0.0023276927146626274
3.22  -0.001537013905319756  -0.0023434508058679943
3.24  -0.0016678855068179843  -0.002354090530861294
3.2600000000000002  -0.001782795805331307  -0.002359387539036555
3.2800000000000002  -0.001880761522351304  -0.002359178422706075
3.3000000000000003  -0.0019609858536080854  -0.0023533636758019693
3.3200000000000003  -0.002022858075335236  -0.002341909590082225
3.34  -0.0020659513383672074  -0.0023248490578554794
3.36  -0.0020900187598341556  -0.0023022812730460977
3.38  -0.002094987935840705  -0.0022743703443489777
3.4  -0.002080954009771742  -0.002241342854978368
3.42  -0.002048171439744664  -0.002203484423177432
3.44  -0.0019970446154879166  -0.0021611353360163716
3.46  -0.0019281174795323514  -0.002114685345684133
3.48  -0.0018420623100219727  -0.0020645677322151043
3.5  -0.0017396678238102937  -0.002011252749171364
3.52  -0.0016218267579889219  -0.00195524057898419
3.54  -0.0014895230861518617  -0.0018970539320185258
3.56  -0.0013438190226491868  -0.0018372304278864871
3.58  -0.0011858419638661306  -0.0017763148989311229
3.6  -0.0010167715100122383  -0.0017148517540458402
3.62  -0.0008378267041402373  -0.001653377536208955
3.64  -0.0006502536169169272  -0.0015924137993745255
3.66  -0.00045531339607526823  -0.0015324604199692005
3.68  -0.00025427088840476297  -0.0014739894455830834
3.7  -4.838392972949688e-05  -0.0014174395688960435
3.72  0.00016110661531278363  -0.0013632112989299863
3.74  0.0003729859967581809  -0.0013116628847574053
3.7600000000000002  0.0005860738550553181  -0.0012631070296861703
3.7800000000000002  0.000799231594012937  -0.0012178084170294003
3.8000000000000003  0.0010113688320091954  -0.001175982051964298
3.8200000000000003  0.0012214489286874138  -0.0011377924083695126
3.84  0.001428493599762362  -0.0011033533553806416
3.86  0.0016315866468161904  -0.0010727288256692463
3.88  0.0018298768418579725  -0.001045934176450624
3.9  0.0020225800176141787  -0.0010229381849789284
3.92  0.002208980423878742  -0.0010036656128999794
3.94  0.0023884314174254222  -0.0009880002682962881
3.96  0.002560355557863823  -0.0009757884907693744
3.98  0.0027242441861851084  -0.0009668429815187491
4.0  0.0028796565610111815  -0.0009609469023224953
4.0200000000000005  0.003026218628825849  -0.0009578581656078083
4.04  0.0031636215004539766  -0.0009573138412237222
4.0600000000000005  0.003291619701465649  -0.0009590346086015985
4.08  0.003410029258523621  -0.000962729186861951
4.1  0.003518725676506896  -0.0009680986803995564
4.12  0.0036176418533061926  -0.0009748407829743501
4.14  0.0037067659707340954  -0.0009826537892836688
4.16  0.003786139391214756  -0.0009912403692781183
4.18  0.003855854581103037  -0.0010003110669728706
4.2  0.003916053072868711  -0.0010095874920924876
4.22  0.003966923470226764  -0.0010188051794667397
4.24  0.004008699492731239  -0.0010277160975650991
4.26  0.004041658049613865  -0.001036090793834559
4.28  0.004066117326849429  -0.0010437201705479824
4.3  0.004082434866676773  -0.0010504168905424967
4.32  0.004091005615184539  -0.0010560164175787235
4.34  0.004092259911132103  -0.0010603777009089259
4.36  0.0040866613879517915  -0.0010633835181025069
4.38  0.004074704760801094  -0.0010649404940692737
4.4  0.004056913471670046  -0.0010649788176802205
4.42  0.004033837167724427  -0.0010634516802149416
4.44  0.004006048991275724  -0.0010603344622461526
4.46  0.00397414266387335  -0.0010556236973472554
4.48  0.003938729351894152  -0.0010493358422834676
4.5  0.0039004343065279752  -0.0010415058840996818
4.5200000000000005  0.003859893277065171  -0.0010321858147392918
4.54  0.0038177487027708573  -0.0010214430035868193
4.5600000000000005  0.003774645695329357  -0.0010093584975987998
4.58  0.0037312278302334572  -0.0009960252772266624
4.6000000000000005  0.003688132772143091  -0.0009815464957311569
4.62  0.0036459877655123612  -0.0009660337271831114
4.64  0.003605405027337148  -0.0009496052460015861
4.66  0.0035669770843679465  -0.0009323843590716219
4.68  0.0035312721016614486  -0.0009144978088738878
4.7  0.003498829253129873  -0.0008960742634248178
4.72  0.0034701541877039037  -0.000877242906184951
4.74  0.0034457146467436806  -0.0008581321363587733
4.76  0.0034259362893588434  -0.0008388683873267848
4.78  0.003411198782320537  -0.0008195750683674906
4.8  0.0034018322102210103  -0.0008003716323026416
4.82  0.003398113859490085  -0.0007813727693683406
4.84  0.003400265426834529  -0.0007626877254675959
4.86  0.0034084506986772037  -0.0007444197409764884
4.88  0.0034227737433047706  -0.00072666560457391
4.9  0.0034432776517030646  -0.0007095153150862082
4.92  0.003469943856606109  -0.0006930518431410874
4.94  0.003502692052423294  -0.0006773509834453001
4.96  0.003541380731179256  -0.0006624812878916827
4.98  0.0035858083415545913  -0.000648504069300955
5.0  0.003635715070151608  -0.0006354734652554688
5.0200000000000005  0.003690785235821607  -0.0006234365517445749
5.04  0.00375065027964274  -0.0006124334965687478
5.0600000000000005  0.003814892325140545  -0.0006024977429673001
5.08  0.0038830482754850263  -0.0005936562145552758
5.1000000000000005  0.003954614407052764  -0.0005859295333179334
5.12  0.004029051412238563  -0.0005793322438824944
5.14  0.00410578983736633  -0.0005738730377387217
5.16  0.004184235856841419  -0.0005695549720359732
5.18  0.004263777319730333  -0.0005663756792972817
5.2  0.004343790000975052  -0.0005643275652151519
5.22  0.0044236439866294445  -0.0005633979927796124
5.24  0.004502710120574153  -0.0005635694520637577
5.26  0.0045803664391653445  -0.0005648197160575805
5.28  0.00465600452030235  -0.0005671219838471717
5.3  0.004729035674386048  -0.0005704450132796354
5.32  0.004798896906609658  -0.0005747532459837773
5.34  0.0048650565829257576  -0.0005800069282276294
5.36  0.004927019735781418  -0.0005861622315673088
5.38  0.004984332950323172  -0.000593171377597633
5.4  0.005036588777098986  -0.0006009827713132848
5.42  0.00508342962327858  -0.0006095411476589247
5.44  0.005124551081010032  -0.0006187877358065983
5.46  0.0051597046585707875  -0.0006286604454583786
5.48  0.005188699887433541  -0.0006390940791954154
5.5  0.00521140578604535  -0.0006500205744460928
5.5200000000000005  0.00522775166898861  -0.0006613692780838031
5.54  0.00523772729812531  -0.0006730672560419934
5.5600000000000005  0.005241382380202082  -0.0006850396395823041
5.58  0.005238825423142104  -0.0006972100090459464
5.6000000000000005  0.005230221970729849  -0.0007095008150703323
5.62  0.005215792242561905  -0.0007218338363747885
5.64  0.005195808212866624  -0.000734130672340023
5.66  0.005170590167990181  -0.0007463132677195485
5.68  0.005140502788008614  -0.0007583044659620811
5.7  0.0051059508029176245  -0.000770028586754362
5.72  0.005067374278199461  -0.0007814120226937835
5.74  0.00502524358807936  -0.0007923838492908601
5.76  0.004980054137646814  -0.0008028764417701352
5.78  0.004932320896954286  -0.0008128260916735019
5.8  0.004882572811367986  -0.0008221736158134461
5.82  0.004831347152847955  -0.0008308649497856834
5.84  0.004779183876415969  -0.0008388517180454054
5.86  0.004726620044864219  -0.0008460917724798951
5.88  0.004674184382791446  -0.0008525496914542368
5.9  0.0046223920184110786  -0.0008581972314769491
5.92  0.004571739468282128  -0.0008630137239412315
5.94  0.004522699916167363  -0.0008669864098180487
5.96  0.004475718832800938  -0.0008701107057184482
5.98  0.0044312099784172485  -0.0008723903954025578
6.0  0.004389551824572711  -0.0008738377415625653
6.0200000000000005  0.004351084426157349  -0.000874473513568122
6.04  0.0043161067686203515  -0.0008743269277905409
6.0600000000000005  0.004284874609380059  -0.0008734354981487664
6.08  0.0042575988262913075  -0.0008718447955895355
6.1000000000000005  0.004234444279922727  -0.0008696081163579691
6.12  0.004215529190345685  -0.0008667860600708984
6.140000000000001  0.004200925023256697  -0.0008634460198234137
6.16  0.004190656874593555  -0.0008596615877686556
6.18  0.004184704337391718  -0.0008555118808428401
6.2  0.004183002829605459  -0.0008510807925115314
6.22  0.004185445356883996  -0.0008464561775438559
6.24  0.0041918846802797205  -0.0008417289780107797
6.26  0.004202135854859271  -0.0008369922998790751
6.28  0.004215979102015415  -0.0008323404500532145
6.3  0.004233162975769148  -0.0008278679453501635
6.32  0.0042534077807952035  -0.0008236685051010993
6.34  0.004276409198502173  -0.0008198340397095329
6.36  0.004301842076407274  -0.0008164536480283605
6.38  0.004329364335419867  -0.0008136126366258899
6.4  0.00435862094963616  -0.0008113915739885128
6.42  0.004389247953726857  -0.0008098653924836248
6.44  0.004420876433989745  -0.0008091025504487327
6.46  0.004453136460552819  -0.0008091642660743979
6.48  0.004485660920097266  -0.0008101038337860959
6.5  0.0045180892106986385  -0.0008119660326926419
6.5200000000000005  0.004550070763009699  -0.0008147866352493987
6.54  0.004581268354944435  -0.0008185920227275325
6.5600000000000005  0.004611361190221357  -0.0008233989123754249
6.58  0.004640047714570555  -0.0008292141993261644
6.6000000000000005  0.004667048147056653  -0.0008360349144316397
6.62  0.004692106707770046  -0.0008438482973421926
6.640000000000001  0.004714993527017644  -0.0008526319823097951
6.66  0.004735506225126757  -0.0008623542924650752
6.68  0.004753471155943136  -0.0008729746367417377
6.7  0.004768744311068876  -0.0008844440022332455
6.72  0.004781211885766159  -0.0008967055336149709
6.74  0.0047907905112485865  -0.0009096951902957557
6.76  0.004797427161678812  -0.0009233424713110728
6.78  0.004801098747632127  -0.0009375711974936253
6.8  0.004801811410977458  -0.0009523003402690606
6.82  0.004799599539039701  -0.0009674448863938063
6.84  0.0047945245185631695  -0.0009829167281313553
6.86  0.004786673252253557  -0.0009986255686863768
6.88  0.00477615646265149  -0.0010144798330952323
6.9  0.004763106809639676  -0.001030387575287145
6.92  0.0047476768490969734  -0.0010462573725108853
6.94  0.004730036861010605  -0.001061999198855225
6.96  0.004710372575782974  -0.0010775252700899762
6.98  0.004688882827492111  -0.0010927508524978273
7.0  0.004665777162548065  -0.0011075950288164033
7.0200000000000005  0.0046412734314866585  -0.0011219814147799326
7.04  0.004615595390648911  -0.0011358388201161897
7.0600000000000005  0.004588970339180758  -0.0011491018482111632
7.08  0.004561626815227316  -0.0011617114290194816
7.1000000000000005  0.004533792373405435  -0.0011736152802022956
7.12  0.004505691463663902  -0.001184768291943609
7.140000000000001  0.004477543429516546  -0.0011951328314604996
7.16  0.004449560641387727  -0.0012046789638572146
7.18  0.004421946778547445  -0.0012133845867670393
7.2  0.004394895270733511  -0.0012212354771236802
7.22  0.004368587908262171  -0.001228225249398522
7.24  0.004343193627110494  -0.0012343552257945618
7.26  0.004318867473213729  -0.0012396342200665733
7.28  0.0042957497480666275  -0.0012440782379499814
7.3  0.004273965335639538  -0.0012477100984628392
7.32  0.004253623208679166  -0.0012505589816793768
7.34  0.0042348161106534644  -0.0012526599098317925
7.36  0.0042176204079181386  -0.0012540531698084704
7.38  0.004202096105146829  -0.0012547836861596252
7.4  0.004188287015733583  -0.0012549003546697777
7.42  0.004176221077629169  -0.0012544553472595267
7.44  0.004165910804050302  -0.00125350339950078
7.46  0.00415735385761094  -0.0012521010922424418
7.48  0.004150533735704266  -0.0012503061388424754
7.5  0.004145420554457087  -0.0012481766892020866
7.5200000000000005  0.0041419719181395595  -0.0012457706612815506
7.54  0.004140133860674951  -0.0012431451098672307
7.5600000000000005  0.004139841845874996  -0.001240355641311625
7.58  0.004141021813102663  -0.001237455881680772
7.6000000000000005  0.004143591255272387  -0.0012344970042992712
7.62  0.0041474603164906795  -0.0012315273210746433
7.640000000000001  0.004152532897121121  -0.0012285919403570817
7.66  0.004158707754687076  -0.001225732492389232
7.68  0.004165879589749984  -0.0012229869217965411
7.7  0.004173940106703279  -0.0012203893450264886
7.72  0.004182779040346576  -0.0012179699692825626
7.74  0.004192285140051377  -0.0012157550682974582
7.76  0.0042023471043590365  -0.0012137670093759557
7.78  0.004212854459900518  -0.001212024325407427
7.8  0.004223698379608175  -0.001210541825150477
7.82  0.004234772436265017  -0.001209330734910534
7.84  0.00424597328849006  -0.0012083988648353718
7.86  0.004257201297322565  -0.001207750793355817
7.88  0.004268361072532877  -0.0012073880638502443
7.9  0.004279361948755923  -0.0012073093882757364
7.92  0.004290118392389094  -0.0012075108533252728
7.94  0.00430055034097029  -0.0012079861255737839
7.96  0.004310583477458545  -0.0012087266529725545
7.98  0.0043201494424660964  -0.0012097218610519454
8.0  0.00432918598797153  -0.0012109593430755228
8.02  0.004337637076455405  -0.0012124250441672155
8.040000000000001  0.004345452929719437  -0.0012141034400888916
8.06  0.004352590031845727  -0.0012159777118981295
8.08  0.004359011090854535  -0.0012180299180302953
8.1  0.004364684963640782  -0.0012202411655291223
8.120000000000001  0.004369586548657349  -0.0012225917820905007
8.14  0.004373696650694536  -0.0012250614903909366
8.16  0.004377001821839214  -0.0012276295857697466
8.18  0.004379494182464156  -0.001230275117827683
8.2  0.004381171225746676  -0.0012329770758736853
8.22  0.00438203560888352  -0.0012357145774523305
8.24  0.004382094933778846  -0.001238467058499952
8.26  0.004381361519568215  -0.0012412144629662706
8.28  0.0043798521689581045  -0.0012439374291320143
8.3  0.004377587929939692  -0.0012466174693387642
8.32  0.004374593854039962  -0.0012492371394980434
8.34  0.004370898751962251  -0.001251780194542326
8.36  0.0043665349470840805  -0.001254231725998119
8.38  0.004361538027070025  -0.0012565782780689682
8.4  0.004355946593582913  -0.001258807938982366
8.42  0.00434980200992063  -0.0012609104049483193
8.44  0.004343148146276666  -0.0012628770147635189
8.46  0.004336031122250764  -0.0012647007539492532
8.48  0.004328499046224107  -0.0012663762282202216
8.5  0.004320601751254788  -0.0012678996070491439
8.52  0.004312390527230813  -0.0012692685390592695
8.540000000000001  0.004303917849149299  -0.0012704820419333048
8.56  0.004295237101580399  -0.0012715403704042583
8.58  0.004286402299533568  -0.001272444866670215
8.6  0.004277467806131956  -0.0012731977981590124
8.620000000000001  0.00426848804766064  -0.0012738021880132993
8.64  0.004259517226736404  -0.0012742616439018015
8.66  0.004250609034517933  -0.0012745801907788864
8.68  0.004241816363040397  -0.0012747621130479022
8.700000000000001  0.004233191018939458  -0.0012748118111756523
8.72  0.004224783439935017  -0.0012747336772463758
8.74  0.0042166424155969775  -0.00127453199315389
8.76  0.004208814813961972  -0.0012742108542297037
8.78  0.004201345315661757  -0.0012737741200577269
8.8  0.00419427615723187  -0.0012732253930765821
8.82  0.004187646885266114  -0.0012725680244274839
8.84  0.004181494123032247  -0.0012718051453944471
8.86  0.004175851351151588  -0.0012709397217672167
8.88  0.0041707487038821775  -0.0012699746275534464
8.9  0.004166212782507142  -0.001268912733745801
8.92  0.004162266487227407  -0.0012677570072597481
8.94  0.004158928868862002  -0.0012665106148078444
8.96  0.004156215001490705  -0.0012651770263195543
8.98  0.004154135877040809  -0.0012637601126267535
9.0  0.004152698322639615  -0.0012622642325775227
9.02  0.004151904941581217  -0.0012606943054103922
9.040000000000001  0.0041517540788916975  -0.0012590558650334026
9.06  0.004152239812443045  -0.0012573550935845211
9.08  0.004153351970326221  -0.001255598832388897
9.1  0.0041550761747010355  -0.0012537945692990278
9.120000000000001  0.00415739391246248  -0.001251950402426459
9.14  0.004160282632947285  -0.0012500749812290124
9.16  0.0041637158726821315  -0.0012481774269435298
9.18  0.0041676634072712665  -0.0012462672351361522
9.200000000000001  0.004172091430314173  -0.0012443541637984995
9.22  0.004176962759080988  -0.0012424481109572483
9.24  0.004182237066474701  -0.001240558986052899
9.26  0.0041878711385912775  -0.0012386965794978135
9.28  0.004193819156955523  -0.001236870434743483
9.3  0.00420003300424584  -0.0012350897269493327
9.32  0.004206462592056376  -0.0012333631519266522
9.34  0.004213056208954633  -0.001231698828455218
9.36  0.004219760886800887  -0.0012301042164026392
9.38  0.004226522783004776  -0.0012285860522660017
9.4  0.004233287576092014  -0.0012271503029511704
9.42  0.004240000871669726  -0.001225802137740282
9.44  0.0042466086156130595  -0.0012245459176005308
9.46  0.004253057511060355  -0.0012233852002283118
9.48  0.004259295435631302  -0.0012223227586327509
9.5  0.004265271855108483  -0.001221360610583597
9.52  0.004270938229730973  -0.0012205000559221526
9.540000000000001  0.00427624840918173  -0.0012197417185963655
9.56  0.004281159012347004  -0.0012190855902805995
9.58  0.0042856297879631106  -0.0012185310726168233
9.6  0.004289623952389186  -0.0012180770154201347
9.620000000000001  0.004293108500914449  -0.0012177217486505209
9.64  0.004296054489241249  -0.0012174631065180732
9.66  0.004298437282085349  -0.0012172984426946061
9.68  0.004300236766181631  -0.0012172246363195813
9.700000000000001  0.004301437525358074  -0.0012172380891457722
9.72  0.004302028975772374  -0.001217334714849493
9.74  0.004302005459851363  -0.0012175099221254206
9.76  0.004301366297922799  -0.001217758593713216
9.78  0.00430011579700816  -0.001218075063916814
9.8  0.004298263216691786  -0.0012184530974486644
9.82  0.004295822692451039  -0.0012188858726009855
9.84  0.004292813117244378  -0.0012193659717239732
9.86  0.0042892579825767295  -0.001219885381843321
9.88  0.004285185180628856  -0.001220435507969514
9.9  0.004280626769378781  -0.0012210072012007697
9.92  0.004275618702967949  -0.0012215908032043971
9.94  0.004270200529801694  -0.0012221762080124154
9.96  0.004264415061139713  -0.0012227529413866402
9.98  0.004258308013106744  -0.0012233102572728072
10.0  0.0042519276252167655  -0.0012238372501303353
10.02  0.004245324258641946  -0.0012243229812336364
10.040000000000001  0.004238549977537665  -0.0012247566163968672
10.06  0.0042316581168287985  -0.0012251275720267707
10.08  0.004224702839897351  -0.0012254256659833943
10.1  0.004217738689649912  -0.0012256412694331244
10.120000000000001  0.004210820136463311  -0.001225765455735679
10.14  0.004204001126495098  -0.00122579014240924
10.16  0.004197334633859087  -0.0012257082223607867
10.18  0.004190872220121756  -0.001225513680890037
10.200000000000001  0.004184663604563125  -0.0012252016953565588
10.22  0.004178756248605911  -0.0012247687149471997
10.24  0.004173194957758952  -0.0012242125185980592
10.26  0.004168021504373387  -0.0012235322497629302
10.28  0.0041632742744236026  -0.0012227284274653695
10.3  0.004158987941413015  -0.00122180293372557
10.32  0.004155193170412743  -0.0012207589781766393
10.34  0.004151916355037783  -0.0012196010412798511
10.36  0.004149179390033821  -0.001218334798133179
10.38  0.004146999481861931  -0.0012169670253437653
10.4  0.004145388999452887  -0.0012155054937757338
10.42  0.0041443553669648645  -0.0012139588502196779
10.44  0.004143901000067372  -0.0012123364912007362
10.46  0.00414402328686528  -0.0012106484321311793
10.48  0.004144714614164715  -0.0012089051749045792
10.5  0.0041459624393398176  -0.0012071175768038499
10.52  0.004147749407585976  -0.0012052967232915913
10.540000000000001  0.004150053513869573  -0.001203453806857693
10.56  0.004152848308366217  -0.0012016000136427264
10.58  0.00415610314369844  -0.001199746419090576
10.6  0.0041597834617826315  -0.0011979038933882455
10.620000000000001  0.004163851117626605  -0.0011960830169551883
10.64  0.004168264736967941  -0.0011942940058155141
10.66  0.004172980104237784  -0.0011925466463005195
10.68  0.004177950576952702  -0.001190850238191614
10.700000000000001  0.004183127522334466  -0.0011892135451967746
10.72  0.004188460771673354  -0.0011876447515028546
10.74  0.004193899087772626  -0.0011861514230877722
10.76  0.0041993906406427315  -0.001184740472534371
10.78  0.004204883486576894  -0.0011834181261897309
10.8  0.004210326045699852  -0.0011821898927300027
10.82  0.0042156675731758585  -0.0011810605324440821
10.84  0.004220858619360656  -0.001180034026845516
10.86  0.004225851474380185  -0.0011791135485640547
10.88  0.004230600592852808  -0.0011783014317910147
10.9  0.004235062994757147  -0.0011775991438903398
10.92  0.00423919863877143  -0.001177007259071501
10.94  0.004242970764764382  -0.0011765254352821047
10.96  0.004246346202511922  -0.0011761523956751096
10.98  0.004249295644104964  -0.00117588591611578
11.0  0.004251793877921937  -0.0011757228202684583
11.02  0.00425381998247755  -0.0011756589837484427
11.040000000000001  0.00425535747885101  -0.001175689348739494
11.06  0.004256394440815791  -0.0011758079502710603
11.08  0.004256923562206705  -0.0011760079550998449
11.1  0.004256942181436391  -0.0011762817138240077
11.120000000000001  0.004256452263445993  -0.001176620826483788
11.14  0.004255460339750789  -0.001177016221510166
11.16  0.004253977407564407  -0.0011774582474492487
11.18  0.004252018789321235  -0.0011779367764847902
11.200000000000001  0.004249603954233197  -0.0011784413183639278
11.22  0.00424675630378051  -0.0011789611429838917
11.24  0.004243502923343751  -0.0011794854095370213
11.26  0.004239874302415601  -0.0011800032998996735
11.28  0.004235904026085945  -0.001180504153730364
11.3  0.00423162844070513  -0.0011809776026522093
11.32  0.004227086296853656  -0.001181413700867708
11.34  0.004222318372908611  -0.0011818030496210685
11.36  0.004217367082690755  -0.0011821369130594272
11.38  0.004212276070797881  -0.0011824073232787338
11.4  0.004207089799375759  -0.0011826071726015797
11.42  0.0042018531301490185  -0.0011827302915023996
11.44  0.004196610905622697  -0.0011827715109436867
11.46  0.004191407533385467  -0.001182726708326495
11.48  0.004186286577454542  -0.001182592836655855
11.5  0.004181290360556965  -0.0011823679369456675
11.52  0.004176459581169504  -0.0011820511342900079
11.540000000000001  0.004171832949018181  -0.0011816426183902514
11.56  0.004167446842567962  -0.0011811436096550079
11.58  0.004163334991840701  -0.0011805563122769946
11.6  0.004159528189629054  -0.0011798838558861383
11.620000000000001  0.0041560540339049285  -0.0011791302275564266
11.64  0.0041529367038717424  -0.001178300196010744
11.66  0.004150196771749444  -0.0011773992298983358
11.68  0.004147851051999326  -0.0011764334119998801
11.700000000000001  0.004145912489243059  -0.0011754093510720496
11.72  0.004144390085731778  -0.0011743340929572007
11.74  0.004143288868722986  -0.0011732150323490202
11.76  0.004142609897707582  -0.0011720598264126588
11.78  0.004142350310943581  -0.001170876311236452
11.8  0.004142503410325023  -0.0011696724218409576
11.82  0.004143058783179362  -0.001168456116210942
11.84  0.004144002459170588  -0.0011672353036469877
11.86  0.004145317100122224  -0.001166017777507082
11.88  0.004146982220222163  -0.001164811152266837
11.9  0.004148974433789033  -0.0011636228046897521
11.92  0.00415126772748923  -0.0011624598188282591
11.94  0.004153833753710069  -0.0011613289345343515
11.96  0.004156642141620882  -0.0011602364991654993
11.98  0.004159660822332196  -0.001159188422212915
12.0  0.004162856364517114  -0.001158190132658661
12.02  0.004166194316814446  -0.0011572465389647203
12.040000000000001  0.004169639553393353  -0.0011563619917244626
12.06  0.004173156619103499  -0.0011555402491451824
12.08  0.0041767100707590845  -0.0011547844456443377
12.1  0.004180264811246153  -0.0011540970639970015
12.120000000000001  0.004183786413322413  -0.0011534799115526686
12.14  0.004187241430180786  -0.0011529341011580897
12.16  0.004190597690064846  -0.0011524600374526416
12.18  0.004193824572479479  -0.0011520574092527113
12.200000000000001  0.004196893263787606  -0.0011517251887058575
12.22  0.004199776990245853  -0.0011514616378606438
12.24  0.004202451226812482  -0.0011512643232030968
12.26  0.00420489388032688  -0.0011511301385768262
12.280000000000001  0.0042070854459339245  -0.001151055336754641
12.3  0.004209009135912356  -0.0011510355697323333
12.32  0.004210650980303688  -0.0011510659376292238
12.34  0.004211999899055295  -0.0011511410458284483
12.36  0.00421304774558761  -0.001151255069791652
12.38  0.004213789322000853  -0.001151401826766459
12.4  0.004214222366348146  -0.0011515748533703555
12.42  0.004214347512649208  -0.0011517674878792974
12.44  0.004214168224547586  -0.0011519729558853236
12.46  0.004213690703726991  -0.00115218445785111
12.48  0.004212923774409752  -0.0011523952570379659
12.5  0.00421187874545864  -0.0011525987662229513
12.52  0.004210569251780711  -0.0011527886316323888
12.540000000000001  0.0042090110769025454  -0.0011529588125923998
12.56  0.004207221958741633  -0.0011531036554578188
12.58  0.004205221380724066  -0.0011532179605543156
12.6  0.004203030350534977  -0.0011532970410153588
12.620000000000001  0.00420067116886114  -0.0011533367725992752
12.64  0.00419816719057451  -0.0011533336337969614
12.66  0.004195542580853556  -0.0011532847357784346
12.68  0.004192822068758187  -0.0011531878419548253
12.700000000000001  0.004190030700779331  -0.0011530413771848385
12.72  0.004187193596850271  -0.001152844426871809
12.74  0.004184335711249927  -0.001152596726424544
12.76  0.004181481600744557  -0.0011522986417266924
12.780000000000001  0.0041786552021979935  -0.0011519511414366853
12.8  0.004175879621752577  -0.0011515557620533651
12.82  0.004173176937492045  -0.0011511145667979783
12.84  0.004170568017350102  -0.001150630099401665
12.86  0.004168072353784093  -0.0011501053339240713
12.88  0.004165707916527296  -0.0011495436216938304
12.9  0.0041634910245036145  -0.0011489486364718111
12.92  0.004161436237711492  -0.0011483243187902148
12.94  0.004159556269668487  -0.0011476748203974008
12.96  0.004157861920725894  -0.0011470044495820197
12.98  0.004156362032316633  -0.0011463176180529346
13.0  0.00415506346196278  -0.0011456187898985846
13.02  0.0041539710786162864  -0.0011449124330452536
13.040000000000001  0.004153087777705991  -0.0011442029734960307
13.06  0.0041524145150336235  -0.0011434947525184125
13.08  0.004151950358491652  -0.0011427919868652867
13.1  0.004151692556407937  -0.0011420987320180554
13.120000000000001  0.004151636621173665  -0.0011414188483899477
13.14  0.004151776426703215  -0.0011407559703943565
13.16  0.0041521043181725  -0.0011401134782545637
13.18  0.004152611232420214  -0.0011394944724391813
13.200000000000001  0.00415328682735922  -0.0011389017506278582
13.22  0.004154119618711861  -0.0011383377871466585
13.24  0.004155097122394793  -0.001137804714863467
13.26  0.004156206000906201  -0.0011373043095571078
13.280000000000001  0.004157432212098152  -0.0011368379768797161
13.3  0.004158761158792037  -0.0011364067420279256
13.32  0.0041601778377474705  -0.0011360112423267799
13.34  0.004161666986596245  -0.0011356517229397826
13.36  0.0041632132274420615  -0.0011353280359575734
13.38  0.004164801205917081  -0.001135039643109788
13.4  0.004166415724610862  -0.0011347856223488863
13.42  0.004168041869882623  -0.0011345646785138647
13.44  0.004169665131183409  -0.00113437515824245
13.46  0.004171271512129666  -0.0011342150692259761
13.48  0.004172847632678172  -0.0011340821038399607
13.5  0.004174380821859674  -0.001133973667067152
13.52  0.004175859200642161  -0.0011338869085415204
13.540000000000001  0.004177271754587941  -0.001133818758447775
13.56  0.0041786083960916485  -0.0011337659668685367
13.58  0.004179860016056127  -0.0011337251461007991
13.6  0.0041810185249863  -0.001133692815345646
13.620000000000001  0.0041820768835451275  -0.0011336654470961703
13.64  0.00418302912273403  -0.0011336395144811318
13.66  0.0041838703539146226  -0.0011336115387621682
13.68  0.004184596768991711  -0.0011335781361573624
13.700000000000001  0.0041852056311369994  -0.001133536063157326
13.72  0.004185695256522173  -0.001133482259515471
13.74  0.004186064987575663  -0.001133413888120079
13.76  0.00418631515836203  -0.001133328371043194
13.780000000000001  0.0041864470527195954  -0.0011332234211161537
13.8  0.0041864628558496595  -0.001133097068497549
13.82  0.004186365600096064  -0.0011329476818106522
13.84  0.004186159105678201  -0.0011327739835472832
13.86  0.004185847917175708  -0.0011325750595684077
13.88  0.004185437236570858  -0.0011323503626741202
13.9  0.004184932853667444  -0.001132099710336556
13.92  0.004184341074704187  -0.001131823276819417
13.94  0.004183668649952387  -0.001131521580026738
13.96  0.0041829227010916  -0.0011311954635233588
13.98  0.004182110649090301  -0.0011308460742548844
14.0  0.004181240143304937  -0.0011304748365776299
14.02  0.0041803189924444345  -0.0011300834232212669
14.040000000000001  0.004179355097991394  -0.0011296737238908
14.06  0.0041783563906087635  -0.0011292478121745044
14.08  0.004177330769986123  -0.0011288079114271292
14.1  0.004176286048505132  -0.0011283563602887251
14.120000000000001  0.004175229899030176  -0.0011278955784295157
14.14  0.004174169807049242  -0.0011274280330592402
14.16  0.0041731130273102175  -0.0011269562066775285
14.18  0.004172066545033926  -0.0011264825664611593
14.200000000000001  0.004171037041689912  -0.0011260095356090305
14.22  0.0041700308652875655  -0.001125539466881866
14.24  0.004169054005049073  -0.0011250746184909661
14.26  0.0041681120702816415  -0.001124617132438792
14.280000000000001  0.004167210273240741  -0.0011241690153286756
14.3  0.004166353415714428  -0.0011237321216172056
14.32  0.004165545879047253  -0.0011233081392396974
14.34  0.004164791617302217  -0.0011228985775065424
14.36  0.004164094153248553  -0.001122504757151408
14.38  0.004163456576861924  -0.0011221278023929105
14.4  0.004162881546028285  -0.001121768634894825
14.42  0.004162371289165365  -0.001121427969500673
14.44  0.004161927609489551  -0.0011211063116436358
14.46  0.004161551890678027  -0.00112080395636103
14.48  0.004161245103714743  -0.0011205209888664313
14.5  0.004161007814732238  -0.0011202572866503538
14.52  0.004160840193697395  -0.0011200125231095228
14.540000000000001  0.004160742023826302  -0.0011197861727406558
14.56  0.004160712711639844  -0.0011195775179167144
14.58  0.004160751297604622  -0.001119385657307639
14.6  0.004160856467333489  -0.0011192095159770054
14.620000000000001  0.004161026563348241  -0.0011190478571958679
14.64  0.00416125959742231  -0.0011188992959939995
14.66  0.004161553263538485  -0.0011187623144303116
14.68  0.004161904951514068  -0.0011186352785510013
14.700000000000001  0.004162311761353199  -0.0011185164569471858
14.72  0.0041627705183877066  -0.001118404040785035
14.74  0.0041632777892639085  -0.0011182961651409673
14.76  0.004163829898843983  -0.001118190931412405
14.780000000000001  0.004164422948060743  -0.0011180864305432641
14.8  0.0041650528327779116  -0.001117980766754016
14.82  0.004165715263678347  -0.0011178720814291672
14.84  0.004166405787194567  -0.0011177585767901085
14.86  0.004167119807483313  -0.0011176385389563784
14.88  0.004167852609425026  -0.0011175103600027181
14.9  0.004168599382614635  -0.0011173725586020801
14.92  0.004169355246293053  -0.001117223798881496
14.94  0.004170115275151741  -0.0011170629071254469
14.96  0.004170874525926335  -0.0011168888860131367
14.98  0.004171628064688735  -0.001116700926114503
15.0  0.004172370994711462  -0.0011164984144244842
15.02  0.004173098484792383  -0.0011162809397922686
15.040000000000001  0.004173805797896882  -0.001116048295153879
15.06  0.004174488319965279  -0.0011158004765557126
15.08  0.004175141588733961  -0.0011155376790279753
15.1  0.0041757613223870095  -0.0011152602894299905
15.120000000000001  0.004176343447871251  -0.0011149688764643475
15.14  0.004176884128684978  -0.0011146641781093886
15.16  0.00417737979193401  -0.0011143470867650363
15.18  0.004177827154462384  -0.0011140186324724642
15.200000000000001  0.004178223247851819  -0.0011136799645655032
15.22  0.004178565442054477  -0.0011133323321549696
15.24  0.004178851467463589  -0.001112977063862103
15.26  0.0041790794351848955  -0.0011126155471847352
15.280000000000001  0.004179247855290565  -0.0011122492078941932
15.3  0.004179355652827425  -0.0011118794898344895
15.32  0.00417940218137226  -0.001111507835444258
15.34  0.004179387233909643  -0.0011111356673071764
15.36  0.004179311050834104  -0.0011107643709707823
15.38  0.004179174324886504  -0.0011103952792496955
15.4  0.004178978202848901  -0.0011100296581470583
15.42  0.004178724283840899  -0.0011096686945119695
15.44  0.0041784146140950475  -0.0011093134854754897
15.46  0.00417805167809419  -0.0011089650296850708
15.48  0.004177638386019051  -0.001108624220291774
15.5  0.004177178057449987  -0.0011082918396410962
15.52  0.004176674401336184  -0.0011079685555639592
15.540000000000001  0.004176131492272134  -0.0011076549191547558
15.56  0.004175553743164334  -0.0011073513639170847
15.58  0.00417494587441894  -0.0011070582061381614
15.6  0.004174312879820787  -0.0011067756463552841
15.620000000000001  0.004173659989333703  -0.0011065037717939645
15.64  0.004172992629067997  -0.0011062425596535365
15.66  0.004172316378741967  -0.0011059918811373176
15.68  0.004171636926962506  -0.0011057515061366088
15.700000000000001  0.004170960024726207  -0.001105521108506019
15.72  0.004170291437545806  -0.00110530027186016
15.74  0.004169636896650406  -0.0011050884958634277
15.76  0.004169002049721784  -0.0011048852029871296
15.780000000000001  0.004168392411660855  -0.0011046897457035855
15.8  0.004167813315866016  -0.0011045014141262423
15.82  0.004167269866533321  -0.001104319444070042
15.84  0.004166766892468084  -0.0011041430255299312
15.860000000000001  0.0041663089029035545  -0.001103971311558431
15.88  0.0041659000457870245  -0.0011038034275083367
15.9  0.0041655440689994695  -0.0011036384806004064
15.92  0.004165244284920694  -0.0011034755697615986
15.94  0.004165003538732354  -0.0011033137956532528
15.96  0.004164824180814177  -0.001103152270786778
15.98  0.004164708043541801  -0.0011029901296253392
16.0  0.004164656422749904  -0.0011028265385350415
16.02  0.004164670064072117  -0.001102660705445357
16.04  0.004164749154325252  -0.0011024918890553128
16.06  0.004164893318047027  -0.0011023194074419901
16.080000000000002  0.004165101619243492  -0.0011021426458981186
16.1  0.004165372568350507  -0.0011019610638494215
16.12  0.004165704134353092  -0.0011017742007039836
16.14  0.004166093761968075  -0.001101581680500937
16.16  0.004166538393730504  -0.0011013832152538088
16.18  0.0041670344967827564  -0.0011011786069004706
16.2  0.004167578094121234  -0.0011009677478033763
16.22  0.004168164800003017  -0.0011007506197797628
16.240000000000002  0.0041687898591906275  -0.001100527291667486
16.26  0.004169448189656402  -0.0011002979154723087
16.28  0.004170134428360541  -0.0011000627211734336
16.3  0.004170842979659216  -0.0010998220102990377
16.32  0.0041715680659044335  -0.0010995761484171565
16.34  0.004172303779754894  -0.0010993255566920314
16.36  0.004173044137709302  -0.0010990707027125266
16.38  0.004173783134364191  -0.0010988120907770007
16.4  0.004174514796888375  -0.001098550251869127
16.42  0.004175233239203055  -0.0010982857335177074
16.44  0.004175932715355972  -0.0010980190897786318
16.46  0.00417660767159333  -0.0010977508715269515
16.48  0.004177252796630325  -0.0010974816172676413
16.5  0.004177863069649954  -0.001097211844630514
16.52  0.00417843380556843  -0.0010969420426966236
16.54  0.004178960697136724  -0.0010966726652984764
16.56  0.004179439853466619  -0.0010964041253662996
16.580000000000002  0.004179867834622026  -0.0010961367904046954
16.6  0.004180241681917286  -0.0010958709791190544
16.62  0.004180558943649898  -0.0010956069592070793
16.64  0.004180817695996831  -0.0010953449462818507
16.66  0.00418101655887265  -0.0010950851038722998
16.68  0.004181154706594929  -0.0010948275444434062
16.7  0.004181231873240765  -0.0010945723313173512
16.72  0.004181248352657429  -0.0010943194814087872
16.740000000000002  0.004181204993108003  -0.0010940689686398156
16.76  0.004181103186620071  -0.0010938207279131186
16.78  0.004180944853150553  -0.0010935746595206706
16.8  0.0041807324197156  -0.0010933306338561748
16.82  0.004180468794721339  -0.0010930884963103798
16.84  0.004180157337744388  -0.001092848072250904
16.86  0.004179801825095687  -0.001092609171966613
16.88  0.004179406411511951  -0.001092371595515159
16.9  0.004178975588383642  -0.0010921351373806198
16.92  0.004178514138957213  -0.0010918995909003453
16.94  0.004178027090965462  -0.001091664752405748
16.96  0.0041775196671995215  -0.0010914304250587276
16.98  0.004176997234518705  -0.0010911964223565258
17.0  0.004176465251831729  -0.0010909625713028635
17.02  0.004175929217581573  -0.0010907287152410535
17.04  0.004175394617274538  -0.0010904947163601624
17.06  0.004174866871576786  -0.0010902604578730542
17.080000000000002  0.004174351285502405  -0.001090025845886124
17.1  0.004173852999204773  -0.001089790810960887
17.12  0.00417337694083827  -0.0010895553093739749
17.14  0.004172927781955223  -0.0010893193240805758
17.16  0.004172509895861785  -0.0010890828653742737
17.18  0.004172127319309264  -0.0010888459712313369
17.2  0.00417178371788008  -0.0010886087073373432
17.22  0.004171482355361945  -0.0010883711667693747
17.240000000000002  0.004171226067373159  -0.0010881334693115554
17.26  0.00417101723944941  -0.0010878957603956921
17.28  0.0041708577897483935  -0.0010876582096374762
17.3  0.004170749156493339  -0.0010874210089413532
17.32  0.004170692290209024  -0.0010871843701897395
17.34  0.004170687650766367  -0.0010869485224806628
17.36  0.0041707352092034185  -0.0010867137089304747
17.38  0.004170834454227964  -0.0010864801830615164
17.400000000000002  0.004170984403291591  -0.0010862482047833853
17.42  0.004171183618046796  -0.0010860180360243896
17.44  0.004171430223984173  -0.0010857899360512137
17.46  0.004171721933998754  -0.0010855641565452867
17.48  0.004172056075596583  -0.0010853409365170696
17.5  0.004172429621438314  -0.0010851204971372391
17.52  0.004172839222856122  -0.0010849030365885689
17.54  0.004173281246002197  -0.001084688725035676
17.56  0.004173751810218068  -0.001084477699827332
17.580000000000002  0.004174246828239998  -0.001084270061032867
17.6  0.004174762047814145  -0.0010840658674279582
17.62  0.0041752930943032025  -0.0010838651330220207
17.64  0.00417583551385791  -0.001083667824236469
17.66  0.0041763848167214465  -0.001083473857798734
17.68  0.00417693652024939  -0.0010832830994447267
17.7  0.0041774861912276685  -0.0010830953634601839
17.72  0.004178029487086447  -0.0010829104131196024
17.740000000000002  0.004178562195617757  -0.0010827279620247653
17.76  0.004179080272839681  -0.001082547676351139
17.78  0.004179579878650007  -0.0010823691779746174
17.8  0.004180057409954599  -0.0010821920484398628
17.82  0.004180509530984492  -0.001082015833708073
17.84  0.0041809332005297946  -0.0010818400496199455
17.86  0.004181325695886267  -0.0010816641879585554
17.88  0.004181684633301111  -0.001081487723035143
17.900000000000002  0.004182007984785879  -0.0010813101186635
17.92  0.004182294091176844  -0.001081130835416216
17.94  0.004182541671370129  -0.001080949338028128
17.96  0.004182749827702071  -0.0010807651028307825
17.98  0.004182918047482538  -0.0010805776250868884
18.0  0.004183046200732178  -0.0010803864261124236
18.02  0.004183134534203839  -0.0010801910600666687
18.04  0.0041831836618251884  -0.0010799911203198762
18.06  0.00418319455170994  -0.0010797862452949728
18.080000000000002  0.004183168509944451  -0.0010795761237170976
18.1  0.0041831071613658115  -0.0010793604991930952
18.12  0.004183012427588868  -0.0010791391740775835
18.14  0.004182886502560689  -0.0010789120125873697
18.16  0.004182731825937081  -0.0010786789431375722
18.18  0.00418255105460162  -0.0010784399598806915
18.2  0.004182347032657026  -0.0010781951234662976
18.22  0.004182122760222418  -0.0010779445610100305
18.240000000000002  0.004181881361384573  -0.0010776884653142145
18.26  0.0041816260516502465  -0.0010774270933384845
18.28  0.004181360105239441  -0.0010771607639878163
18.3  0.00418108682255465  -0.0010768898552286255
18.32  0.004180809498157853  -0.001076614800587666
18.34  0.004180531389560619  -0.0010763360850818825
18.36  0.004180255687130482  -0.0010760542406137003
18.38  0.004179985485384141  -0.001075769840893511
18.400000000000002  0.004179723755927253  -0.001075483495931704
18.42  0.0041794733222646156  -0.0010751958461458276
18.44  0.004179236836690988  -0.0010749075561363112
18.46  0.004179016759440073  -0.0010746193081857041
18.48  0.004178815340232617  -0.0010743317955233768
18.5  0.004178634602352848  -0.0010740457154147056
18.52  0.004178476329335574  -0.0010737617621255026
18.54  0.004178342054330224  -0.001073480619822448
18.56  0.004178233052167562  -0.0010732029554623445
18.580000000000002  0.004178150334140164  -0.0010729294117383958
18.6  0.004178094645463762  -0.0010726606001455
18.62  0.004178066465375631  -0.0010723970942308622
18.64  0.0041780660097913355  -0.0010721394231000556
18.66  0.0041780932364171176  -0.0010718880652546342
18.68  0.004178147852210122  -0.0010716434428325345
18.7  0.0041782293230283865  -0.0010714059163153416
18.72  0.0041783368853262086  -0.0010711757797982951
18.740000000000002  0.004178469559715906  -0.0010709532568676495
18.76  0.004178626166207396  -0.0010707384971640579
18.78  0.004178805340931591  -0.0010705315736991888
18.8  0.004179005554137033  -0.0010703324809681145
18.82  0.004179225129243952  -0.0010701411339084663
18.84  0.004179462262744801  -0.0010699573677468192
18.86  0.004179715044719678  -0.001069780938745186
18.88  0.004179981479757226  -0.0010696115258778123
18.900000000000002  0.004180259508053785  -0.0010694487334232815
18.92  0.004180547026483828  -0.001069292094463587
18.94  0.004180841909426912  -0.0010691410752574388
18.96  0.004181142029158312  -0.001068995080455666
18.98  0.004181445275610766  -0.0010688534590973168
19.0  0.004181749575329461  -0.0010687155113047755
19.02  0.00418205290945909  -0.0010685804956258793
19.04  0.004182353330612241  -0.0010684476369061343
19.06  0.004182648978482445  -0.0010683161346062642
19.080000000000002  0.00418293809409378  -0.00106818517145336
19.1  0.004183219032579597  -0.0010680539223128453
19.12  0.004183490274419001  -0.0010679215631702096
19.14  0.004183750435062006  -0.0010677872801038322
19.16  0.0041839982729117865  -0.0010676502781373615
19.18  0.004184232695626228  -0.0010675097898523102
19.2  0.0041844527647543536  -0.0010673650836660335
19.22  0.004184657698708498  -0.0010672154716653915
19.240000000000002  0.004184846874106073  -0.0010670603169089443
19.26  0.004185019825533591  -0.001066899040110371
19.28  0.0041851762437977915  -0.0010667311256415055
19.3  0.004185315972740648  -0.0010665561267805062
19.32  0.004185439004709662  -0.0010663736701638335
19.34  0.00418554547478933  -0.0010661834594061358
19.36  0.004185635653906199  -0.0010659852778565088
19.38  0.004185709940925504  -0.0010657789904729733
19.400000000000002  0.004185768853872146  -0.001065564544825065
19.42  0.0041858130204048315  -0.001065341971216931
19.44  0.00418584316767024  -0.0010651113819549812
19.46  0.00418586011168812  -0.0010648729697811132
19.48  0.004185864746385278  -0.0010646270054994315
19.5  0.004185858032416469  -0.0010643738348487804
19.52  0.004185840985899838  -0.001064113874653538
19.54  0.0041858146671859605  -0.00106384760829835
19.56  0.0041857801697749554  -0.001063575580600231
19.580000000000002  0.004185738609487431  -0.0010632983921166261
19.6  0.004185691113993011  -0.001063016692956304
19.62  0.004185638812770357  -0.0010627311761621026
19.64  0.004185582827596646  -0.001062442570716232
19.66  0.004185524263611115  -0.0010621516342492155
19.68  0.004185464201029599  -0.0010618591455114979
19.7  0.004185403687542816  -0.0010615658966758319
19.72  0.004185343731437136  -0.0010612726855510767
19.740000000000002  0.004185285295458339  -0.0010609803077578535
19.76  0.004185229291444946  -0.0010606895489571177
19.78  0.004185176575716075  -0.0010604011771898523
19.8  0.004185127945227582  -0.0010601159354040825
19.82  0.004185084134469845  -0.0010598345342354369
19.84  0.004185045813094693  -0.0010595576451128247
19.86  0.0041850135842430945  -0.0010592858937561594
19.88  0.004184987983535294  -0.0010590198541302828
19.900000000000002  0.004184969478686077  -0.0010587600429178949
19.92  0.004184958469705777  -0.0010585069145692767
19.94  0.004184955289637771  -0.0010582608569851052
19.96  0.00418496020577874  -0.0010580221878736297
19.98  0.004184973421340435  -0.0010577911518337647
20.0  0.004184995077487833  -0.0010575679181898988
