0.02  -0.017837626371957824  0.0006266951415720195
0.04  -0.06233675687979706  0.0010423999784929128
0.06  -0.10137114691290253  0.0013849659373404905
0.08  -0.13603649293214412  0.0014253331769908289
0.1  -0.16692422607616633  0.0012922959133508673
0.12  -0.194389823739654  0.0010631025561142486
0.14  -0.21868380308765714  0.0007866055742934142
0.16  -0.24000146752482465  0.0004981273212837821
0.18  -0.2585331945784295  0.00021939453131497306
0.2  -0.27443963730705323  -4.4877225832516354e-05
0.22  -0.2878650148448111  -0.0002903615331496864
0.24  -0.29894479643674504  -0.0005148497365674435
0.26  -0.30780661542206444  -0.0007172549919464452
0.28  -0.3145693353302566  -0.0008969956721906404
0.3  -0.3193487131545548  -0.0010566925981954037
0.32  -0.3222586318718006  -0.0011987936105261102
0.34  -0.32341191042693707  -0.0013251531629382119
0.36  -0.32292145615193296  -0.0014372088988507102
0.38  -0.32090102470956544  -0.0015360850537206275
0.4  -0.3174655825685058  -0.0016226906811249487
0.42  -0.3127313789671825  -0.0016978007590513656
0.44  -0.3068157757315118  -0.0017620533179303266
0.46  -0.29983680223858855  -0.0018159141737215004
0.48  -0.2919128766435162  -0.0018596928476682635
0.5  -0.28316251472076587  -0.0018929196550733212
0.52  -0.27370321023894384  -0.0019138622294715807
0.54  -0.26365050646395105  -0.001919457744091615
0.56  -0.25311758353347286  -0.0019054558859260486
0.58  -0.24221488467548716  -0.0018671179126629836
0.6  -0.23104969458168823  -0.0018004612125443959
0.62  -0.2197254945157553  -0.0017033703467165414
0.64  -0.20834098703007864  -0.0015759224010535834
0.66  -0.1969890315468184  -0.0014199302640369033
0.68  -0.18575599349625715  -0.0012383348337073148
0.7000000000000001  -0.17472174051826353  -0.0010350356725473396
0.72  -0.16395959125060028  -0.0008148660854786079
0.74  -0.1535357299469334  -0.0005832386731199813
0.76  -0.1435085742195336  -0.0003457098039498821
0.78  -0.13392843216855682  -0.00010777884152542275
0.8  -0.12483735883140029  0.00012503219209858397
0.8200000000000001  -0.11626909443616973  0.00034737007561405544
0.84  -0.10824895571704714  0.0005554710547975386
0.86  -0.10079326869775447  0.0007465087430570789
0.88  -0.09390892220814409  0.0009167343482854031
0.9  -0.08759406069120862  0.0010627883151730758
0.92  -0.08183965725941819  0.0011828845471336708
0.9400000000000001  -0.07663135985655159  0.0012768979230224314
0.96  -0.07195116540529632  0.0013459055581788153
0.98  -0.06777864243823159  0.0013916436298456647
1.0  -0.06409159755964187  0.0014161641353702663
1.02  -0.060866270255556625  0.0014217171853115656
1.04  -0.05807727202446996  0.001410732485369659
1.06  -0.05569750800665435  0.0013857747766730752
1.08  -0.05369825286250127  0.0013494221726841873
1.1  -0.05204943149198884  0.0013040976020582587
1.12  -0.05072003675990249  0.001251925973221058
1.1400000000000001  -0.049678573242419116  0.0011946726587521693
1.16  -0.048893453038396435  0.0011337714782857565
1.18  -0.04833332807598001  0.0010704159732394952
1.2  -0.04796737953532058  0.0010056779648702717
1.22  -0.04776559170003134  0.0009406082150831082
1.24  -0.047699010821023693  0.0008762239180578262
1.26  -0.04773992982958004  0.0008132103907892309
1.28  -0.047861989887287126  0.0007513329368418597
1.3  -0.04804068259400575  0.0006892811215441384
1.32  -0.04825508939371981  0.0006259103126883425
1.34  -0.04848821146137889  0.0005613846249076494
1.36  -0.04872179047049316  0.0004963711853563042
1.3800000000000001  -0.048933833784733434  0.00043140873841123633
1.4000000000000001  -0.04910189722884121  0.0003670819471654494
1.42  -0.04920601034050258  0.0003041905864692482
1.44  -0.04922972172830483  0.00024363364542474795
1.46  -0.04916018819635578  0.00018622975062431585
1.48  -0.048987923227475694  0.00013262575997670276
1.5  -0.04870644923641793  8.328992221692333e-05
1.52  -0.048311944719408195  3.8541429653317e-05
1.54  -0.047802923153062726  -1.4160786470776348e-06
1.56  -0.047179954473110276  -3.646848612221372e-05
1.58  -0.04644542474799647  -6.65739676380876e-05
1.6  -0.045603324593424546  -9.175264647264962e-05
1.62  -0.044659057414358584  -0.00011208053926017826
1.6400000000000001  -0.04361926095894737  -0.00012768564648075982
1.6600000000000001  -0.04249163786540585  -0.0001387450205403908
1.68  -0.04128479218896473  -0.0001454823780251007
1.7  -0.04000806981106751  -0.00014816588789095923
1.72  -0.03867140176380987  -0.00014710556379547696
1.74  -0.03728515065068298  -0.0001426497547102791
1.76  -0.03585996104846243  -0.00013518053722246138
1.78  -0.03440661500972058  -0.0001251080840432998
1.8  -0.03293589379528178  -0.00011286421266089127
1.82  -0.03145844691713663  -9.889535444650627e-05
1.84  -0.02998466950621423  -8.365518467246983e-05
1.86  -0.02852458893303248  -6.759714273565448e-05
1.8800000000000001  -0.02708776149973957  -5.116705549555587e-05
1.9000000000000001  -0.025683179892996278  -3.479605433187263e-05
1.92  -0.024319191944776067  -1.8893946716143546e-05
1.94  -0.02300343109711349  -3.843167158634276e-06
1.96  -0.021742758809483325  1.0006603899811626e-05
1.98  -0.02054321898716523  2.2343094701327834e-05
2.0  -0.019410004352738805  3.289533070057287e-05
2.02  -0.01834743454045284  4.143672764299577e-05
2.04  -0.017358945576535313  4.778736536623546e-05
2.06  -0.016447090310338423  5.181541767706885e-05
2.08  -0.015613549264964314  5.3437718464524104e-05
2.1  -0.014859151283800838  5.261946445282966e-05
2.12  -0.014183903260064244  4.9373081034656e-05
2.14  -0.01358702815190348  4.375629909568308e-05
2.16  -0.013067010416337538  3.5869505073002334e-05
2.18  -0.012621647947373617  2.5852436383894144e-05
2.2  -0.012248109575310594  1.3880304316431371e-05
2.22  -0.011942997170950594  1.5943782846221583e-07
2.24  -0.011702411396616687  -1.5077448426730025e-05
2.2600000000000002  -0.011522020153781174  -3.1576253846613066e-05
2.2800000000000002  -0.011397128793381029  -4.906665300124255e-05
2.3000000000000003  -0.011322751178443707  -6.726731772627935e-05
2.32  -0.011293680718855425  -8.58911072748964e-05
2.34  -0.011304560535282197  -0.00010465014053373197
2.36  -0.011349951954353166  -0.00012326067040487924
2.38  -0.01142440059091517  -0.00014144768651146966
2.4  -0.011522499335385714  -0.0001589491793176782
2.42  -0.011638947634041382  -0.00017552000738722928
2.44  -0.011768606525822671  -0.0001909353195619153
2.46  -0.01190654897902386  -0.00020499349505587376
2.48  -0.012048105153206621  -0.0002175185759813481
2.5  -0.012188902294218804  -0.0002283621780213905
2.52  -0.012324899051897265  -0.00023740487541980376
2.54  -0.012452414089815393  -0.0002445570657729073
2.56  -0.012568148933333523  -0.00024975932829647703
2.58  -0.01266920507546523  -0.0002529822962427634
2.6  -0.012753095428986738  -0.00025422607014631657
2.62  -0.01281775027727739  -0.0002535192036130506
2.64  -0.012861517935020689  -0.0002509172975866531
2.66  -0.012883160382815681  -0.0002465012425231272
2.68  -0.012881844186624192  -0.00024037515067075552
2.7  -0.012857127053569655  -0.00023266402282317016
2.72  -0.012808940409831084  -0.00022351119538165857
2.74  -0.012737568414179043  -0.00021307561446524715
2.7600000000000002  -0.012643623842097936  -0.00020152898407697255
2.7800000000000002  -0.01252802129053192  -0.00018905283499679642
2.8000000000000003  -0.012391948162280437  -0.00017583556019119947
2.82  -0.012236833892131937  -0.0001620694610441604
2.84  -0.012064317874251657  -0.0001479478467128365
2.86  -0.011876216542511902  -0.0001336622263926609
2.88  -0.011674490042682523  -0.00011939963124070913
2.9  -0.011461208918159323  -0.00010534009935285452
2.92  -0.011238521209541828  -9.165435346231233e-05
2.94  -0.01100862034337485  -7.850169708787045e-05
2.96  -0.010773714157159347  -6.602815066995976e-05
2.98  -0.010535995376891085  -5.436484498468847e-05
3.0  -0.01029761383036541  -4.362668469018978e-05
3.02  -0.010060650644793879  -3.391129054269951e-05
3.04  -0.009827094641338083  -2.5298224512534256e-05
3.06  -0.009598821102509914  -1.784849790843274e-05
3.08  -0.009377573051362371  -1.1604358672385757e-05
3.1  -0.009164945144520948  -6.5893502940764475e-06
3.12  -0.008962370244757224  -2.808631361432757e-06
3.14  -0.008771108703384791  -2.495415845899093e-07
3.16  -0.00859224034861807  1.1176026932506358e-06
3.18  -0.008426659143587938  1.33850304863452e-06
3.2  -0.00827507044717255  4.736853508419895e-07
3.22  -0.00813799078252702  -1.402858396322567e-06
3.24  -0.008015749992407261  -4.205167566374233e-06
3.2600000000000002  -0.007908495637249208  -7.83692346589758e-06
3.2800000000000002  -0.007816199471656422  -1.2193145864894893e-05
3.3000000000000003  -0.0077386658175499605  -1.7161948125412186e-05
3.3200000000000003  -0.007675541637864221  -2.2626323681682243e-05
3.34  -0.007626328103314829  -2.8465937177652302e-05
3.36  -0.007590393436426091  -3.45588945848731e-05
3.38  -0.00756698681170471  -4.078346801022361e-05
3.4  -0.007555253088419749  -4.701975259636742e-05
3.42  -0.007554248152924527  -5.315123492675945e-05
3.44  -0.007562954650578961  -5.906625472148035e-05
3.46  -0.0075802978929678305  -6.465934405363083e-05
3.48  -0.007605161734114355  -6.983243093607605e-05
3.5  -0.007636404219513162  -7.449589678294369e-05
3.52  -0.007672872823899797  -7.856947995456216e-05
3.54  -0.007713419107456913  -8.198302020515441e-05
3.56  -0.007756912635431604  -8.46770414089633e-05
3.58  -0.007802254022619734  -8.660317228098539e-05
3.6  -0.007848386981622064  -8.772440692342246e-05
3.62  -0.00789430927186155  -8.801520892480868e-05
3.64  -0.007939082464881123  -8.746146432944745e-05
3.66  -0.00798184046000337  -8.60602901721364e-05
3.68  -0.008021796702947762  -8.381970643135526e-05
3.7  -0.008058250078035971  -8.075818031350474e-05
3.72  -0.008090589462169909  -7.690405269465862e-05
3.74  -0.008118296945529697  -7.229485744440772e-05
3.7600000000000002  -0.008140949739855022  -6.697654521543514e-05
3.7800000000000002  -0.008158220810101455  -6.100262403371429e-05
3.8000000000000003  -0.008169878279098576  -5.443322977834739e-05
3.8200000000000003  -0.008175783667517911  -4.7334140190797886e-05
3.84  -0.008175889042850954  -3.977574656774277e-05
3.86  -0.008170233161166615  -3.183199752022778e-05
3.88  -0.008158936694117509  -2.3579329312249425e-05
3.9  -0.008142196640849534  -1.5095597161669414e-05
3.92  -0.008120280030242781  -6.459021572333384e-06
3.94  -0.008093517023113592  2.2528367462431535e-06
3.96  -0.008062293526780225  1.0964060529056619e-05
3.98  -0.00802704343561525  1.9601306236264216e-05
4.0  -0.007988240611072497  2.8094670040704174e-05
4.0200000000000005  -0.007946390713088376  3.637847982351962e-05
4.04  -0.00790202299190222  4.4392004735624034e-05
4.0600000000000005  -0.007855682145258716  5.208007532696507e-05
4.08  -0.007807920340725625  5.9393608664179366e-05
4.1  -0.007759289496645807  6.629003438120724e-05
4.12  -0.0077103339081017915  7.273361911609607e-05
4.14  -0.007661583296355252  7.869568829525119e-05
4.16  -0.007613546351674003  8.41547456960608e-05
4.18  -0.0075667048303680266  8.90964926212958e-05
4.2  -0.007521508257387361  9.351374988781239e-05
4.22  -0.0074783692761184375  9.740628702620898e-05
4.24  -0.007437659677145163  0.0001007805642578128
4.26  -0.0073997071279201  0.0001036493938092496
4.28  -0.00736479261553933  0.00010603152800150136
4.3  -0.007333148605345331  0.00010795118228242869
4.32  -0.007304957908928807  0.00010943750198835175
4.34  -0.007280353246418828  0.00011052398204663738
4.36  -0.007259417479777295  0.00011124784916315806
4.38  -0.007242184486294063  0.0001116494161993235
4.4  -0.0072286406346079544  0.00011177141847599695
4.42  -0.007218726819481016  0.00011165834165135504
4.44  -0.007212341006248414  0.00011135575058889371
4.46  -0.007209341231368831  0.00011090962827204942
4.48  -0.00720954900188362  0.00011036573337948986
4.5  -0.007212753033816124  0.00010976898454362907
4.5200000000000005  -0.0072187132676511225  0.00010916287863527993
4.54  -0.007227165097969316  0.0001085889496700176
4.5600000000000005  -0.0072378237541134  0.000108086274087592
4.58  -0.007250388769332802  0.00010769102725497636
4.6000000000000005  -0.0072645484772077785  0.00010743609511835555
4.62  -0.007279984476216887  0.00010735074398073285
4.64  -0.007296376006049194  0.00010746035046283354
4.66  -0.007313404182605869  0.0001077861928103242
4.68  -0.007330756042536625  0.00010834530396384485
4.7  -0.007348128352577731  0.00010915038609577723
4.72  -0.0073652311437706125  0.00011020978581683993
4.74  -0.007381790935852544  0.00011152752878165322
4.76  -0.00739755362254944  0.00011310341197723079
4.78  -0.007412286994114862  0.00011493315145020953
4.8  -0.007425782879089562  0.00011700858243759028
4.82  -0.007437858892839971  0.00011931790788470033
4.84  -0.007448359785844115  0.00012184599021032545
4.86  -0.0074571583899448735  0.00012457468014333246
4.88  -0.007464156165845122  0.0001274831757641147
4.9  -0.00746928335998265  0.0001305484046335885
4.92  -0.007472498783562456  0.00013374542207134722
4.94  -0.007473789230905395  0.00013704781907007148
4.96  -0.007473168558300812  0.00014042813383616438
4.98  -0.00747067644815589  0.00014385826141778056
5.0  -0.007466376886401848  0.00014730985622761218
5.0200000000000005  -0.007460356383745691  0.00015075472264408624
5.04  -0.0074527219735080405  0.00015416518914124943
5.0600000000000005  -0.007443599020384951  0.00015751446177467534
5.08  -0.007433128875605759  0.0001607769532362464
5.1000000000000005  -0.007421466414545097  0.00016392858410058358
5.12  -0.007408777492987282  0.00016694705338225562
5.14  -0.0073952363578850995  0.00016981207603767288
5.16  -0.0073810230476808875  0.0001725055855265476
5.18  -0.007366320816032126  0.00017501190013378075
5.2  -0.007351313611192435  0.0001773178522333114
5.22  -0.007336183641349497  0.00017941288022680626
5.24  -0.00732110905396985  0.00018128908335983293
5.26  -0.007306261754666259  0.00018294124008859413
5.28  -0.007291805388473877  0.00018436679106275262
5.3  -0.007277893503722221  0.00018556578804891058
5.32  -0.007264667916032218  0.00018654081029632788
5.34  -0.0072522572864808805  0.0001872968502390241
5.36  -0.007240775922415419  0.00018784117187582928
5.38  -0.0072303228044233725  0.00018818314680275303
5.4  -0.00722098084308566  0.00018833407150277778
5.42  -0.007212816369539049  0.00018830696690912634
5.44  -0.007205878859754063  0.0001881163620495453
5.46  -0.0072002008873737824  0.00018777806532865589
5.48  -0.007195798296414349  0.00018730892727257558
5.5  -0.007192670582786829  0.00018672659828813525
5.5200000000000005  -0.0071908014716892555  0.00018604928480831168
5.54  -0.0071901596760652504  0.0001852955070632889
5.5600000000000005  -0.007190699819684144  0.00018448386155468343
5.58  -0.007192363506866523  0.00018363279112872523
5.6000000000000005  -0.007195080519691744  0.00018276036529082002
5.62  -0.0071987701225759175  0.00018188407317203185
5.64  -0.007203342453509749  0.0001810206312757348
5.66  -0.007208699980899029  0.00018018580788935478
5.68  -0.007214739004912591  0.00017939426572118218
5.7  -0.007221351182484985  0.00017865942407213202
5.72  -0.007228425055607397  0.00017799334152595535
5.74  -0.007235847563268654  0.0001774066198618357
5.76  -0.0072435055183801295  0.00017690832960093225
5.78  -0.007251287032168779  0.00017650595729762168
5.8  -0.007259082869855348  0.00017620537442241015
5.82  -0.007266787722947199  0.00017601082740585736
5.84  -0.007274301385077289  0.0001759249481744975
5.86  -0.007281529820064447  0.0001759487842708278
5.88  -0.0072883861126751765  0.00017608184743196463
5.9  -0.007294791294411971  0.00017632217934144043
5.92  -0.007300675038560092  0.0001766664330618234
5.94  -0.0073059762205923175  0.00017710996855318292
5.96  -0.007310643341901696  0.00017764696055694616
5.98  -0.007314634816653896  0.00017827051702654274
6.0  -0.007317919123288756  0.00017897280624305507
6.0200000000000005  -0.007320474823881538  0.00017974519070727054
6.04  -0.007322290456106688  0.00018057836589569198
6.0600000000000005  -0.0073233643040083556  0.0001814625019863928
6.08  -0.007323704055069098  0.00018238738667881982
6.1000000000000005  -0.007323326352223077  0.0001833425673231815
6.12  -0.007322256250472716  0.0001843174906257271
6.140000000000001  -0.007320526588590344  0.0001853016383038487
6.16  -0.007318177287069057  0.0001862846571953228
6.18  -0.007315254583983051  0.00018725648242105797
6.2  -0.007311810220766515  0.00018820745236976857
6.22  -0.007307900590071463  0.0001891284144086621
6.24  -0.0073035858578816715  0.0001900108203821568
6.26  -0.007298929071917325  0.00019084681112623643
6.28  -0.007293995268061521  0.0001916292893911185
6.3  -0.0072888505861115884  0.00019235198072453923
6.32  -0.007283561405594813  0.0001930094820424362
6.34  -0.00727819351173187  0.00019359729776024544
6.36  -0.007272811300820926  0.0001941118635330224
6.38  -0.007267477033502675  0.00019455055778530046
6.4  -0.007262250143375143  0.00019491170135862242
6.42  -0.007257186607490271  0.00019519454574390844
6.44  -0.007252338384181376  0.00019539925046682227
6.46  -0.007247752922639693  0.00019552685031762833
6.48  -0.007243472747555413  0.00019557921321886176
6.5  -0.007239535121087665  0.00019555898958116243
6.5200000000000005  -0.007235971783337029  0.00019546955409069426
6.54  -0.007232808771487145  0.000195314940919675
6.5600000000000005  -0.00723006631676648  0.00019509977337444777
6.58  -0.007227758817445469  0.00019482918906007
6.6000000000000005  -0.00722589488520819  0.0001945087616026185
6.62  -0.007224477461398938  0.00019414442001863943
6.640000000000001  -0.007223503998939581  0.00019374236677619877
6.66  -0.007222966705034059  0.00019330899557391145
6.68  -0.007222852839215517  0.00019285080983829316
6.7  -0.007223145060825609  0.0001923743428732422
6.72  -0.007223821819630034  0.00019188608056492235
6.74  -0.007224857782980017  0.000191392387455173
6.76  -0.007226224292755039  0.00019089943693070393
6.78  -0.00722788984520684  0.00019041314622483482
6.8  -0.0072298205868322855  0.00018993911679683032
6.82  -0.00723198081947052  0.00018948258061120174
6.84  -0.007234333507984154  0.0001890483527260667
6.86  -0.0072368407841323056  0.00018864079051825427
6.88  -0.007239464440534589  0.00018826375977713225
6.9  -0.007242166409009949  0.00018792060781888312
6.92  -0.00724490921800883  0.00018761414366784505
6.94  -0.007247656424317666  0.00018734662528438424
6.96  -0.007250373014742453  0.00018711975372622306
6.98  -0.007253025774033944  0.0001869346740512001
7.0  -0.007255583615880124  0.00018679198271191597
7.0200000000000005  -0.007258017874393405  0.0001866917411009876
7.04  -0.007260302554106689  0.00018663349488105428
7.0600000000000005  -0.00726241453709799  0.00018661629863680557
7.08  -0.007264333746448997  0.0001866387453836464
7.1000000000000005  -0.007266043265820058  0.0001866990003984448
7.12  -0.007267529415480243  0.00018679483881785312
7.140000000000001  -0.007268781785650027  0.00018692368643251182
7.16  -0.007269793228511535  0.0001870826630752942
7.18  -0.0072705598107015365  0.00018726862800380785
7.2  -0.00727108072850481  0.00018747822667510098
7.22  -0.007271358188344797  0.00018770793831654687
7.24  -0.00727139725548272  0.00018795412369836107
7.26  -0.007271205674109353  0.00018821307255410406
7.28  -0.007270793662231889  0.00018848105010227514
7.3  -0.00727017368492935  0.00018875434215615764
7.32  -0.0072693602096577555  0.00018902929835151527
7.34  -0.007268369447366221  0.00018930237304644798
7.36  -0.007267219083188094  0.00018957016351365982
7.38  -0.007265928000446731  0.0001898294450598255
7.4  -0.007264516001632937  0.00019007720278356525
7.42  -0.007263003529908188  0.00019031065971968541
7.44  -0.007261411394511216  0.0001905273011687808
7.46  -0.007259760503260354  0.0001907248950621503
7.48  -0.007258071605132958  0.0001909015082706312
7.5  -0.007256365045629411  0.00019105551880732396
7.5200000000000005  -0.007254660537378471  0.00019118562392603244
7.54  -0.007252976948129105  0.00019129084417281042
7.5600000000000005  -0.007251332107993892  0.0001913705234799392
7.58  -0.0072497426374540635  0.0001914243254446828
7.6000000000000005  -0.007248223797365244  0.00019145222596681204
7.62  -0.007246789361838793  0.00019145450246946315
7.640000000000001  -0.007245451514576546  0.00019143171993005501
7.66  -0.007244220768927145  0.00019138471402727221
7.68  -0.007243105911609357  0.00019131457166421617
7.7  -0.007242113969793601  0.00019122260923142096
7.72  -0.007241250200928772  0.00019111034890000397
7.74  -0.0072405181044683485  0.00019097949332947994
7.76  -0.0072399194544139605  0.0001908318991184054
7.78  -0.007239454351388086  0.0001906695493671087
7.8  -0.0072391212927658145  0.00019049452570097655
7.82  -0.007238917259231278  0.00019030898010329337
7.84  -0.007238837816010155  0.00019011510689870195
7.86  -0.007238877226912177  0.00018991511521444164
7.88  -0.00723902857924773  0.00018971120222294034
7.9  -0.007239283917637656  0.00018950552745941075
7.92  -0.007239634384706328  0.00018930018848682006
7.94  -0.007240070366656641  0.00018909719814170698
7.96  -0.007240581641754602  0.00018889846358071977
7.98  -0.0072411575297862945  0.0001887057673247303
8.0  -0.007241787040654522  0.000188520750441841
8.02  -0.0072424590203244  0.00018834489801254948
8.040000000000001  -0.007243162292491605  0.00018817952696100837
8.06  -0.007243885794423467  0.00018802577633029842
8.08  -0.007244618705588871  0.00018788460002791134
8.1  -0.007245350567820724  0.00018775676204120664
8.120000000000001  -0.007246071395939141  0.00018764283411103671
8.14  -0.007246771777888894  0.00018754319579612343
8.16  -0.007247442963642466  0.0001874580368562986
8.18  -0.007248076942280098  0.00018738736184308638
8.2  -0.0072486665068102005  0.00018733099677138178
8.22  -0.0072492053064931  0.00018728859772232972
8.24  -0.0072496878865568656  0.00018725966120912614
8.26  -0.007250109715375206  0.00018724353612442531
8.28  -0.0072504671993237875  0.00018723943706985352
8.3  -0.007250757685648653  0.00018724645885884682
8.32  -0.007250979453840602  0.00018726359198441967
8.34  -0.007251131696113168  0.00018728973882524425
8.36  -0.00725121448767543  0.00018732373037434096
8.38  -0.007251228747606241  0.0001873643432618574
8.4  -0.007251176191202688  0.00018741031686967882
8.42  -0.007251059274737496  0.0001874603703042883
8.44  -0.007250881133623129  0.00018751321904511288
8.46  -0.007250645515004242  0.00018756759106209166
8.48  -0.007250356705835095  0.00018762224222856693
8.5  -0.00725001945749628  0.00018767597085804136
8.52  -0.007249638908010742  0.00018772763122220612
8.540000000000001  -0.007249220502899675  0.00018777614591184994
8.56  -0.007248769915690904  0.0001878205169211586
8.58  -0.0072482929690483155  0.00018785983537223207
8.6  -0.0072477955574545725  0.00018789328979385266
8.620000000000001  -0.007247283572310154  0.0001879201728988678
8.64  -0.007246762830248384  0.0001879398868314282
8.66  -0.007246239005403299  0.0001879519468661745
8.68  -0.007245717566264392  0.00018795598355587939
8.700000000000001  -0.0072452037177114376  0.00018795174336229078
8.72  -0.0072447023486869044  0.00018793908780754626
8.74  -0.007244217985915792  0.0001879179911939319
8.76  -0.007243754753974423  0.0001878885369883224
8.78  -0.007243316341920894  0.00018785091293869403
8.8  -0.007242905976623817  0.00018780540503555765
8.82  -0.007242526402826513  0.00018775239043425683
8.84  -0.007242179869903895  0.00018769232944704017
8.86  -0.00724186812520737  0.00018762575675390695
8.88  -0.007241592413790902  0.00018755327195241244
8.9  -0.007241353484264853  0.00018747552959954005
8.92  -0.00724115160045604  0.0001873932288785596
8.94  -0.007240986558485651  0.00018730710304013068
8.96  -0.007240857708845867  0.0001872179087559269
8.98  -0.007240763982995094  0.00018712641552778695
9.0  -0.0072407039239695235  0.00018703339527822017
9.02  -0.0072406757204745275  0.00018693961225677632
9.040000000000001  -0.0072406772439081  0.0001868458133759221
9.06  -0.0072407060877313825  0.00018675271908997197
9.08  -0.007240759608637158  0.00018666101491693728
9.1  -0.007240834968927353  0.00018657134368448242
9.120000000000001  -0.00724092917954314  0.00018648429859242102
9.14  -0.007241039143201858  0.00018640041713544682
9.16  -0.007241161697107068  0.00018632017595542527
9.18  -0.00724129365473453  0.00018624398664807297
9.200000000000001  -0.0072414318462260775  0.00018617219255505775
9.22  -0.007241573156945799  0.0001861050665455165
9.24  -0.007241714563816513  0.00018604280979569646
9.26  -0.00724185316906985  0.00018598555153545002
9.28  -0.007241986231112347  0.00018593334975249123
9.3  -0.007242111192238503  0.000185886192798256
9.32  -0.00724222570297813  0.0001858440018584954
9.34  -0.007242327642916979  0.00018580663422866758
9.36  -0.007242415137872009  0.0001857738873149475
9.38  -0.007242486573352369  0.00018574550330101715
9.4  -0.00724254060428897  0.00018572117438736004
9.42  -0.007242576161061554  0.00018570054852730985
9.44  -0.007242592451880876  0.00018568323555560466
9.46  -0.007242588961653872  0.00018566881363378307
9.48  -0.0072425654474680586  0.0001856568359048482
9.5  -0.007242521930885163  0.00018564683726584994
9.52  -0.007242458687262438  0.00018563834117483926
9.540000000000001  -0.007242376232341692  0.0001856308663882593
9.56  -0.007242275306373617  0.0001856239335513056
9.58  -0.007242156856072749  0.0001856170715588171
9.6  -0.0072420220146983735  0.00018560982360487483
9.620000000000001  -0.0072418720805839405  0.00018560175285488024
9.64  -0.007241708494429285  0.00018559244767478434
9.66  -0.007241532815688626  0.00018558152636450004
9.68  -0.007241346698376367  0.00018556864134682054
9.700000000000001  -0.007241151866607209  0.00018555348277214017
9.72  -0.007240950090187189  0.00018553578150763288
9.74  -0.007240743160551725  0.00018551531149981322
9.76  -0.007240532867335167  0.00018549189148042207
9.78  -0.007240320975837085  0.00018546538603252105
9.8  -0.007240109205633536  0.0001854357060049
9.82  -0.007239899210554162  0.00018540280830973212
9.84  -0.007239692560221371  0.0001853666950935847
9.86  -0.007239490723327003  0.00018532741235098294
9.88  -0.007239295052787302  0.00018528504797712085
9.9  -0.007239106772894134  0.00018523972933489756
9.92  -0.0072389269685491486  0.0001851916203590318
9.94  -0.007238756576638654  0.0001851409182648012
9.96  -0.007238596379583012  0.00018508784991277136
9.98  -0.007238447001055525  0.00018503266788099239
10.0  -0.007238308903856679  0.00018497564631991885
10.02  -0.007238182389882354  0.00018491707663948463
10.040000000000001  -0.007238067602123705  0.00018485726309316338
10.06  -0.007237964528590615  0.00018479651832910185
10.08  -0.007237873008048824  0.00018473515895526225
10.1  -0.007237792737432952  0.0001846735011859462
10.120000000000001  -0.007237723280784512  0.00018461185662848863
10.14  -0.007237664079550717  0.00018455052824629405
10.16  -0.007237614464061881  0.00018448980656682855
10.18  -0.00723757366601234  0.00018442996616049975
10.200000000000001  -0.007237540831745189  0.0001843712624432774
10.22  -0.007237515036151529  0.00018431392882241972
10.24  -0.007237495296987531  0.00018425817421997403
10.26  -0.007237480589409382  0.00018420418100241275
10.28  -0.007237469860551725  0.0001841521033161211
10.3  -0.007237462043945801  0.00018410206585218022
10.32  -0.00723745607361503  0.00018405416303607087
10.34  -0.007237450897677137  0.0001840084586413727
10.36  -0.007237445491299899  0.000183964985833169
10.38  -0.007237438868868091  0.00018392374759988462
10.4  -0.007237430095234917  0.0001838847175796702
10.42  -0.0072374182959517785  0.00018384784125893567
10.44  -0.007237402666374881  0.00018381303749601824
10.46  -0.007237382479582149  0.00018378020035660656
10.48  -0.007237357093025926  0.00018374920122824108
10.5  -0.0072373259538956024  0.00018371989116325657
10.52  -0.007237288603157805  0.00018369210342872262
10.540000000000001  -0.007237244678263186  0.00018366565621246068
10.56  -0.007237193914545469  0.0001836403554474847
10.58  -0.007237136145320563  0.00018361599771524038
10.6  -0.007237071300741372  0.0001835923731874007
10.620000000000001  -0.007236999405458518  0.0001835692685636891
10.64  -0.007236920575155344  0.00018354646996688212
10.66  -0.007236835012044095  0.00018352376575916707
10.68  -0.007236742999408402  0.00018350094925084293
10.700000000000001  -0.0072366448952965136  0.0001834778212577295
10.72  -0.007236541125472327  0.00018345419248606267
10.74  -0.007236432175737523  0.0001834298857135512
10.76  -0.007236318583745195  0.00018340473775435736
10.78  -0.007236200930422309  0.0001833786011721425
10.8  -0.00723607983112284  0.0001833513457457189
10.82  -0.007235955926638529  0.0001833228596573075
10.84  -0.00723582987417663  0.00018329305041125802
10.86  -0.007235702338428376  0.0001832618454665788
10.88  -0.007235573982833986  0.00018322919259767157
10.9  -0.007235445461147146  0.00018319505997633166
10.92  -0.0072353174094026175  0.00018315943598351422
10.94  -0.007235190438370462  0.0001831223287672128
10.96  -0.007235065126578594  0.00018308376555913768
10.98  -0.007234942013971618  0.00018304379175699057
11.0  -0.007234821596269525  0.00018300246981106948
11.02  -0.007234704320068871  0.00018295987791539257
11.040000000000001  -0.00723459057873432  0.00018291610853555861
11.06  -0.0072344807090951955  0.00018287126680337635
11.08  -0.007234374988969646  0.00018282546879281214
11.1  -0.00723427363552121  0.00018277883970989247
11.120000000000001  -0.007234176804438348  0.00018273151202212055
11.14  -0.007234084589919607  0.00018268362355106733
11.16  -0.007233997025445081  0.0001826353155563218
11.18  -0.007233914085287624  0.00018258673083763232
11.200000000000001  -0.007233835686734242  0.00018253801187208106
11.22  -0.007233761692952244  0.00018248929902238257
11.24  -0.007233691916450945  0.00018244072881857236
11.26  -0.007233626123076559  0.00018239243235431573
11.28  -0.00723356403646299  0.00018234453379687002
11.3  -0.007233505342881454  0.00018229714903467094
11.32  -0.007233449696397502  0.0001822503844791238
11.34  -0.007233396724273381  0.00018220433601721892
11.36  -0.007233346032533566  0.0001821590881425261
11.38  -0.007233297211615155  0.0001821147132514846
11.4  -0.007233249842034693  0.0001820712711213
11.42  -0.007233203499992451  0.00018202880856697985
11.44  -0.0072331577628487916  0.0001819873592720168
11.46  -0.007233112214407689  0.00018194694378576113
11.48  -0.007233066449943413  0.00018190756970042722
11.5  -0.007233020080919413  0.00018186923198116738
11.52  -0.007232972739342423  0.00018183191343492213
11.540000000000001  -0.007232924081720039  0.0001817955853391484
11.56  -0.007232873792572752  0.00018176020817280137
11.58  -0.007232821587474122  0.00018172573247658577
11.6  -0.00723276721560633  0.00018169209979766726
11.620000000000001  -0.007232710461796742  0.00018165924372318788
11.64  -0.0072326511480409975  0.00018162709097210822
11.66  -0.007232589134504566  0.00018159556254267835
11.68  -0.007232524320009526  0.00018156457488970745
11.700000000000001  -0.007232456642014583  0.0001815340411163257
11.72  -0.007232386076112684  0.00018150387216602182
11.74  -0.007232312635057884  0.00018147397800295155
11.76  -0.007232236367359688  0.0001814442687630542
11.78  -0.00723215735547271  0.00018141465585873507
11.8  -0.007232075713618875  0.00018138505302728861
11.82  -0.007231991585281424  0.00018135537731899106
11.84  -0.007231905140416766  0.0001813255500042029
11.86  -0.007231816572426567  0.00018129549739468609
11.88  -0.007231726094936188  0.00018126515157159654
11.9  -0.007231633938429308  0.0001812344510152274
11.92  -0.007231540346785679  0.00018120334113533657
11.94  -0.007231445573767581  0.00018117177469049794
11.96  -0.007231349879504948  0.00018113971210095776
11.98  -0.007231253527017664  0.00018110712165700545
12.0  -0.007231156778825359  0.00018107397961794679
12.02  -0.007231059893681058  0.00018104027021087824
12.040000000000001  -0.0072309631234605595  0.00018100598552938903
12.06  -0.007230866710256722  0.00018097112533240443
12.08  -0.007230770883687063  0.00018093569676686498
12.1  -0.007230675858461857  0.00018089971399672296
12.120000000000001  -0.007230581832219883  0.00018086319776109235
12.14  -0.007230488983657242  0.00018082617487770908
12.16  -0.007230397470961303  0.0001807886776726105
12.18  -0.007230307430557319  0.0001807507433745925
12.200000000000001  -0.0072302189761715655  0.00018071241346992169
12.22  -0.007230132198216985  0.0001806737330251646
12.24  -0.007230047163491557  0.0001806347499938661
12.26  -0.007229963915183377  0.00018059551451668623
12.280000000000001  -0.007229882473178205  0.0001805560782139736
12.3  -0.007229802834639892  0.0001805164934941773
12.32  -0.007229724974864541  0.00018047681287769132
12.34  -0.0072296488483735806  0.00018043708834394287
12.36  -0.007229574390229466  0.00018039737071118864
12.38  -0.007229501517550179  0.00018035770905577923
12.4  -0.0072294301311911875  0.0001803181501745444
12.42  -0.007229360117572657  0.00018027873809978628
12.44  -0.007229291350623153  0.0001802395136638949
12.46  -0.007229223693804566  0.0001802005141230121
12.48  -0.007229157002197303  0.00018016177283644238
12.5  -0.007229091124614211  0.00018012331901376427
12.52  -0.007229025905714698  0.00018008517751659032
12.540000000000001  -0.007228961188094605  0.00018004736872664461
12.56  -0.007228896814322034  0.00018000990847461998
12.58  -0.007228832628900144  0.0001799728080205138
12.6  -0.007228768480131079  0.0001799360741035761
12.620000000000001  -0.0072287042218666005  0.00017989970903573948
12.64  -0.0072286397151208135  0.0001798637108537552
12.66  -0.0072285748295315266  0.00017982807351027018
12.68  -0.007228509444661896  0.00017979278711290704
12.700000000000001  -0.007228443451128347  0.00017975783820260222
12.72  -0.007228376751546755  0.00017972321005924746
12.74  -0.007228309261291565  0.0001796888830368311
12.76  -0.0072282409090688084  0.00017965483492533748
12.780000000000001  -0.007228171637298745  0.00017962104132239031
12.8  -0.0072281014023134514  0.00017958747602337267
12.82  -0.007228030174371104  0.0001795541114137259
12.84  -0.007227957937497603  0.00017952091886359037
12.86  -0.007227884689159974  0.00017948786911923826
12.88  -0.00722781043978593  0.0001794549326845141
12.9  -0.007227735212138165  0.000179422080193607
12.92  -0.0072276590405606885  0.00017938928276065328
12.94  -0.007227581970105003  0.00017935651231409662
12.96  -0.0072275040555630915  0.00017932374190745691
12.98  -0.0072274253604093786  0.00017929094599842686
13.0  -0.007227345955677724  0.0001792581007052907
13.02  -0.0072272659187896954  0.00017922518403019568
13.040000000000001  -0.007227185332347591  0.00017919217604598698
13.06  -0.00722710428290509  0.00017915905905876512
13.08  -0.007227022859744973  0.0001791258177279313
13.1  -0.007226941153664611  0.00017909243915821018
13.120000000000001  -0.0072268592557906365  0.00017905891295609392
13.14  -0.0072267772564399676  0.00017902523124994934
13.16  -0.007226695244031448  0.00017899138868638932
13.18  -0.007226613304063711  0.00017895738238938496
13.200000000000001  -0.007226531518175727  0.00017892321189262014
13.22  -0.00722644996328649  0.00017888887904823978
13.24  -0.007226368710829797  0.00017885438790747382
13.26  -0.007226287826088092  0.00017881974458031107
13.280000000000001  -0.007226207367629097  0.000178784957079911
13.3  -0.007226127386849248  0.0001787500351437555
13.32  -0.007226047927623309  0.00017871499004739266
13.34  -0.00722596902606154  0.00017867983440419667
13.36  -0.007225890710376266  0.00017864458195759354
13.38  -0.007225813000849203  0.000178609247368407
13.4  -0.007225735909899134  0.00017857384600269158
13.42  -0.007225659442246662  0.00017853839371495772
13.44  -0.007225583595166785  0.000178502906639243
13.46  -0.007225508358823346  0.00017846740098126016
13.48  -0.007225433716678294  0.00017843189282297067
13.5  -0.007225359645973552  0.0001783963979318543
13.52  -0.007225286118261048  0.00017836093158596654
13.540000000000001  -0.007225213099991468  0.00017832550841090947
13.56  -0.007225140553135514  0.00017829014222883044
13.58  -0.007225068435839605  0.00017825484592659725
13.6  -0.007224996703102371  0.0001782196313419167
13.620000000000001  -0.007224925307460361  0.0001781845091604664
13.64  -0.007224854199680237  0.00017814948883656905
13.66  -0.007224783329441069  0.00017811457853163438
13.68  -0.0072247126460048584  0.00017807978506684008
13.700000000000001  -0.0072246420988609766  0.00017804511389682702
13.72  -0.007224571638348775  0.00017801056909941325
13.74  -0.007224501216236663  0.00017797615338313144
13.76  -0.007224430786263648  0.000177941868110497
13.780000000000001  -0.007224360304634106  0.00017790771333563106
13.8  -0.007224289730457909  0.00017787368785638459
13.82  -0.007224219026142045  0.00017783978927818583
13.84  -0.0072241481577215395  0.00017780601409322813
13.86  -0.007224077095132194  0.00017777235776456925
13.88  -0.007224005812425588  0.00017773881482040135
13.9  -0.007223934287918381  0.0001777053789598377
13.92  -0.0072238625042905825  0.00017767204315756528
13.94  -0.007223790448621776  0.00017763879977855294
13.96  -0.007223718112366639  0.0001776056406938361
13.98  -0.007223645491285069  0.00017757255739365188
14.0  -0.007223572585318188  0.0001775395411058826
14.02  -0.007223499398416551  0.00017750658291094772
14.040000000000001  -0.007223425938323829  0.00017747367385318672
14.06  -0.0072233522163303275  0.0001774408050495347
14.08  -0.007223278246982616  0.00017740796779046862
14.1  -0.0072232040477715155  0.00017737515363976146
14.120000000000001  -0.0072231296387940905  0.00017734235452188097
14.14  -0.007223055042395814  0.00017730956280582967
14.16  -0.007222980282802455  0.00017727677137803038
14.18  -0.007222905385740824  0.00017724397370790223
14.200000000000001  -0.007222830378057711  0.00017721116390040972
14.22  -0.007222755287343022  0.00017717833674742156
14.24  -0.007222680141553492  0.0001771454877590747
14.26  -0.007222604968651727  0.00017711261319235572
14.280000000000001  -0.007222529796258898  0.000177079710065438
14.3  -0.007222454651324055  0.00017704677616604115
14.32  -0.007222379559818611  0.00017701381005029372
14.34  -0.007222304546451778  0.0001769808110287127
14.36  -0.0072222296344148056  0.00017694777914902042
14.38  -0.007222154845155428  0.00017691471516634668
14.4  -0.007222080198180589  0.0001768816205085027
14.42  -0.007222005710892437  0.00017684849723742854
14.44  -0.0072219313984570686  0.00017681534799572293
14.46  -0.00722185727370686  0.00017678217596144485
14.48  -0.00722178334707207  0.00017674898478450032
14.5  -0.007221709626551387  0.00017671577853055776
14.52  -0.007221636117705389  0.00017668256161683865
14.540000000000001  -0.007221562823686141  0.00017664933874783758
14.56  -0.0072214897452951635  0.00017661611484600292
14.58  -0.007221416881063888  0.00017658289499183325
14.6  -0.007221344227363343  0.0001765496843536403
14.620000000000001  -0.007221271778533272  0.00017651648812474688
14.64  -0.0072211995270319304  0.00017648331146135845
14.66  -0.007221127463604303  0.00017645015942388212
14.68  -0.007221055577460996  0.00017641703691733762
14.700000000000001  -0.00722098385647161  0.000176383948644797
14.72  -0.007220912287369684  0.00017635089905472566
14.74  -0.007220840855954525  0.00017631789229988876
14.76  -0.007220769547308397  0.00017628493219638434
14.780000000000001  -0.007220698346000977  0.00017625202219305805
14.8  -0.0072206272363056195  0.0001762191653409128
14.82  -0.007220556202397969  0.0001761863642748375
14.84  -0.007220485228555798  0.00017615362119425323
14.86  -0.007220414299347965  0.00017612093785437764
14.88  -0.007220343399810441  0.00017608831556197366
14.9  -0.007220272515614169  0.0001760557551755214
14.92  -0.007220201633211262  0.0001760232571150417
14.94  -0.0072201307399765375  0.00017599082136954025
14.96  -0.0072200598243235105  0.00017595844752045433
14.98  -0.007219988875805305  0.0001759261347582636
15.0  -0.0072199178852036024  0.00017589388191224228
15.02  -0.007219846844589005  0.00017586168748008786
15.040000000000001  -0.0072197757473765455  0.00017582954966091787
15.06  -0.007219704588351063  0.00017579746639335357
15.08  -0.0072196333636813294  0.00017576543539308707
15.1  -0.007219562070915342  0.00017573345419409723
15.120000000000001  -0.007219490708960747  0.00017570152018768893
15.14  -0.0072194192780447464  0.0001756696306656298
15.16  -0.007219347779666643  0.000175637782860139
15.18  -0.0072192762165271  0.0001756059739869999
15.200000000000001  -0.007219204592457644  0.00017557420128323282
15.22  -0.0072191329123271  0.0001755424620441938
15.24  -0.007219061181945209  0.00017551075366090715
15.26  -0.0072189894079598945  0.00017547907365182968
15.280000000000001  -0.007218917597741537  0.0001754474196954705
15.3  -0.007218845759269053  0.0001754157896525862
15.32  -0.0072187739010084314  0.00017538418159618807
15.34  -0.007218702031795372  0.00017535259382950102
15.36  -0.00721863016071045  0.00017532102490080785
15.38  -0.007218558296960803  0.0001752894736199142
15.4  -0.007218486449764893  0.0001752579390631778
15.42  -0.007218414628238293  0.0001752264205817657
15.44  -0.007218342841288059  0.00017519491780008478
15.46  -0.007218271097511222  0.00017516343061770007
15.48  -0.007218199405104672  0.0001751319591998421
15.5  -0.007218127771774964  0.00017510050396849202
15.52  -0.00721805620466851  0.00017506906559215093
15.540000000000001  -0.007217984710304185  0.0001750376449699505
15.56  -0.007217913294513694  0.00017500624320983932
15.58  -0.007217841962402195  0.0001749748616135122
15.6  -0.007217770718309922  0.00017494350164976442
15.620000000000001  -0.007217699565788464  0.00017491216493325027
15.64  -0.007217628507587491  0.0001748808531976419
15.66  -0.007217557545651149  0.0001748495682696905
15.68  -0.007217486681124966  0.0001748183120409863
15.700000000000001  -0.007217415914370622  0.0001747870864448796
15.72  -0.007217345244993722  0.0001747558934242093
15.74  -0.007217274671874013  0.00017472473490615933
15.76  -0.0072172041932086865  0.00017469361278036791
15.780000000000001  -0.007217133806558839  0.000174662528868713
15.8  -0.007217063508905341  0.00017463148490593834
15.82  -0.007216993296704005  0.00017460048251589916
15.84  -0.0072169231659554665  0.0001745695231930696
15.860000000000001  -0.007216853112264318  0.00017453860828567472
15.88  -0.0072167831309144035  0.00017450773897974595
15.9  -0.007216713216936991  0.00017447691628481274
15.92  -0.007216643365181588  0.00017444614102478194
15.94  -0.007216573570386416  0.0001744154138343704
15.96  -0.007216503827251669  0.00017438473514827757
15.98  -0.007216434130503625  0.000174354105200831
16.0  -0.007216364474959796  0.00017432352402773255
16.02  -0.007216294855592573  0.00017429299146900075
16.04  -0.007216225267585848  0.00017426250717283287
16.06  -0.007216155706387136  0.00017423207060437214
16.080000000000002  -0.0072160861677568865  0.00017420168105407698
16.1  -0.007216016647809867  0.00017417133765179008
16.12  -0.007215947143051949  0.00017414103938101982
16.14  -0.007215877650410466  0.00017411078509146514
16.16  -0.0072158081672558366  0.0001740805735166922
16.18  -0.007215738691424518  0.0001740504032925416
16.2  -0.007215669221226226  0.00017402027297614857
16.22  -0.007215599755449242  0.0001739901810634822
16.240000000000002  -0.00721553029336103  0.0001739601260108602
16.26  -0.007215460834700209  0.0001739301062533756
16.28  -0.007215391379664576  0.0001739001202239062
16.3  -0.0072153219288925855  0.0001738701663742958
16.32  -0.007215252483441857  0.00017384024319029622
16.34  -0.007215183044759173  0.00017381034921334308
16.36  -0.007215113614653862  0.00017378048305205366
16.38  -0.007215044195257695  0.0001737506434008909
16.4  -0.007214974788992598  0.00017372082905438415
16.42  -0.007214905398526384  0.0001736910389173245
16.44  -0.007214836026735004  0.0001736612720167656
16.46  -0.00721476667665636  0.00017363152750867118
16.48  -0.007214697351449499  0.00017360180468833464
16.5  -0.00721462805435082  0.00017357210299085265
16.52  -0.0072145587886277805  0.0001735424220013303
16.54  -0.007214489557540972  0.00017351276144904652
16.56  -0.007214420364302393  0.0001734831212087036
16.580000000000002  -0.007214351212035466  0.00017345350130297174
16.6  -0.007214282103739343  0.0001734239018927782
16.62  -0.0072142130422561054  0.00017339432327235761
16.64  -0.007214144030240955  0.00017336476586650988
16.66  -0.007214075070132551  0.00017333523021664186
16.68  -0.007214006164130755  0.00017330571697484842
16.7  -0.007213937314179653  0.0001732762268895199
16.72  -0.0072138685219457375  0.0001732467607984139
16.740000000000002  -0.007213799788812505  0.00017321731961174574
16.76  -0.007213731115868161  0.00017318790429924691
16.78  -0.0072136625039025005  0.00017315851587918786
16.8  -0.007213593953408844  0.0001731291554046323
16.82  -0.007213525464585969  0.0001730998239457709
16.84  -0.007213457037344783  0.00017307052257871342
16.86  -0.007213388671320183  0.00017304125237575698
16.88  -0.007213320365885853  0.0001730120143864585
16.9  -0.007213252120168095  0.00017298280962707612
16.92  -0.0072131839330688095  0.00017295363907065365
16.94  -0.007213115803284042  0.00017292450363513243
16.96  -0.007213047729329954  0.0001728954041722728
16.98  -0.007212979709565842  0.00017286634146277937
17.0  -0.007212911742221126  0.0001728373162043823
17.02  -0.007212843825423177  0.00017280832900953125
17.04  -0.007212775957223043  0.0001727793803955327
17.06  -0.0072127081356268405  0.00017275047078500375
17.080000000000002  -0.007212640358618988  0.00017272160050106877
17.1  -0.007212572624189742  0.00017269276976550352
17.12  -0.007212504930364185  0.00017266397869978466
17.14  -0.007212437275224982  0.0001726352273259778
17.16  -0.007212369656933963  0.0001726065155695808
17.18  -0.007212302073757183  0.00017257784326091437
17.2  -0.007212234524080921  0.00017254921014138653
17.22  -0.007212167006431562  0.00017252061586689948
17.240000000000002  -0.007212099519490176  0.0001724920600157801
17.26  -0.007212032062105301  0.00017246354209625485
17.28  -0.007211964633302289  0.0001724350615487507
17.3  -0.007211897232292536  0.00017240661775988443
17.32  -0.007211829858476114  0.000172378210069972
17.34  -0.0072117625114474955  0.00017234983777553994
17.36  -0.00721169519099282  0.000172321500146958
17.38  -0.007211627897089426  0.0001722931964304906
17.400000000000002  -0.007211560629899132  0.00017226492585956376
17.42  -0.007211493389763578  0.00017223668766411379
17.44  -0.007211426177194131  0.00017220848107663353
17.46  -0.0072113589928595925  0.00017218030534132457
17.48  -0.007211291837574974  0.00017215215972163697
17.5  -0.00721122471228915  0.00017212404350785455
17.52  -0.007211157618066479  0.00017209595602174689
17.54  -0.007211090556071543  0.00017206789662187107
17.56  -0.0072110235275528595  0.0001720398647115121
17.580000000000002  -0.007210956533824437  0.0001720118597403743
17.6  -0.0072108895762469675  0.00017198388120832876
17.62  -0.007210822656211935  0.000171955928667838
17.64  -0.007210755775121425  0.00017192800172632146
17.66  -0.007210688934371603  0.00017190010004841736
17.68  -0.0072106221353343365  0.00017187222335342955
17.7  -0.007210555379344477  0.00017184437141891834
17.72  -0.007210488667681338  0.00017181654407616963
17.740000000000002  -0.007210422001554259  0.00017178874120776474
17.76  -0.007210355382091823  0.00017176096275025617
17.78  -0.0072102888103276605  0.00017173320868477349
17.8  -0.007210222287194909  0.00017170547903847178
17.82  -0.00721015581351311  0.0001716777738811
17.84  -0.007210089389983598  0.00017165009331291173
17.86  -0.007210023017181703  0.00017162243747130724
17.88  -0.007209956695556838  0.00017159480651875555
17.900000000000002  -0.007209890425427921  0.00017156720064015544
17.92  -0.007209824206983564  0.00017153962003811315
17.94  -0.007209758040285405  0.00017151206492673962
17.96  -0.007209691925267329  0.0001714845355281892
17.98  -0.007209625861741948  0.00017145703206528106
18.0  -0.007209559849406515  0.00017142955476427956
18.02  -0.007209493887848504  0.0001714021038394253
18.04  -0.007209427976554175  0.00017137467949724505
18.06  -0.007209362114916814  0.00017134728193103562
18.080000000000002  -0.007209296302247137  0.0001713199113142436
18.1  -0.007209230537783622  0.00017129256780134698
18.12  -0.007209164820702038  0.00017126525152365648
18.14  -0.007209099150130239  0.0001712379625889445
18.16  -0.007209033525155385  0.00017121070107570046
18.18  -0.007208967944838022  0.00017118346703624252
18.2  -0.007208902408223278  0.00017115626049281812
18.22  -0.007208836914351641  0.00017112908144051357
18.240000000000002  -0.007208771462271582  0.00017110192984329974
18.26  -0.007208706051047661  0.00017107480563990088
18.28  -0.00720864067977146  0.000171047708740561
18.3  -0.007208575347572306  0.0001710206390277459
18.32  -0.007208510053624013  0.00017099359636155723
18.34  -0.007208444797153304  0.0001709665805794416
18.36  -0.007208379577445339  0.0001709395914985854
18.38  -0.0072083143938524614  0.0001709126289182693
18.400000000000002  -0.0072082492457953605  0.0001708856926223938
18.42  -0.007208184132769983  0.00017085878238233012
18.44  -0.00720811905434765  0.00017083189796153518
18.46  -0.007208054010178843  0.00017080503911573377
18.48  -0.007207988999992277  0.00017077820559615648
18.5  -0.007207924023596261  0.0001707513971532156
18.52  -0.0072078590808751924  0.0001707246135418983
18.54  -0.007207794171789649  0.00017069785451849983
18.56  -0.007207729296373177  0.00017067111984767525
18.580000000000002  -0.007207664454724755  0.00017064440930502565
18.6  -0.007207599647009894  0.00017061772267551976
18.62  -0.0072075348734526356  0.0001705910597611763
18.64  -0.007207470134329544  0.0001705644203758685
18.66  -0.007207405429966257  0.0001705378043532942
18.68  -0.007207340760727696  0.00017051121154228432
18.7  -0.007207276127012265  0.00017048464181504966
18.72  -0.007207211529247918  0.00017045809506099918
18.740000000000002  -0.007207146967882576  0.00017043157118933413
18.76  -0.0072070824433769975  0.0001704050701297283
18.78  -0.007207017956199989  0.00017037859183429284
18.8  -0.007206953506820622  0.00017035213627373993
18.82  -0.007206889095701752  0.00017032570343548568
18.84  -0.007206824723294022  0.00017029929332732278
18.86  -0.007206760390032268  0.00017027290597323796
18.88  -0.007206696096327979  0.00017024654141393927
18.900000000000002  -0.00720663184256525  0.0001702201997022505
18.92  -0.007206567629096276  0.0001701938809053668
18.94  -0.0072065034562394424  0.00017016758509998727
18.96  -0.007206439324275136  0.00017014131237216688
18.98  -0.007206375233444224  0.0001701150628162834
19.0  -0.007206311183945108  0.0001700888365286972
19.02  -0.007206247175932511  0.0001700626336113592
19.04  -0.007206183209519174  0.0001700364541650224
19.06  -0.007206119284772711  0.00017001029829015636
19.080000000000002  -0.007206055401718164  0.0001699841660856509
19.1  -0.007205991560339153  0.0001699580576445327
19.12  -0.007205927760578521  0.00016993197305333155
19.14  -0.00720586400234086  0.00016990591239026976
19.16  -0.007205800285493838  0.0001698798757234669
19.18  -0.007205736609872426  0.00016985386311154917
19.2  -0.007205672975282675  0.00016982787459937437
19.22  -0.007205609381502124  0.0001698019102210826
19.240000000000002  -0.0072055458282864705  0.00016977596999479075
19.26  -0.007205482315370021  0.00016975005392418373
19.28  -0.0072054188424721935  0.00016972416199899332
19.3  -0.0072053554092993966  0.00016969829419229393
19.32  -0.007205292015549954  0.00016967245046225511
19.34  -0.0072052286609185084  0.00016964663074962443
19.36  -0.007205165345097732  0.00016962083498444041
19.38  -0.00720510206778125  0.00016959506307717763
19.400000000000002  -0.007205038828670276  0.00016956931492708414
19.42  -0.007204975627474047  0.0001695435904192123
19.44  -0.007204912463911042  0.00016951788942522672
19.46  -0.007204849337715655  0.0001694922118050733
19.48  -0.007204786248637471  0.0001694665574085277
19.5  -0.007204723196443828  0.0001694409260745798
19.52  -0.007204660180921061  0.00016941531763718648
19.54  -0.007204597201875619  0.0001693897319190759
19.56  -0.007204534259136582  0.0001693641687382021
19.580000000000002  -0.007204471352554084  0.00016933862791006818
19.6  -0.007204408481999684  0.00016931310924537027
19.62  -0.007204345647366973  0.00016928761255234767
19.64  -0.0072042828485715475  0.00016926213764143595
19.66  -0.007204220085549561  0.000169236684321141
19.68  -0.007204157358254585  0.00016921125240429126
19.7  -0.007204094666662922  0.0001691858417059806
19.72  -0.007204032010764127  0.0001691604520447391
19.740000000000002  -0.007203969390564537  0.00016913508324592822
19.76  -0.007203906806083016  0.0001691097351415051
19.78  -0.007203844257351112  0.00016908440757017657
19.8  -0.007203781744409584  0.00016905910037956452
19.82  -0.007203719267306513  0.00016903381342587366
19.84  -0.007203656826096697  0.00016900854657336735
19.86  -0.007203594420836313  0.00016898329969732457
19.88  -0.007203532051582999  0.00016895807268211286
19.900000000000002  -0.007203469718394506  0.0001689328654254469
19.92  -0.007203407421325727  0.0001689076778316384
19.94  -0.007203345160426901  0.0001688825098191651
19.96  -0.007203282935741767  0.00016885736131541743
19.98  -0.007203220747305419  0.00016883223225911689
20.0  -0.007203158595144182  0.00016880712259693568
