0.02  -0.04594999667101253  0.0013568644191384613
0.04  -0.08664898416748584  0.0012929011071858914
0.06  -0.12281991905052635  0.0012111605155044327
0.08  -0.15509866962691926  0.0011112204101806193
0.1  -0.1839159954017793  0.000987840588722923
0.12  -0.2095570387839403  0.0008446491180189449
0.14  -0.23223076117641897  0.000685486426902377
0.16  -0.25211060543811487  0.0005192166341253252
0.18  -0.2693584513614812  0.000359385040420114
0.2  -0.28410985472297007  0.00019140960827051493
0.22  -0.29649511357962705  2.340751870166326e-05
0.24  -0.3066364291209403  -0.00014046803431513573
0.26  -0.3146487197183204  -0.000297706590273913
0.28  -0.32064168152085964  -0.0004465015912091156
0.3  -0.3247220870940466  -0.0005851045450808683
0.32  -0.32699539705531266  -0.0007117492965593027
0.34  -0.32756740756356817  -0.0008248247109405411
0.36  -0.32654526951766977  -0.0009231415976864355
0.38  -0.32403783034100353  -0.001006042140415582
0.4  -0.3201557544787791  -0.0010733883210705673
0.42  -0.31501146926366064  -0.0011254810258575882
0.44  -0.30871899598301417  -0.0011629292439996925
0.46  -0.3013936873620859  -0.0011865375142708122
0.48  -0.2931517185061143  -0.0011973006957312939
0.5  -0.28410944425809376  -0.0011963893223138316
0.52  -0.2743828280662563  -0.001185038568483698
0.54  -0.26408681621143115  -0.0011644174492586932
0.56  -0.2533345968336699  -0.0011355158575050634
0.58  -0.24223681193098487  -0.0010990646223129122
0.6  -0.230900803773893  -0.001055497065643425
0.62  -0.21943000813591354  -0.0010049642652249532
0.64  -0.20792347227326996  -0.0009474396440964793
0.66  -0.19647469473789383  -0.0008830961671833855
0.68  -0.1851685725950376  -0.0008131169797111883
0.7000000000000001  -0.17407974738275328  -0.0007403168327047788
0.72  -0.16327585418406093  -0.0006686216734540782
0.74  -0.15281938173994003  -0.0006019107219138798
0.76  -0.1427665180546298  -0.0005433074165488031
0.78  -0.13316618784780745  -0.0004950437304258523
0.8  -0.12405978975976248  -0.0004586900211738785
0.8200000000000001  -0.11548127732323164  -0.00043547788045739295
0.84  -0.10745708766597309  -0.00042590606224696755
0.86  -0.10000521483666787  -0.00042820451707565774
0.88  -0.09313355382176096  -0.0004373612471277029
0.9  -0.0868395544572752  -0.0004467046970991876
0.92  -0.08111231658435217  -0.0004507476394886768
0.9400000000000001  -0.07593554651279846  -0.00044679533484223
0.96  -0.07128977362324225  -0.0004347588509568429
0.98  -0.06715348037150316  -0.00041608551758048277
1.0  -0.06350349248003748  -0.00039273148117157644
1.02  -0.060315056856362105  -0.00036652888051461627
1.04  -0.05756187451771395  -0.0003389316928168986
1.06  -0.05521620086326265  -0.00031103607069043354
1.08  -0.05324902994700755  -0.00028373952457500515
1.1  -0.05163033644061087  -0.0002578879248189093
1.12  -0.05032934836626821  -0.0002343241926364375
1.1400000000000001  -0.049314836674112204  -0.00021385251506004675
1.16  -0.048555415193865276  -0.0001971734586052819
1.18  -0.048019849847591715  -0.00018482556072421536
1.2  -0.047677385978107764  -0.0001771383305826203
1.22  -0.04749811954797366  -0.0001741881480646384
1.24  -0.047453465350706305  -0.00017575779853703903
1.26  -0.0475168248913864  -0.00018132320465461677
1.28  -0.04766460035146474  -0.0001900764746155572
1.3  -0.04787704623982959  -0.00020109989567259278
1.32  -0.048135653309566595  -0.00021415941576870165
1.34  -0.04841677100277165  -0.0002296104121899588
1.36  -0.04869190901138334  -0.0002475466531619625
1.3800000000000001  -0.048933736160656695  -0.00026828169775280013
1.4000000000000001  -0.04911938470082904  -0.0002920728742358872
1.42  -0.049230700447766305  -0.00031877763973879375
1.44  -0.0492535318292839  -0.00034781809675372077
1.46  -0.04917703427244562  -0.0003783352616666783
1.48  -0.04899324658243314  -0.0004094756408763157
1.5  -0.048696870501399085  -0.0004405787905180327
1.52  -0.048284999745456046  -0.00047111831043594233
1.54  -0.04775680712396281  -0.0005006048525089692
1.56  -0.047113308206987184  -0.0005285671753140393
1.58  -0.04635719040688333  -0.0005545653128994949
1.6  -0.0454926629055564  -0.0005782019568492803
1.62  -0.044525307293735106  -0.0005991279210694465
1.6400000000000001  -0.04346192430883425  -0.0006170443553616476
1.6600000000000001  -0.042310376953644965  -0.0006317036424858334
1.68  -0.041079431401707715  -0.0006429097770848863
1.7  -0.039778597265458966  -0.0006505184555793552
1.72  -0.038417968788786214  -0.0006544368859618753
1.74  -0.037008068489177454  -0.0006546232599739076
1.76  -0.03555969472527281  -0.0006510858293718666
1.78  -0.03408377459346422  -0.0006438815494566883
1.8  -0.03259122346273909  -0.0006331142752363606
1.82  -0.03109281234444796  -0.0006189325125276208
1.84  -0.029599044165326764  -0.0006015267389329144
1.86  -0.028120039868577827  -0.0005811263194483812
1.8800000000000001  -0.026665435109263648  -0.0005579960485867948
1.9000000000000001  -0.025244288137219437  -0.0005324323546507411
1.92  -0.023864999276553674  -0.0005047592013739661
1.94  -0.02253524222557235  -0.0004753237167055422
1.96  -0.021261907233261775  -0.0004444915687736687
1.98  -0.020051056084549615  -0.0004126420998988934
2.0  -0.018907888769884428  -0.00038016323061816984
2.02  -0.0178367217197281  -0.0003474461679680331
2.04  -0.01684097748819592  -0.0003148799988299085
2.06  -0.01592318567250362  -0.00028284629907923675
2.08  -0.015084994601433348  -0.00025171390573725905
2.1  -0.014327192983365045  -0.00022183395943469716
2.12  -0.013649740457511534  -0.00019353525009487338
2.14  -0.013051805992360594  -0.00016711985469974996
2.16  -0.012531813291637339  -0.00014285908987290419
2.18  -0.012087492605776002  -0.00012098989233555633
2.2  -0.011715938415871601  -0.00010171181454451074
2.22  -0.01141367231661628  -8.518482320590972e-05
2.24  -0.011176710180908182  -7.15280147860349e-05
2.2600000000000002  -0.011000632484053635  -6.0819259264930774e-05
2.2800000000000002  -0.010880656580554558  -5.309569843355832e-05
2.3000000000000003  -0.010811709759803351  -4.835497955387491e-05
2.32  -0.010788502011757663  -4.655709480711417e-05
2.34  -0.01080559756084337  -4.7626706354480055e-05
2.36  -0.010857484346297117  -5.145585246506577e-05
2.38  -0.010938640730084227  -5.790694481661927e-05
2.4  -0.011043598801197416  -6.681597874780184e-05
2.42  -0.01116700372313233  -7.799588732726836e-05
2.44  -0.011303668644859294  -9.123997767441366e-05
2.46  -0.011448624767982463  -0.00010632539476607071
2.48  -0.01159716623566642  -0.00012301656438889328
2.5  -0.011744889582741204  -0.00014106857313684224
2.52  -0.01188772756090932  -0.0001602304493250109
2.54  -0.012021977227397382  -0.00018024831447492775
2.56  -0.012144322258812266  -0.00020086838047265348
2.58  -0.012251849523208512  -0.00022183977255513086
2.6  -0.012342060011294636  -0.00024291716282901442
2.62  -0.012412874291168618  -0.0002638632029283555
2.64  -0.012462632709030374  -0.00028445074768842284
2.66  -0.012490090610180547  -0.00030446486421540644
2.68  -0.012494408899863235  -0.00032370462266503814
2.7  -0.012475140301888192  -0.00034198466639930085
2.72  -0.01243221170452408  -0.000359136560200659
2.74  -0.012365903008114802  -0.0003750099160228191
2.7600000000000002  -0.01227682290745237  -0.0003894732964524325
2.7800000000000002  -0.01216588205456253  -0.0004024148968267349
2.8000000000000003  -0.012034264054493775  -0.0004137430078325318
2.82  -0.011883394748298588  -0.00042338626143643764
2.84  -0.011714910233973051  -0.00043129366421173945
2.86  -0.011530624067899335  -0.0004374344235066047
2.88  -0.011332494076691969  -0.00044179757340170276
2.9  -0.011122589192518555  -0.0004443914090094802
2.92  -0.010903056704297406  -0.00044524273931768156
2.94  -0.010676090293066313  -0.00044439597041204785
2.96  -0.010443899192620124  -0.00044191203251476435
2.98  -0.01020867878666061  -0.00043786716578798207
3.0  -0.009972582921643037  -0.00043235158119201415
3.02  -0.009737698180644988  -0.00042546801388837984
3.04  -0.009506020328488421  -0.0004173301876153561
3.06  -0.009279433102354089  -0.00040806120921381384
3.08  -0.009059689485820902  -0.00039779191291649136
3.1  -0.008848395568000458  -0.00038665917421314003
3.12  -0.008646997053679113  -0.0003748042130284354
3.14  -0.008456768455541707  -0.0003623709055843691
3.16  -0.008278804965967534  -0.0003495041237113308
3.18  -0.008114016973944609  -0.0003363481195124525
3.2  -0.007963127162586703  -0.00032304497221293633
3.22  -0.00782667009491235  -0.0003097331127317294
3.24  -0.007704994170080982  -0.00029654594008591233
3.2600000000000002  -0.00759826580945366  -0.00028361054213779256
3.2800000000000002  -0.007506475711758349  -0.00027104653151136676
3.3000000000000003  -0.007429446999407851  -0.00025896500572360713
3.3200000000000003  -0.007366845063744753  -0.0002474676387907796
3.34  -0.007318188905657589  -0.0002366459097358811
3.36  -0.00728286375967744  -0.00022658047163065325
3.38  -0.007260134784240968  -0.00021734066304896128
3.4  -0.007249161598271417  -0.00020898416210887383
3.42  -0.0072490134444096405  -0.0002015567816916346
3.44  -0.007258684762077883  -0.0001950924028866367
3.46  -0.0072771109588492585  -0.00018961304237396403
3.48  -0.0073031841761858046  -0.0001851290481340688
3.5  -0.0073357688552603524  -0.00018163941681397262
3.52  -0.007373716920101725  -0.0001791322250725221
3.54  -0.007415882408451742  -0.00017758516640875056
3.56  -0.007461135395282631  -0.0001769661842679493
3.58  -0.007508375069640159  -0.00017723419158184898
3.6  -0.007556541842153299  -0.0001783398664000766
3.62  -0.0076046283779566725  -0.00018022651272439405
3.64  -0.00765168946769058  -0.0001828309752229743
3.66  -0.007696850667442288  -0.00018608459606493194
3.68  -0.007739315656787227  -0.00018991420173942823
3.7  -0.007778372282237967  -0.00019424310746517915
3.72  -0.007813397271155743  -0.00019899212669475933
3.74  -0.007843859618376383  -0.00020408057328120927
3.7600000000000002  -0.007869322664161276  -0.00020942724419999967
3.7800000000000002  -0.007889444897488067  -0.00021495137127134164
3.8000000000000003  -0.007903979532920609  -0.00022057353110151742
3.8200000000000003  -0.0079127729222685  -0.00022621650344265584
3.84  -0.007915761873814214  -0.00023180606928580922
3.86  -0.00791296996204621  -0.00023727174126260924
3.88  -0.007904502919433655  -0.00024254742020233183
3.9  -0.007890543208947692  -0.00024757197299757073
3.92  -0.007871343881605809  -0.00025228972824643424
3.94  -0.007847221827439174  -0.00025665088737101
3.96  -0.007818550530883454  -0.0002606118500925184
3.98  -0.007785752442795342  -0.00026413545429287245
4.0  -0.007749291081062343  -0.00026719113129104635
4.0200000000000005  -0.007709662970248674  -0.0002697549785580074
4.04  -0.007667389527906852  -0.000271809752730594
4.0600000000000005  -0.00762300900122059  -0.0002733447866062423
4.08  -0.007577068552574385  -0.0002743558344657715
4.1  -0.007530116586616178  -0.00027484485072558416
4.12  -0.0074826954044603655  -0.0002748197074090682
4.14  -0.00743533426300831  -0.00027429385640762613
4.16  -0.007388542909058557  -0.0002732859428227623
4.18  -0.007342805649070061  -0.0002718193759882263
4.2  -0.007298576006227243  -0.000269921864920069
4.22  -0.007256272007004412  -0.0002676249250769528
4.24  -0.007216272129836647  -0.00026496336331261936
4.26  -0.007178911938893412  -0.00026197474784181256
4.28  -0.007144481416457961  -0.0002586988699228072
4.3  -0.007113222998141399  -0.00025517720372002044
4.32  -0.007085330306196641  -0.00025145237055886895
4.34  -0.0070609475676665975  -0.00024756761343706945
4.36  -0.007040169696070745  -0.00024356628726120258
4.38  -0.007023043007888545  -0.00023949136985251433
4.4  -0.007009566538313389  -0.0002353849982868007
4.42  -0.00699969391467615  -0.00023128803464086685
4.44  -0.006993335740608049  -0.0002272396646796941
4.46  -0.006990362439519268  -0.00022327703250871872
4.48  -0.006990607502241231  -0.000219434913660899
4.5  -0.006993871080847706  -0.00021574542854093455
4.5200000000000005  -0.006999923868623784  -0.00021223779764524564
4.54  -0.007008511204976422  -0.00020893813941623825
4.5600000000000005  -0.007019357343695484  -0.00020586931111122155
4.58  -0.00703216982338597  -0.00020305079256454202
4.6000000000000005  -0.007046643880052551  -0.00020049861226965188
4.62  -0.007062466843687814  -0.00019822531475795538
4.64  -0.007079322463232061  -0.000196239967878096
4.66  -0.007096895107414465  -0.00019454820816491717
4.68  -0.007114873792626472  -0.00019315232221424957
4.7  -0.007132955993125897  -0.00019205136161794966
4.72  -0.007150851193405569  -0.00019124128881067886
4.74  -0.007168284147409946  -0.0001907151509288251
4.76  -0.007184997814412223  -0.00019046327859712783
4.78  -0.007200755946653065  -0.00019047350643028245
4.8  -0.007215345309243881  -0.00019073141189875108
4.82  -0.0072285775182624485  -0.00019122056915650364
4.84  -0.007240290488378975  -0.00019192281438035186
4.86  -0.007250349486623207  -0.0001928185191913334
4.88  -0.007258647794057728  -0.00019388686877368553
4.9  -0.00726510698201742  -0.000195106141399915
4.92  -0.007269676814239729  -0.00019645398621807045
4.94  -0.007272334790530882  -0.0001979076963037392
4.96  -0.007273085351580701  -0.00019944447417287329
4.98  -0.007271958768114145  -0.00020104168716895835
5.0  -0.007269009740699172  -0.00020267711035045237
5.0200000000000005  -0.007264315739219416  -0.00020432915473781946
5.04  -0.007257975113220231  -0.00020597707903474293
5.0600000000000005  -0.0072501050060746215  -0.00020760118317727719
5.08  -0.007240839107145862  -0.0002091829823339527
5.1000000000000005  -0.00723032527690366  -0.0002107053602307275
5.12  -0.0072187230802047905  -0.00021215270094717792
5.14  -0.007206201262811941  -0.00021351099859614353
5.16  -0.007192935205599359  -0.0002147679445436997
5.18  -0.0071791043898592885  -0.00021591299210600452
5.2  -0.007164889905732584  -0.0002169373988695858
5.22  -0.007150472034002078  -0.00021783424706935914
5.24  -0.007136027929422493  -0.0002185984426213962
5.26  -0.007121729431376768  -0.00021922669365769806
5.28  -0.007107741025078275  -0.0002197174695902022
5.3  -0.007094217973713238  -0.00022007094187976683
5.32  -0.007081304639008518  -0.0002202889078951419
5.34  -0.00706913300461719  -0.0002203746994050216
5.36  -0.007057821413580264  -0.0002203330774785911
5.38  -0.007047473527893309  -0.00022017011567606904
5.4  -0.007038177515036554  -0.00021989307324745674
5.42  -0.007030005463299883  -0.00021951025989076295
5.44  -0.007023013024865175  -0.00021903089369543856
5.46  -0.007017239282740461  -0.00021846495411459443
5.48  -0.007012706834884931  -0.0002178230319013394
5.5  -0.0070094220862950436  -0.00021711617791317806
5.5200000000000005  -0.007007375737486188  -0.0002163557525755257
5.54  -0.007006543455763495  -0.00021555327771512428
5.5600000000000005  -0.0070068867138415375  -0.00021472029236060188
5.58  -0.007008353778838166  -0.00021386821400697103
5.6000000000000005  -0.007010880833387929  -0.00021300820671269535
5.62  -0.007014393209630071  -0.00021215105729358545
5.64  -0.007018806716112072  -0.00021130706070942386
5.66  -0.007024029037216121  -0.00021048591563273066
5.68  -0.007029961184569103  -0.00020969663102294266
5.7  -0.007036498979999139  -0.0002089474443726221
5.72  -0.007043534549980952  -0.00020824575214931855
5.74  -0.007050957812122031  -0.00020759805280367764
5.76  -0.007058657935073481  -0.00020700990254822357
5.78  -0.0070665247543059435  -0.0002064858839725055
5.8  -0.007074450127412472  -0.00020602958741064924
5.82  -0.00708232921397826  -0.00020564360482605158
5.84  -0.007090061666612651  -0.0002053295358635421
5.86  -0.007097552721351641  -0.00020508800557273273
5.88  -0.00710471417738501  -0.00020491869319981662
5.9  -0.007111465257846094  -0.00020482037134244083
5.92  -0.00711773334522814  -0.00020479095463989458
5.94  -0.007123454586841873  -0.00020482755713542849
5.96  -0.0071285743675305185  -0.0002049265573157913
5.98  -0.007133047648692643  -0.00020508366982596255
6.0  -0.007136839174347394  -0.0002052940227826646
6.0200000000000005  -0.007139923546686849  -0.0002055522395712268
6.04  -0.00714228517508791  -0.00020585252403325203
6.0600000000000005  -0.007143918104028011  -0.00020618874788845592
6.08  -0.007144825726674162  -0.0002065545392889912
6.1000000000000005  -0.0071450203921056415  -0.0002069433713998756
6.12  -0.0071445229151690685  -0.00020734864994379908
6.140000000000001  -0.007143361998858726  -0.00020776379868153982
6.16  -0.007141573579842651  -0.0002081823418672075
6.18  -0.007139200108319871  -0.00020859798276593177
6.2  -0.00713628977378203  -0.00020900467741111092
6.22  -0.007132895688511245  -0.0002093967028541683
6.24  -0.007129075040702505  -0.00020976871924076763
6.26  -0.007124888229037231  -0.00021011582515103515
6.28  -0.007120397990295358  -0.0002104336057345189
6.3  -0.007115668531234576  -0.00021071817326396918
6.32  -0.007110764675491031  -0.00021096619986002885
6.34  -0.00710575103560335  -0.00021117494219397216
6.36  -0.007100691219601269  -0.00021134225813685537
6.38  -0.007095647080740288  -0.0002114666153673364
6.4  -0.007090678018129171  -0.00021154709208871347
6.42  -0.007085840335009947  -0.00021158337006429377
6.44  -0.0070811866604809275  -0.00021157572030448384
6.46  -0.007076765439418451  -0.00021152498176944785
6.48  -0.0070726204942908166  -0.0002114325335864876
6.5  -0.007068790661526432  -0.00021130026128652907
6.5200000000000005  -0.007065309504040341  -0.00021113051766498794
6.54  -0.007062205100496745  -0.00021092607890344168
6.5600000000000005  -0.007059499910911342  -0.00021069009662666216
6.58  -0.007057210717235236  -0.00021042604661569405
6.6000000000000005  -0.0070553486366833375  -0.00021013767488900031
6.62  -0.007053919204747997  -0.00020982894192076915
6.640000000000001  -0.007052922524070408  -0.00020950396571486858
6.66  -0.007052353474689343  -0.0002091669644964971
6.68  -0.007052201980585265  -0.0002088221997281696
6.7  -0.0070524533269319  -0.00020847392016455548
6.72  -0.007053088522074517  -0.00020812630759877836
6.74  -0.00705408469791727  -0.00020778342494158362
6.76  -0.007055415542192321  -0.00020744916721547602
6.78  -0.007057051755936936  -0.00020712721599103776
6.8  -0.007058961529471411  -0.0002068209977456673
6.82  -0.007061111030218977  -0.00020653364655794386
6.84  -0.007063464895807095  -0.0002062679714882598
6.86  -0.007065986726125375  -0.0002060264289323934
6.88  -0.0070686395682729285  -0.0002058111001542018
6.9  -0.007071386388658997  -0.00020562367415785686
6.92  -0.0070741905269465525  -0.00020546543595265868
6.94  -0.007077016126934271  -0.00020533726024137016
6.96  -0.0070798285400087944  -0.00020523961045370654
6.98  -0.007082594697284139  -0.00020517254300651502
7.0  -0.007085283447127263  -0.00020513571660336303
7.0200000000000005  -0.0070878658553152245  -0.00020512840632836224
7.04  -0.007090315465667385  -0.00020514952223341288
7.0600000000000005  -0.0070926085195698926  -0.00020519763207743944
7.08  -0.007094724133391025  -0.00020527098782296185
7.1000000000000005  -0.007096644433350522  -0.00020536755546385495
7.12  -0.007098354647957  -0.00020548504772977796
7.140000000000001  -0.007099843158643636  -0.00020562095918180966
7.16  -0.007101101509735825  -0.00020577260319869006
7.18  -0.00710212437933125  -0.0002059371503495
7.2  -0.00710290951309466  -0.00020611166762458564
7.22  -0.007103457623350601  -0.000206293158022207
7.24  -0.0071037722561748  -0.00020647859997606428
7.26  -0.007103859629476962  -0.00020666498614007868
7.28  -0.007103728445292203  -0.00020684936105219855
7.3  -0.007103389679686733  -0.00020702885723743842
7.32  -0.007102856353806024  -0.00020720072933166548
7.34  -0.007102143289684381  -0.00020736238584712047
7.36  -0.007101266854459208  -0.00020751141823992816
7.38  -0.00710024469662624  -0.00020764562697720194
7.4  -0.007099095477913918  -0.00020776304435596326
7.42  -0.007097838604244811  -0.00020786195386590504
7.44  -0.0070964939591237185  -0.00020794090592933718
7.46  -0.007095081642619315  -0.00020799872992445447
7.48  -0.007093621718880035  -0.00020803454242401646
7.5  -0.007092133974924507  -0.0002080477516413215
7.5200000000000005  -0.0070906376931529295  -0.0002080380581201644
7.54  -0.007089151439782481  -0.00020800545175086847
7.5600000000000005  -0.0070876928710919  -0.00020795020525781269
7.58  -0.007086278559078306  -0.00020787286429776796
7.6000000000000005  -0.007084923837810012  -0.00020777423440761016
7.62  -0.00708364267145052  -0.00020765536502064143
7.640000000000001  -0.007082447544620181  -0.00020751753084110198
7.66  -0.007081349375464681  -0.00020736221086302978
7.68  -0.007080357451495543  -0.00020719106536566098
7.7  -0.0070794793879909055  -0.000207005911217451
7.72  -0.007078721108478622  -0.00020680869584083558
7.74  -0.007078086846573745  -0.00020660147019642178
7.76  -0.007077579168211629  -0.00020638636115492885
7.78  -0.007077199013110785  -0.00020616554360496938
7.8  -0.007076945754120609  -0.00020594121266424284
7.82  -0.007076817272951399  -0.00020571555632554534
7.84  -0.007076810050632066  -0.0002054907288810748
7.86  -0.007076919270970712  -0.0002052688254218235
7.88  -0.007077138935168745  -0.00020505185770729872
7.9  -0.007077461985724601  -0.00020484173167988637
7.92  -0.00707788043770252  -0.00020464022683913186
7.94  -0.0070783855154568885  -0.00020444897770644448
7.96  -0.007078967792912131  -0.00020426945753674783
7.98  -0.007079617335545297  -0.00020410296443536984
8.0  -0.007080323842270441  -0.00020395060997881707
8.02  -0.007081076785521089  -0.00020381331041625678
8.040000000000001  -0.007081865547907452  -0.00020369178049698658
8.06  -0.007082679553948444  -0.00020358652992180388
8.08  -0.0070835083955122545  -0.0002034978624001165
8.1  -0.007084341949716802  -0.0002034258772493749
8.120000000000001  -0.0070851704882004644  -0.00020337047344863888
8.14  -0.007085984776838002  -0.0002033313560313865
8.16  -0.0070867761650986695  -0.00020330804467539606
8.18  -0.007087536664451156  -0.00020329988431626013
8.2  -0.007088259015329384  -0.00020330605761671651
8.22  -0.007088936742377136  -0.00020332559905745015
8.24  -0.007089564197809867  -0.00020335741046141766
8.26  -0.007090136592904682  -0.00020340027770221665
8.28  -0.007090650017756008  -0.00020345288835828338
8.3  -0.007091101449582898  -0.00020351385007997668
8.32  -0.007091488749991406  -0.00020358170941529532
8.34  -0.007091810651705088  -0.00020365497085005242
8.36  -0.007092066735396485  -0.00020373211582708196
8.38  -0.007092257397328804  -0.00020381162151001314
8.4  -0.007092383808597776  -0.00020389197906816155
8.42  -0.007092447866841465  -0.00020397171126965597
8.44  -0.0070924521413179495  -0.0002040493891962355
8.46  -0.007092399812307716  -0.00020412364789027475
8.48  -0.007092294605814227  -0.00020419320078378562
8.5  -0.007092140724554491  -0.00020425685275905477
8.52  -0.007091942776226367  -0.0002043135117301341
8.540000000000001  -0.007091705700033294  -0.0002043621986430452
8.56  -0.007091434692422405  -0.00020440205582221102
8.58  -0.007091135132964116  -0.00020443235360965447
8.6  -0.007090812511249463  -0.00020445249526650466
8.620000000000001  -0.007090472355642873  -0.00020446202013267643
8.64  -0.007090120164656958  -0.00020446060505706657
8.66  -0.007089761341666752  -0.00020444806413297636
8.68  -0.007089401133588611  -0.00020442434679764505
8.700000000000001  -0.007089044574098219  -0.0002043895343659138
8.72  -0.007088696431868185  -0.00020434383508798417
8.74  -0.007088361164223577  -0.00020428757783969237
8.76  -0.007088042876548958  -0.00020422120456856834
8.78  -0.007087745287672559  -0.0002041452616144787
8.8  -0.007087471701399875  -0.00020406039005951712
8.82  -0.007087224984264423  -0.0002039673152429802
8.84  -0.00708700754950348  -0.00020386683560399157
8.86  -0.0070868213471817565  -0.00020375981100517857
8.88  -0.0070866678603257755  -0.00020364715069228948
8.9  -0.007086548106855984  -0.00020352980105267128
8.92  -0.007086462647052718  -0.00020340873332255782
8.94  -0.007086411596226746  -0.00020328493139795147
8.96  -0.0070863946422388205  -0.00020315937988825986
8.98  -0.00708641106743791  -0.00020303305254994696
9.0  -0.007086459774582499  -0.00020290690123215188
9.02  -0.00708653931626394  -0.00020278184544238425
9.040000000000001  -0.007086647927336326  -0.00020265876264679097
9.06  -0.00708678355983842  -0.0002025384793875629
9.08  -0.007086943919884963  -0.00020242176330630037
9.1  -0.0070871265060113995  -0.00020230931613030164
9.120000000000001  -0.007087328648437452  -0.00020220176767953056
9.14  -0.0070875475487609295  -0.00020209967093026823
9.16  -0.007087780319571463  -0.0002020034981546462
9.18  -0.007088024023520849  -0.000201913638151058
9.200000000000001  -0.007088275711400874  -0.0002018303945609294
9.22  -0.007088532458814983  -0.0002017539852472314
9.24  -0.007088791401049719  -0.00020168454270955887
9.26  -0.007089049765815214  -0.00020162211549873768
9.28  -0.007089304903532146  -0.00020156667057711475
9.3  -0.007089554314908279  -0.00020151809654586102
9.32  -0.007089795675577241  -0.00020147620770448167
9.34  -0.007090026857616444  -0.00020144074883026916
9.36  -0.007090245947817343  -0.00020141140061207078
9.38  -0.0070904512626073935  -0.00020138778564817144
9.4  -0.007090641359578204  -0.00020136947490941162
9.42  -0.00709081504561608  -0.00020135599458317673
9.44  -0.007090971381666371  -0.0002013468331963353
9.46  -0.007091109684205767  -0.0002013414489191589
9.48  -0.007091229523533354  -0.0002013392769619997
9.5  -0.007091330719021711  -0.00020133973697280188
9.52  -0.00709141333150572  -0.00020134224034458053
9.540000000000001  -0.007091477653007457  -0.000201346197344649
9.56  -0.007091524194024915  -0.0002013510240005592
9.58  -0.007091553668633227  -0.00020135614865008592
9.6  -0.007091566977656953  -0.00020136101811832287
9.620000000000001  -0.007091565190194417  -0.00020136510342405644
9.64  -0.007091549523782412  -0.00020136790500660512
9.66  -0.007091521323485948  -0.00020136895739164285
9.68  -0.007091482040213653  -0.0002013678332957522
9.700000000000001  -0.007091433208550334  -0.0002013641471132079
9.72  -0.00709137642439307  -0.00020135755778741255
9.74  -0.007091313322669183  -0.00020134777105008982
9.76  -0.0070912455554124135  -0.0002013345410221656
9.78  -0.007091174770437579  -0.00020131767118689486
9.8  -0.007091102590866201  -0.00020129701475027047
9.82  -0.007091030595716968  -0.00020127247440390262
9.84  -0.007090960301751751  -0.00020124400151823871
9.86  -0.007090893146770107  -0.00020121159479884643
9.88  -0.0070908304744894245  -0.000201175298443684
9.9  -0.007090773521144842  -0.00020113519984037333
9.92  -0.007090723403913826  -0.0002010914268508267
9.94  -0.007090681111236875  -0.0002010441447370727
9.96  -0.007090647495093058  -0.0002009935527644553
9.98  -0.007090623265243826  -0.00020093988055258053
10.0  -0.0070906089854600365  -0.00020088338421819156
10.02  -0.007090605071698024  -0.0002008243423610681
10.040000000000001  -0.007090611792185231  -0.000200763051955383
10.06  -0.007090629269339535  -0.00020069982419076553
10.08  -0.007090657483446302  -0.00020063498032000924
10.1  -0.007090696277973014  -0.00020056884755811655
10.120000000000001  -0.007090745366407473  -0.0002005017550800418
10.14  -0.007090804340480407  -0.00020043403015932435
10.16  -0.007090872679619559  -0.00020036599448833617
10.18  -0.007090949761480734  -0.00020029796071655687
10.200000000000001  -0.007091034873384394  -0.00020023022923393947
10.22  -0.007091127224485825  -0.00020016308523410238
10.24  -0.007091225958502079  -0.00020009679607070732
10.26  -0.0070913301668210785  -0.00020003160893178698
10.28  -0.0070914389018110775  -0.00019996774884959047
10.3  -0.007091551190167463  -0.00019990541704223885
10.32  -0.007091666046120229  -0.00019984478960777637
10.34  -0.00709178248434645  -0.00019978601655693104
10.36  -0.007091899532435799  -0.00019972922119298797
10.38  -0.007092016242772816  -0.00019967449982221107
10.4  -0.007092131703697445  -0.00019962192179196798
10.42  -0.007092245049838849  -0.00019957152983786678
10.44  -0.007092355471514614  -0.00019952334071839708
10.46  -0.007092462223114274  -0.00019947734612729516
10.48  -0.007092564630386047  -0.00019943351385363217
10.5  -0.007092662096588029  -0.00019939178917107754
10.52  -0.0070927541074469625  -0.00019935209642046528
10.540000000000001  -0.007092840234914858  -0.00019931434077469007
10.56  -0.007092920139710032  -0.00019927841013989064
10.58  -0.0070929935726516  -0.00019924417717771657
10.6  -0.0070930603748136185  -0.00019921150142376647
10.620000000000001  -0.007093120476529951  -0.0001991802314494119
10.64  -0.007093173895305452  -0.00019915020707333015
10.66  -0.007093220732694559  -0.00019912126156918343
10.68  -0.00709326117021991  -0.0001990932238562023
10.700000000000001  -0.007093295464408967  -0.0001990659206472054
10.72  -0.007093323941052753  -0.00019903917852631182
10.74  -0.007093346988771926  -0.00019901282594063412
10.76  -0.007093365051998309  -0.00019898669508715174
10.78  -0.0070933786234839225  -0.0001989606236686858
10.8  -0.007093388236439938  -0.00019893445651833925
10.82  -0.007093394456422687  -0.00019890804706823307
10.84  -0.007093397873076264  -0.00019888125865563774
10.86  -0.00709339909183878  -0.00019885396566191868
10.88  -0.007093398725722068  -0.0001988260544734932
10.9  -0.007093397387260297  -0.00019879742426585928
10.92  -0.007093395680735547  -0.00019876798760278767
10.94  -0.007093394194753961  -0.00019873767086110803
10.96  -0.007093393495269669  -0.00019870641447466769
10.98  -0.00709339411912224  -0.00019867417300947667
11.0  -0.0070933965681549555  -0.00019864091507107814
11.02  -0.0070934013039710125  -0.00019860662305269357
11.040000000000001  -0.007093408743372269  -0.00019857129274201068
11.06  -0.007093419254516445  -0.00019853493278209966
11.08  -0.007093433153815934  -0.00019849756401758807
11.1  -0.007093450703600647  -0.00019845921871680655
11.120000000000001  -0.007093472110540915  -0.00019841993970290498
11.14  -0.007093497524833064  -0.0001983797794010533
11.16  -0.007093527040126934  -0.00019833879880774851
11.18  -0.00709356069417799  -0.00019829706641552
11.200000000000001  -0.0070935984701915355  -0.0001982546570859368
11.22  -0.00709364029880898  -0.0001982116509027557
11.24  -0.007093686060707406  -0.00019816813201038947
11.26  -0.0070937355897477605  -0.00019812418745779786
11.28  -0.007093788676612415  -0.00019807990604855756
11.3  -0.007093845072877405  -0.00019803537722929543
11.32  -0.0070939044954497705  -0.00019799069000780322
11.34  -0.007093966631297875  -0.0001979459319249415
11.36  -0.007094031142409113  -0.00019790118808727666
11.38  -0.0070940976709067596  -0.00019785654026450284
11.4  -0.0070941658442453676  -0.0001978120660620353
11.42  -0.007094235280429253  -0.00019776783817839822
11.44  -0.007094305593174201  -0.000197723923749105
11.46  -0.007094376396956981  -0.0001976803837810884
11.48  -0.007094447311889291  -0.0001976372726813498
11.5  -0.007094517968356559  -0.00019759463788197548
11.52  -0.007094588011376256  -0.00019755251955866555
11.540000000000001  -0.007094657104625537  -0.0001975109504492089
11.56  -0.007094724934092692  -0.0001974699557618884
11.58  -0.007094791211333258  -0.0001974295531839033
11.6  -0.007094855676284883  -0.00019738975295975706
11.620000000000001  -0.007094918099631032  -0.00019735055807380125
11.64  -0.007094978284694651  -0.00019731196449973825
11.66  -0.007095036068853431  -0.000197273961520253
11.68  -0.0070950913244726636  -0.00019723653212333698
11.700000000000001  -0.0070951439593659755  -0.00019719965344414174
11.72  -0.007095193916786844  -0.00019716329726910146
11.74  -0.0070952411749694135  -0.00019712743057919102
11.76  -0.007095285746243629  -0.00019709201612900037
11.78  -0.007095327675743059  -0.00019705701305341224
11.8  -0.007095367039739572  -0.0001970223774976187
11.82  -0.007095403943642298  -0.00019698806325423068
11.84  -0.007095438519688354  -0.00019695402240578014
11.86  -0.00709547092437879  -0.00019692020596725844
11.88  -0.007095501335683361  -0.0001968865645111092
11.9  -0.007095529950079611  -0.0001968530487793023
11.92  -0.00709555697944615  -0.00019681961027136376
11.94  -0.0070955826478768715  -0.0001967862017973879
11.96  -0.007095607188444318  -0.0001967527780004972
11.98  -0.007095630839959565  -0.00019671929583608765
12.0  -0.007095653843773551  -0.00019668571500618207
12.02  -0.007095676440655364  -0.0001966519983492391
12.040000000000001  -0.007095698867785752  -0.00019661811217101908
12.06  -0.007095721355900761  -0.00019658402653285222
12.08  -0.0070957441266170755  -0.0001965497154730671
12.1  -0.007095767389965068  -0.0001965151571862341
12.120000000000001  -0.007095791342154371  -0.00019648033413285264
12.14  -0.007095816163594216  -0.00019644523310358007
12.16  -0.0070958420171843015  -0.0001964098452251847
12.18  -0.007095869046882117  -0.0001963741659155759
12.200000000000001  -0.007095897376569344  -0.00019633819478737086
12.22  -0.007095927109204345  -0.00019630193550397975
12.24  -0.007095958326272911  -0.0001962653955949615
12.26  -0.007095991087531263  -0.0001962285862255341
12.280000000000001  -0.007096025431029556  -0.00019619152192933132
12.3  -0.007096061373413391  -0.00019615422031906554
12.32  -0.007096098910479883  -0.0001961167017559848
12.34  -0.007096138017981217  -0.00019607898900359015
12.36  -0.007096178652649073  -0.00019604110686479998
12.38  -0.0070962207534254656  -0.00019600308180017112
12.4  -0.0070962642428713495  -0.00019596494154329062
12.42  -0.00709630902872938  -0.0001959267147118505
12.44  -0.007096355005619599  -0.00019588843041550626
12.46  -0.007096402056835592  -0.0001958501178782694
12.48  -0.007096450056220245  -0.00019581180606391196
12.5  -0.007096498870086863  -0.00019577352331837865
12.52  -0.00709654835916919  -0.0001957352970334967
12.540000000000001  -0.007096598380566365  -0.00019569715333282598
12.56  -0.0070966487896626145  -0.0001956591167744711
12.58  -0.007096699441993962  -0.00019562121009624004
12.6  -0.007096750195045548  -0.0001955834539794352
12.620000000000001  -0.007096800909958807  -0.0001955458668501337
12.64  -0.007096851453121991  -0.00019550846471508884
12.66  -0.007096901697641277  -0.00019547126102799128
12.68  -0.007096951524665546  -0.00019543426659873172
12.700000000000001  -0.007097000824564317  -0.0001953974895331633
12.72  -0.007097049497942094  -0.00019536093520969018
12.74  -0.007097097456483788  -0.00019532460628937518
12.76  -0.0070971446236314465  -0.00019528850276375755
12.780000000000001  -0.0070971909350875766  -0.000195252622030312
12.8  -0.007097236339137572  -0.0001952169589997525
12.82  -0.007097280796811937  -0.0001951815062353485
12.84  -0.007097324281874093  -0.00019514625410855938
12.86  -0.007097366780651003  -0.00019511119098951477
12.88  -0.007097408291712166  -0.00019507630344893647
12.9  -0.0070974488254120375  -0.00019504157647915957
12.92  -0.007097488403291512  -0.00019500699373135427
12.94  -0.007097527057373529  -0.00019497253776090467
12.96  -0.0070975648293497345  -0.0001949381902805923
12.98  -0.007097601769674859  -0.0001949039324176731
13.0  -0.007097637936595604  -0.00019486974496861535
13.02  -0.007097673395110665  -0.00019483560865629282
13.040000000000001  -0.007097708215894329  -0.0001948015043785632
13.06  -0.0070977424741901175  -0.0001947674134485022
13.08  -0.007097776248686906  -0.00019473331781898087
13.1  -0.007097809620404617  -0.00019469920029996428
13.120000000000001  -0.007097842671591697  -0.00019466504475544252
13.14  -0.00709787548464679  -0.00019463083628174535
13.16  -0.00709790814109237  -0.0001945965613653417
13.18  -0.0070979407205934856  -0.00019456220801999854
13.200000000000001  -0.007097973300040563  -0.0001945277659016785
13.22  -0.007098005952708962  -0.00019449322639743233
13.24  -0.007098038747490573  -0.0001944585826934201
13.26  -0.007098071748218559  -0.00019442382981176703
13.280000000000001  -0.007098105013080038  -0.0001943889646289029
13.3  -0.007098138594125996  -0.00019435398587235985
13.32  -0.007098172536873951  -0.00019431889408399273
13.34  -0.007098206880012017  -0.00019428369157220148
13.36  -0.00709824165520175  -0.000194248382333439
13.38  -0.007098276886973781  -0.0001942129719624436
13.4  -0.0070983125927213085  -0.00019417746753836373
13.42  -0.007098348782778762  -0.00019414187749889055
13.44  -0.007098385460587464  -0.00019410621149717485
13.46  -0.007098422622941933  -0.000194070480248017
13.48  -0.007098460260306678  -0.00019403469536664653
13.5  -0.007098498357200949  -0.00019399886919684332
13.52  -0.007098536892638724  -0.00019396301463620714
13.540000000000001  -0.007098575840621868  -0.00019392714495899093
13.56  -0.007098615170675447  -0.0001938912736334796
13.58  -0.007098654848410639  -0.00019385541415111113
13.6  -0.007098694836122047  -0.00019381957985463254
13.620000000000001  -0.007098735093390513  -0.0001937837837652402
13.64  -0.007098775577703369  -0.00019374803843212802
13.66  -0.007098816245067403  -0.0001937123557833415
13.68  -0.007098857050620096  -0.00019367674698731694
13.700000000000001  -0.007098897949219769  -0.0001936412223353013
13.72  -0.007098938896018371  -0.00019360579112787655
13.74  -0.007098979847004313  -0.00019357046158382173
13.76  -0.007099020759509031  -0.00019353524076530992
13.780000000000001  -0.007099061592681593  -0.00019350013451438985
13.8  -0.007099102307913539  -0.00019346514741124053
13.82  -0.007099142869221241  -0.00019343028274832754
13.84  -0.007099183243577197  -0.00019339554252317028
13.86  -0.007099223401191796  -0.0001933609274427648
13.88  -0.007099263315741819  -0.00019332643694754424
13.9  -0.007099302964546422  -0.00019329206925450054
13.92  -0.007099342328689926  -0.00019325782140547804
13.94  -0.007099381393091291  -0.00019322368933796287
13.96  -0.00709942014652695  -0.00019318966796270904
13.98  -0.007099458581599193  -0.00019315575125505467
14.0  -0.007099496694662796  -0.00019312193235288997
14.02  -0.007099534485707662  -0.000193088203664347
14.040000000000001  -0.007099571958199517  -0.00019305455698237023
14.06  -0.007099609118887622  -0.00019302098360366137
14.08  -0.00709964597757742  -0.00019298747444636993
14.1  -0.007099682546875963  -0.00019295402017601468
14.120000000000001  -0.007099718841916264  -0.0001929206113282105
14.14  -0.007099754880058405  -0.00019288723842789552
14.16  -0.007099790680581211  -0.00019285389210666447
14.18  -0.0070998262643586245  -0.00019282056321494963
14.200000000000001  -0.007099861653535084  -0.00019278724293184812
14.22  -0.007099896871194474  -0.00019275392286241517
14.24  -0.007099931941037623  -0.0001927205951292716
14.26  -0.007099966887064376  -0.00019268725245507272
14.280000000000001  -0.007100001733261671  -0.00019265388823657732
14.3  -0.0071000365033146275  -0.000192620496603535
14.32  -0.0071000712203214186  -0.0001925870724708378
14.34  -0.007100105906543461  -0.00019255361158077662
14.36  -0.007100140583161701  -0.00019252011052449305
14.38  -0.0071001752700661416  -0.00019248656676517463
14.4  -0.0071002099856702534  -0.00019245297864042376
14.42  -0.007100244746747  -0.00019241934535551268
14.44  -0.007100279568294666  -0.0001923856669682019
14.46  -0.007100314463432353  -0.00019235194436058013
14.48  -0.007100349443320313  -0.00019231817920552956
14.5  -0.007100384517107861  -0.0001922843739160917
14.52  -0.007100419691911856  -0.00019225053159847199
14.540000000000001  -0.007100454972817349  -0.0001922166559912948
14.56  -0.007100490362902974  -0.00019218275139510672
14.58  -0.0071005258632922535  -0.00019214882260648158
14.6  -0.007100561473224789  -0.0001921148748411199
14.620000000000001  -0.007100597190149359  -0.00019208091365663637
14.64  -0.007100633009833955  -0.000192046944873647
14.66  -0.007100668926490658  -0.00019201297449494262
14.68  -0.007100704932913803  -0.00019197900862570182
14.700000000000001  -0.007100741020633744  -0.0001919450533956512
14.72  -0.007100777180074193  -0.0001919111148836968
14.74  -0.007100813400718846  -0.0001918771990419844
14.76  -0.007100849671282638  -0.00019184331162914314
14.780000000000001  -0.007100885979885389  -0.00019180945814569974
14.8  -0.007100922314223151  -0.00019177564377448222
14.82  -0.007100958661739794  -0.00019174187332818277
14.84  -0.00710099500979446  -0.000191708151202129
14.86  -0.007101031345819762  -0.00019167448133357393
14.88  -0.007101067657475517  -0.00019164086716835126
14.9  -0.007101103932794405  -0.00019160731163579263
14.92  -0.007101140160312892  -0.00019157381713112172
14.94  -0.007101176329193633  -0.00019154038550062396
14.96  -0.007101212429334203  -0.000191507018040705
14.98  -0.007101248451463892  -0.00019147371549689437
15.0  -0.007101284387222181  -0.0001914404780744461
15.02  -0.007101320229230329  -0.00019140730545434616
15.040000000000001  -0.007101355971138788  -0.0001913741968156287
15.06  -0.007101391607668293  -0.00019134115085774728
15.08  -0.007101427134634927  -0.00019130816583773797
15.1  -0.0071014625489539615  -0.00019127523960355637
15.120000000000001  -0.007101497848640921  -0.00019124236963301045
15.14  -0.007101533032791301  -0.00019120955307962286
15.16  -0.007101568101551679  -0.0001911767868187113
15.18  -0.007101603056079778  -0.0001911440674922413
15.200000000000001  -0.007101637898490559  -0.00019111139155986656
15.22  -0.00710167263179491  -0.0001910787553493985
15.24  -0.0071017072598335285  -0.00019104615510357788
15.26  -0.00710174178719661  -0.00019101358703294094
15.280000000000001  -0.007101776219140872  -0.00019098104736074738
15.3  -0.007101810561504199  -0.0001909485323691953
15.32  -0.0071018448206115765  -0.0001909160384453197
15.34  -0.007101879003183061  -0.00019088356212020892
15.36  -0.00710191311623748  -0.0001908511001079235
15.38  -0.007101947166998695  -0.0001908186493368201
15.4  -0.0071019811627982795  -0.00019078620698379704
15.42  -0.007102015110986961  -0.00019075377049833885
15.44  -0.00710204901884434  -0.00019072133762524117
15.46  -0.007102082893494052  -0.00019068890642360615
15.48  -0.00710211674182332  -0.00019065647527932115
15.5  -0.007102150570411234  -0.0001906240429135132
15.52  -0.007102184385457462  -0.00019059160838614094
15.540000000000001  -0.007102218192726398  -0.00019055917109913467
15.56  -0.007102251997486159  -0.00019052673078993318
15.58  -0.00710228580447122  -0.00019049428752766664
15.6  -0.007102319617839775  -0.00019046184169649387
15.620000000000001  -0.007102353441145685  -0.0001904293939844426
15.64  -0.007102387277318158  -0.0001903969453647829
15.66  -0.00710242112864613  -0.00019036449707671865
15.68  -0.007102454996776868  -0.0001903320505981834
15.700000000000001  -0.00710248888271746  -0.00019029960762829843
15.72  -0.007102522786843358  -0.0001902671700536337
15.74  -0.007102556708920463  -0.000190234739922583
15.76  -0.007102590648125044  -0.0001902023194160917
15.780000000000001  -0.007102624603077372  -0.00019016991082319542
15.8  -0.007102658571876386  -0.0001901375165040283
15.82  -0.007102692552141812  -0.00019010513886541004
15.84  -0.007102726541058536  -0.0001900727803323556
15.860000000000001  -0.007102760535426628  -0.00019004044331683863
15.88  -0.007102794531713036  -0.00019000813019588692
15.9  -0.007102828526105687  -0.00018997584328089699
15.92  -0.0071028625145704415  -0.00018994358479978518
15.94  -0.007102896492905874  -0.00018991135687268534
15.96  -0.007102930456801122  -0.00018987916149141584
15.98  -0.007102964401892123  -0.00018984700050305754
16.0  -0.007102998323815493  -0.00018981487559769413
16.02  -0.007103032218263036  -0.00018978278829454644
16.04  -0.007103066081029721  -0.00018975073992636652
16.06  -0.00710309990806578  -0.00018971873164182852
16.080000000000002  -0.007103133695516038  -0.0001896867643929432
16.1  -0.0071031674397631275  -0.00018965483893581528
16.12  -0.007103201137464134  -0.00018962295583081193
16.14  -0.007103234785579773  -0.00018959111544220914
16.16  -0.007103268381404928  -0.00018955931794426115
16.18  -0.007103301922588859  -0.00018952756332718984
16.2  -0.007103335407151668  -0.0001894958514068106
16.22  -0.0071033688334968675  -0.00018946418183169236
16.240000000000002  -0.0071034022004192714  -0.0001894325540958029
16.26  -0.007103435507106686  -0.00018940096755189895
16.28  -0.007103468753136745  -0.00018936942142482645
16.3  -0.007103501938470738  -0.00018933791482767247
16.32  -0.007103535063440626  -0.00018930644677272546
16.34  -0.007103568128732283  -0.0001892750161944778
16.36  -0.007103601135368502  -0.00018924362195920968
16.38  -0.007103634084683956  -0.00018921226288391252
16.4  -0.0071036669782995965  -0.00018918093775516925
16.42  -0.007103699818092869  -0.00018914964534003385
16.44  -0.007103732606167476  -0.00018911838440533032
16.46  -0.007103765344820554  -0.00018908715372907884
16.48  -0.007103798036507688  -0.00018905595212016405
16.5  -0.007103830683809074  -0.0001890247784239255
16.52  -0.007103863289392624  -0.00018899363153954173
16.54  -0.00710389585597927  -0.00018896251042930888
16.56  -0.0071039283863073965  -0.00018893141412723005
16.580000000000002  -0.007103960883101459  -0.000188900341750079
16.6  -0.007103993349033996  -0.00018886929250298666
16.62  -0.0071040257866993245  -0.00018883826568494088
16.64  -0.0071040581985805824  -0.00018880726069472528
16.66  -0.007104090587025344  -0.0001887762770297823
16.68  -0.007104122954219929  -0.0001887453142942602
16.7  -0.007104155302168425  -0.0001887143721952903
16.72  -0.007104187632672779  -0.0001886834505432225
16.740000000000002  -0.007104219947317519  -0.00018865254924929674
16.76  -0.007104252247457922  -0.00018862166832340382
16.78  -0.007104284534210072  -0.0001885908078696988
16.8  -0.0071043168084440585  -0.00018855996808217858
16.82  -0.00710434907078256  -0.00018852914923708482
16.84  -0.007104381321599286  -0.00018849835168752881
16.86  -0.007104413561024436  -0.000188467575856921
16.88  -0.007104445788949282  -0.0001884368222302792
16.9  -0.007104478005036279  -0.0001884060913457683
16.92  -0.007104510208730699  -0.0001883753837879815
16.94  -0.007104542399272393  -0.00018834470017793962
16.96  -0.007104574575715039  -0.00018831404116456354
16.98  -0.007104606736942445  -0.00018828340741673075
17.0  -0.007104638881687756  -0.0001882527996157327
17.02  -0.007104671008554097  -0.00018822221844225743
17.04  -0.0071047031160364595  -0.00018819166457636105
17.06  -0.007104735202544838  -0.0001881611386831449
17.080000000000002  -0.0071047672664263225  -0.00018813064140898138
17.1  -0.007104799305986556  -0.00018810017337333312
17.12  -0.007104831319514085  -0.00018806973516435796
17.14  -0.007104863305302725  -0.0001880393273332956
17.16  -0.007104895261670673  -0.0001880089503883755
17.18  -0.0071049271869818974  -0.0001879786047948307
17.2  -0.007104959079666354  -0.0001879482909638362
17.22  -0.00710499093823435  -0.00018791800925801972
17.240000000000002  -0.007105022761297654  -0.00018788775998640326
17.26  -0.007105054547579611  -0.00018785754340206476
17.28  -0.007105086295929707  -0.00018782735970367782
17.3  -0.007105118005331748  -0.00018779720903397157
17.32  -0.007105149674914774  -0.0001877670914835475
17.34  -0.00710518130395775  -0.00018773700708822123
17.36  -0.007105212891894441  -0.00018770695583533037
17.38  -0.007105244438314829  -0.00018767693766309486
17.400000000000002  -0.007105275942965637  -0.000187646952463337
17.42  -0.007105307405749041  -0.00018761700008701796
17.44  -0.007105338826716803  -0.0001875870803489957
17.46  -0.007105370206066204  -0.00018755719302686829
17.48  -0.0071054015441321524  -0.00018752733786969093
17.5  -0.0071054328413786075  -0.00018749751460189838
17.52  -0.007105464098388173  -0.0001874677229256836
17.54  -0.007105495315849889  -0.0001874379625282878
17.56  -0.007105526494548771  -0.00018740823308449964
17.580000000000002  -0.0071055576353496385  -0.00018737853426135405
17.6  -0.0071055887391870635  -0.00018734886572440866
17.62  -0.007105619807047446  -0.0001873192271394087
17.64  -0.0071056508399566795  -0.00018728961817768362
17.66  -0.007105681838964149  -0.0001872600385196191
17.68  -0.00710571280512971  -0.00018723048786117928
17.7  -0.0071057437395089535  -0.00018720096591093457
17.72  -0.0071057746431400556  -0.00018717147239831196
17.740000000000002  -0.00710580551702929  -0.0001871420070745526
17.76  -0.007105836362140443  -0.00018711256971425843
17.78  -0.007105867179384667  -0.0001870831601170893
17.8  -0.007105897969607601  -0.00018705377811065795
17.82  -0.0071059287335817  -0.00018702442355050412
17.84  -0.007105959471999509  -0.00018699509631991225
17.86  -0.007105990185465107  -0.00018696579633142564
17.88  -0.007106020874490608  -0.00018693652352874207
17.900000000000002  -0.007106051539490579  -0.00018690727788081947
17.92  -0.007106082180782093  -0.00018687805938616783
17.94  -0.007106112798581308  -0.00018684886806915734
17.96  -0.007106143393003009  -0.00018681970398075798
17.98  -0.007106173964066225  -0.000186790567193209
18.0  -0.00710620451169173  -0.00018676145780163343
18.02  -0.007106235035708227  -0.0001867323759208628
18.04  -0.007106265535858816  -0.0001867033216820118
18.06  -0.007106296011802458  -0.0001866742952331499
18.080000000000002  -0.007106326463125003  -0.00018664529673368877
18.1  -0.007106356889343247  -0.0001866163263517325
18.12  -0.007106387289913621  -0.00018658738426315346
18.14  -0.007106417664242461  -0.00018655847064983787
18.16  -0.00710644801169282  -0.00018652958569439668
18.18  -0.0071064783315934466  -0.0001865007295803422
18.2  -0.007106508623250612  -0.00018647190248523234
18.22  -0.007106538885954102  -0.00018644310458420713
18.240000000000002  -0.007106569118987122  -0.00018641433604408528
18.26  -0.0071065993216345505  -0.00018638559702237637
18.28  -0.0071066294931949655  -0.0001863568876651059
18.3  -0.007106659632983729  -0.0001863282081048068
18.32  -0.007106689740343579  -0.00018629955845886212
18.34  -0.007106719814651617  -0.00018627093883084942
18.36  -0.007106749855324133  -0.0001862423493068362
18.38  -0.007106779861822735  -0.00018621378995504562
18.400000000000002  -0.007106809833659942  -0.00018618526082474256
18.42  -0.007106839770401059  -0.00018615676194743406
18.44  -0.007106869671670643  -0.00018612829333650909
18.46  -0.007106899537151367  -0.00018609985498771334
18.48  -0.007106929366589644  -0.00018607144687563041
18.5  -0.007106959159790676  -0.00018604306896046483
18.52  -0.007106988916623503  -0.00018601472118347554
18.54  -0.007107018637017642  -0.00018598640347277225
18.56  -0.007107048320961768  -0.00018595811574094332
18.580000000000002  -0.007107077968502429  -0.0001859298578849943
18.6  -0.007107107579739368  -0.00018590162979108184
18.62  -0.007107137154822637  -0.00018587343133625884
18.64  -0.007107166693949207  -0.00018584526238565104
18.66  -0.00710719619735784  -0.00018581712279966422
18.68  -0.007107225665325505  -0.00018578901243268022
18.7  -0.007107255098160386  -0.00018576093113399872
18.72  -0.00710728449619765  -0.00018573287875028573
18.740000000000002  -0.007107313859794457  -0.00018570485512976205
18.76  -0.0071073431893218415  -0.00018567686011891778
18.78  -0.007107372485162705  -0.00018564889356912658
18.8  -0.007107401747704564  -0.0001856209553336271
18.82  -0.007107430977333419  -0.00018559304527365566
18.84  -0.007107460174431459  -0.00018556516325420736
18.86  -0.007107489339367635  -0.0001855373091509481
18.88  -0.007107518472498617  -0.00018550948284801048
18.900000000000002  -0.007107547574160322  -0.0001854816842372903
18.92  -0.0071075766446669466  -0.00018545391322434985
18.94  -0.007107605684304738  -0.00018542616972416363
18.96  -0.007107634693332299  -0.00018539845366420888
18.98  -0.00710766367197572  -0.00018537076498222527
19.0  -0.0071076926204287185  -0.0001853431036299406
19.02  -0.007107721538848583  -0.000185315469570669
19.04  -0.007107750427359305  -0.00018528786277821494
19.06  -0.007107779286045318  -0.00018526028323946164
19.080000000000002  -0.007107808114956295  -0.00018523273095127218
19.1  -0.007107836914107362  -0.00018520520592130429
19.12  -0.007107865683477031  -0.0001851777081662121
19.14  -0.007107894423010762  -0.00018515023771255139
19.16  -0.007107923132622807  -0.0001851227945929063
19.18  -0.007107951812197486  -0.00018509537884793217
19.2  -0.007107980461592117  -0.00018506799052224666
19.22  -0.007108009080637036  -0.00018504062966806804
19.240000000000002  -0.007108037669143375  -0.00018501329633810524
19.26  -0.0071080662268998805  -0.0001849859905890675
19.28  -0.007108094753681531  -0.00018495871247662152
19.3  -0.00710812324924938  -0.0001849314620575115
19.32  -0.007108151713355024  -0.00018490423938617338
19.34  -0.007108180145743267  -0.00018487704451465565
19.36  -0.007108208546155737  -0.0001848498774925883
19.38  -0.007108236914333251  -0.00018482273836151837
19.400000000000002  -0.007108265250019578  -0.00018479562716030456
19.42  -0.007108293552963285  -0.0001847685439196852
19.44  -0.007108321822922194  -0.00018474148866312693
19.46  -0.007108350059663086  -0.00018471446140675687
19.48  -0.007108378262965858  -0.0001846874621575709
19.5  -0.0071084064326244435  -0.00018466049091154748
19.52  -0.0071084345684490026  -0.00018463354765768127
19.54  -0.007108462670269945  -0.00018460663237538256
19.56  -0.007108490737932417  -0.00018457974503235816
19.580000000000002  -0.007108518771303372  -0.0001845528855889174
19.6  -0.007108546770269215  -0.0001845260539930743
19.62  -0.0071085747347370415  -0.00018449925018336315
19.64  -0.007108602664633914  -0.000184472474090534
19.66  -0.007108630559908936  -0.0001844457256350567
19.68  -0.007108658420529438  -0.00018441900473053374
19.7  -0.007108686246482332  -0.0001843923112825706
19.72  -0.007108714037773631  -0.00018436564518831117
19.740000000000002  -0.007108741794425777  -0.00018433900633958917
19.76  -0.0071087695164770495  -0.00018431239462237846
19.78  -0.007108797203982182  -0.0001842858099174233
19.8  -0.007108824857005857  -0.00018425925210280297
19.82  -0.00710885247562692  -0.00018423272105192882
19.84  -0.007108880059933627  -0.00018420621663560086
19.86  -0.0071089076100221225  -0.0001841797387237384
19.88  -0.0071089351259957375  -0.00018415328718607738
19.900000000000002  -0.0071089626079615265  -0.00018412686189243107
19.92  -0.007108990056029657  -0.00018410046271238065
19.94  -0.007109017470313079  -0.00018407408951775231
19.96  -0.007109044850923873  -0.0001840477421827791
19.98  -0.007109072197972676  -0.00018402142058487778
20.0  -0.007109099511567019  -0.00018399512460480087
