0.02  -0.017891218362224424  0.0008158828584076566
0.04  -0.06230021429741101  0.0013769349632820592
0.06  -0.10100213198900455  0.0018616253714797387
0.08  -0.13508451220708295  0.002016223173128409
0.1  -0.1651764664686644  0.0019747960083497298
0.12  -0.1916884334216781  0.001812413793922397
0.14  -0.2149213548125993  0.0015841038305436396
0.16  -0.2351153426716926  0.0013318895789592312
0.18  -0.25251095351121555  0.0010655092266941687
0.2  -0.26730803239429085  0.0008021307215215627
0.22  -0.2796765766233401  0.0005525402602116943
0.24  -0.2897766923903995  0.00032220994635966094
0.26  -0.2977585854146318  0.00011406918267695885
0.28  -0.3037625518167036  -7.237800287462413e-05
0.3  -0.3079232700570919  -0.00023958842998462302
0.32  -0.3103712365518405  -0.0003904439913513572
0.34  -0.3112333301603819  -0.0005279026386235842
0.36  -0.31063336295549504  -0.0006545813109942169
0.38  -0.30869233188469153  -0.0007724916870285327
0.4  -0.30552841268020675  -0.0008830332821634795
0.42  -0.30125682989664787  -0.000987197247265583
0.44  -0.2959897466595155  -0.001085841540404981
0.46  -0.2898362183266746  -0.0011796968832348638
0.48  -0.2829017864043091  -0.001269173864847453
0.5  -0.27528823735011765  -0.0013546826841176083
0.52  -0.26709403860120623  -0.0014360977684149431
0.54  -0.2584144348310676  -0.001511903657459201
0.56  -0.24934143765516245  -0.0015788737352270185
0.58  -0.239963949873538  -0.0016325250218125324
0.6  -0.23036764875169718  -0.0016682774286996467
0.62  -0.22063433214535635  -0.0016826576344501501
0.64  -0.21084081953921252  -0.0016736976016197614
0.66  -0.20105784132617532  -0.0016403752557142494
0.68  -0.1913496433122343  -0.0015819984052360203
0.7000000000000001  -0.1817746993609012  -0.0014985042911186202
0.72  -0.17238640004955752  -0.0013909689052246678
0.74  -0.1632327686292993  -0.0012613263596565568
0.76  -0.15435599675838702  -0.001111923708868956
0.78  -0.14579237051390145  -0.0009455410853242826
0.8  -0.1375723879928607  -0.0007658407145758208
0.8200000000000001  -0.12972052232656098  -0.0005775624913802338
0.84  -0.12225391603808981  -0.0003850926074141063
0.86  -0.11518241934643247  -0.0001929297584617604
0.88  -0.10851009149857081  -7.662766290491858e-06
0.9  -0.10223506679828401  0.00016406013655318483
0.92  -0.09634988341600065  0.0003176142977387422
0.9400000000000001  -0.09084280025613814  0.0004508450173161063
0.96  -0.0856994491654786  0.0005635016297064644
0.98  -0.08090422050700255  0.0006564021094502511
1.0  -0.07644108062091166  0.0007308085451800848
1.02  -0.07229387636309448  0.0007881158286731722
1.04  -0.06844634616286176  0.0008297520492214884
1.06  -0.06488204617567928  0.0008571649112499709
1.08  -0.061584323806232716  0.0008718137272671666
1.1  -0.05853638685672453  0.0008751389403277465
1.12  -0.05572145098917336  0.0008685174906267376
1.1400000000000001  -0.05312292293914124  0.0008532214221881607
1.16  -0.05072459040727117  0.0008303857245295277
1.18  -0.04851081793216379  0.000800977039112252
1.2  -0.04646676784467831  0.0007657505645389185
1.22  -0.04457864912253689  0.0007252031973625208
1.24  -0.04283388826091951  0.0006796071709240673
1.26  -0.041220927050923985  0.0006293137499234832
1.28  -0.039728591000360795  0.0005753632255209864
1.3  -0.0383461255024582  0.0005200738050271196
1.32  -0.03706448604613078  0.0004676616020295564
1.34  -0.03587542740538544  0.00042250040271942093
1.36  -0.0347676242793796  0.00038451163927532997
1.3800000000000001  -0.03372679659375457  0.00035100449928198086
1.4000000000000001  -0.03273920026652116  0.0003199409054856545
1.42  -0.03179330221447588  0.0002903633641431687
1.44  -0.03087984915934118  0.00026199490576449936
1.46  -0.02999156572982998  0.000234867787844519
1.48  -0.029122839833866297  0.00020911203883039464
1.5  -0.02826943746477488  0.0001848707587218769
1.52  -0.027428246115788684  0.00016227928873640207
1.54  -0.026597050771318752  0.00014146648631838392
1.56  -0.025774345462553114  0.0001225603118052236
1.58  -0.02495917834447675  0.00010569136312837707
1.6  -0.024151025762982125  9.09927680010148e-05
1.62  -0.023349690173635574  7.859690352047291e-05
1.6400000000000001  -0.02255521706294817  6.863002608621199e-05
1.6600000000000001  -0.02176782687496948  6.120592927361205e-05
1.68  -0.020987859053873625  5.641963164226485e-05
1.7  -0.02021572626556322  5.434183274961402e-05
1.72  -0.019451877395917864  5.5014517862022455e-05
1.74  -0.018696768100674558  5.8447786822099e-05
1.76  -0.017950837805798352  6.46178171664844e-05
1.78  -0.017214492253514856  7.346584255766772e-05
1.8  -0.01648809089071879  8.489804684252744e-05
1.82  -0.015771938542519022  9.878628371159755e-05
1.84  -0.015066280899050516  0.00011496952733536093
1.86  -0.014371303386121163  0.00013325595103112086
1.8800000000000001  -0.013687133006040655  0.00015342552601476801
1.9000000000000001  -0.013013842734397582  0.0001752330333031959
1.92  -0.01235145804665819  0.00019841138896821236
1.94  -0.011699965128775231  0.00022267519635590422
1.96  -0.011059320305855384  0.0002477244589754032
1.98  -0.010429460207784966  0.000273248404253344
2.0  -0.009810312149578731  0.0002989293690768872
2.02  -0.009201804165645592  0.00032444675316730775
2.04  -0.008603874297401053  0.0003494810852365729
2.06  -0.008016478834692788  0.00037371810669358646
2.08  -0.0074395991974947565  0.0003968527900597735
2.1  -0.006873247283530356  0.00041859329397289825
2.12  -0.006317469179298589  0.0004386648634259064
2.14  -0.00577234715396072  0.0004568136736088834
2.16  -0.005237999953792703  0.0004728105723498916
2.18  -0.0047145816026092115  0.00048645460260965417
2.2  -0.004202279108042575  0.0004975761265845662
2.22  -0.0037013095637365937  0.0005060393649520019
2.24  -0.003211917071252236  0.0005117442122867217
2.2600000000000002  -0.002734369723039166  0.0005146272659987695
2.2800000000000002  -0.0022689566807424207  0.0005146620787203053
2.3000000000000003  -0.0018159852299963813  0.0005118586935319797
2.32  -0.0013757776247543632  0.0005062625454464165
2.34  -0.0009486675402949687  0.0004979528182379063
2.36  -0.0005349960049094841  0.0004870403414050421
2.38  -0.00013510674788184095  0.00047366510387353484
2.4  0.0002506590328094321  0.00045799345241022356
2.42  0.0006219684246616644  0.00044021503516333913
2.44  0.0009785029766863663  0.0004205395451273066
2.46  0.0013199651685778815  0.0003991933144980015
2.48  0.0016460850264222587  0.00037641580868188893
2.5  0.001956626729368081  0.0003524560676165517
2.52  0.002251395049795365  0.00032756914138262863
2.54  0.002530241473238387  0.0003020125665719321
2.56  0.002793069852609365  0.00027604292894972633
2.58  0.003039841463221072  0.0002499125565287277
2.6  0.003270579340054609  0.00022386638500346387
2.62  0.0034853717960522876  0.00019813903460217178
2.64  0.0036843750394125376  0.00017295213374664492
2.66  0.0038678148283834116  0.00014851192058601756
2.68  0.004035987123380835  0.00012500714853860083
2.7  0.004189257717888749  0.000102607316588692
2.72  0.004328060851029776  8.146123937633493e-05
2.74  0.004452896825394929  6.169596618306098e-05
2.7600000000000002  0.0045643286732412955  4.3416051907425846e-05
2.7800000000000002  0.004662977932033057  2.670317725763017e-05
2.8000000000000003  0.004749519606182359  1.1616109687248235e-05
2.82  0.004824676405472682  -1.8090085840460131e-06
2.84  0.004889212361873969  -1.355806367629115e-05
2.86  0.004943925935032511  -2.3638086466319246e-05
2.88  0.004989642722733009  -3.2076108013191974e-05
2.9  0.005027207896131787  -3.8917782897831735e-05
2.92  0.0050574784807123335  -4.422581202456516e-05
2.94  0.005081315602731283  -4.807819831936219e-05
2.96  0.005099576817560632  -5.0566369740241045e-05
2.98  0.00511310863088549  -5.179320443380513e-05
3.0  0.005122739316516693  -5.1870992670000103e-05
3.02  0.005129272125793558  -5.091936955452196e-05
3.04  0.005133478973518101  -4.906325139759956e-05
3.06  0.005136094674270067  -4.643080697663593e-05
3.08  0.005137811791100771  -4.315149289239035e-05
3.1  0.005139276146212845  -3.935417972701226e-05
3.12  0.005141083030582257  -3.516539289393712e-05
3.14  0.005143774136779105  -3.0707688911924105e-05
3.16  0.005147835226815629  -2.6098184536872037e-05
3.18  0.005153694534808229  -2.1447252787008055e-05
3.2  0.005161721892884406  -1.6857396488403583e-05
3.22  0.005172228558210989  -1.2422306669700048e-05
3.24  0.005185467709379148  -8.226109874342655e-06
3.2600000000000002  0.00520163557182085  -4.342805382763363e-06
3.2800000000000002  0.005220873124540977  -8.358903275800271e-07
3.3000000000000003  0.0052432683342673  2.2418321308838058e-06
3.3200000000000003  0.005268858858170308  4.848269005922116e-06
3.34  0.005297635152453869  6.951887722911614e-06
3.36  0.005329543921611048  8.531412182046215e-06
3.38  0.005364491842287697  9.575379083059623e-06
3.4  0.005402349495546592  1.0081570369380145e-05
3.42  0.005442955441936395  1.0056338196244325e-05
3.44  0.005486120375863198  9.513839776642216e-06
3.46  0.005531631298881143  8.475200190149752e-06
3.48  0.005579255655239687  6.967621242281525e-06
3.5  0.005628745377433053  5.023454198238532e-06
3.52  0.005679840794445246  2.6792536470203042e-06
3.54  0.005732274360786985  -2.5171037553302312e-08
3.56  0.005785774170127773  -3.0476911932393624e-06
3.58  0.005840067223273854  -6.344767052834856e-06
3.6  0.00589488242634784  -9.872315619236302e-06
3.62  0.005949953301187482  -1.3586526641201299e-05
3.64  0.006005020396083628  -1.744461647918075e-05
3.66  0.006059833390983688  -2.140551108946467e-05
3.68  0.00611415289697154  -2.5430450771087726e-05
3.7  0.006167751955205023  -2.948351077598603e-05
3.72  0.006220417245308031  -3.3532033318650997e-05
3.74  0.0062719500174918535  -3.754696801768403e-05
3.7600000000000002  0.006322166766290287  -4.1503119354396916e-05
3.7800000000000002  0.006370899666686159  -4.537930127183025e-05
3.8000000000000003  0.006417996795644499  -4.9158400650961185e-05
3.8200000000000003  0.006463322163559257  -5.2827352915856153e-05
3.84  0.006506755580988564  -5.637703458690897e-05
3.86  0.00654819238627659  -5.980207893841732e-05
3.88  0.00658754305931987  -6.31006222137384e-05
3.9  0.006624732745901651  -6.627398890268955e-05
3.92  0.006659700715694531  -6.932632546479073e-05
3.94  0.006692399775374577  -7.226419252666708e-05
3.96  0.006722795656257946  -7.509612600383568e-05
3.98  0.006750866393611724  -7.783217777455445e-05
4.0  0.0067766017123218215  -8.048344652848615e-05
4.0200000000000005  0.0068000024310177366  -8.306160912414636e-05
4.04  0.006821079894088688  -8.557846241161494e-05
4.0600000000000005  0.006839855438366659  -8.804548478442517e-05
4.08  0.0068563598986451  -9.04734260245797e-05
4.1  0.006870633153697888  -9.287193304352321e-05
4.12  0.006882723712116108  -9.524921813332525e-05
4.14  0.0068926883351553  -9.761177524005338e-05
4.16  0.00690059169187605  -9.996414860162042e-05
4.18  0.006906506040246319  -0.00010230875691868152
4.2  0.006910510926562696  -0.00010464577499414321
4.22  0.006912692894550682  -0.00010697307362270874
4.24  0.006913145194835003  -0.00010928621731168468
4.26  0.006911967485161936  -0.0001115785183382041
4.28  0.006909265511754139  -0.0001138411445904991
4.3  0.006905150762512786  -0.0001160632776875027
4.32  0.006899740083413331  -0.0001182323170237344
4.34  0.006893155250356693  -0.00012033412461602119
4.36  0.006885522489898715  -0.00012235330502471825
4.38  0.006876971943657077  -0.0001242735140715889
4.4  0.00686763707273632  -0.00012607778975615717
4.42  0.00685765400020821  -0.0001277488984718428
4.44  0.006847160791435861  -0.00012926968954002601
4.46  0.006836296673880299  -0.00013062345109565894
4.48  0.006825201199814526  -0.00013179426047598962
4.5  0.0068140133571955135  -0.0001327673225286717
4.5200000000000005  0.006802870635625468  -0.00013352928963021192
4.54  0.006791908055958119  -0.0001340685576342784
4.5600000000000005  0.006781257173538724  -0.00013437553252447707
4.58  0.006771045066342865  -0.00013444286315673828
4.6000000000000005  0.006761393320353188  -0.00013426563615329096
4.62  0.006752417025334755  -0.0001338415297351884
4.64  0.006744223794761606  -0.0001331709240375187
4.66  0.006736912823951186  -0.00013225696628100595
4.68  0.006730574000516501  -0.0001311055899781847
4.7  0.006725287080971785  -0.00012972548826718671
4.72  0.0067211209468368335  -0.00012812804229641832
4.74  0.006718132952748205  -0.00012632720649378328
4.76  0.006716368378064218  -0.00012433935337565594
4.78  0.006715859992133973  -0.00012218308122760076
4.8  0.006716627741962747  -0.00011987898855362754
4.82  0.006718678569324645  -0.0001174494195075233
4.84  0.006722006362634921  -0.00011491818467852734
4.86  0.006726592047021464  -0.0001123102616720113
4.88  0.006732403814112151  -0.00010965147997558935
4.9  0.006739397491082974  -0.00010696819474012391
4.92  0.006747517046559275  -0.00010428695425351918
4.94  0.00675669522899325  -0.00010163416607028382
4.96  0.0067668543312222815  -9.90357668712836e-05
4.98  0.006777907073040117  -9.651690102518287e-05
5.0  0.006789757591832183  -9.41016127305316e-05
5.0200000000000005  0.0068023025297207634  -9.181255620482247e-05
5.04  0.006815432204180897  -8.967072808547505e-05
5.0600000000000005  0.0068290318478578665  -8.769522569741854e-05
5.08  0.006842982902229846  -8.590303436546384e-05
5.1000000000000005  0.006857164348974695  -8.430884640444304e-05
5.12  0.006871454062337801  -8.292491386765636e-05
5.14  0.006885730165504717  -8.176093653528336e-05
5.16  0.006899872373917176  -8.082398609292001e-05
5.18  0.0069137633086987  -8.011846681704642e-05
5.2  0.006927289763815956  -7.964611257212659e-05
5.22  0.006940343911271359  -7.940601935024595e-05
5.24  0.006952824429550709  -7.939471212408056e-05
5.26  0.006964637541670256  -7.960624434400802e-05
5.28  0.006975697950429955  -8.003232809834324e-05
5.3  0.006985929659913992  -8.06624927529813e-05
5.32  0.006995266673850281  -8.148426954137974e-05
5.34  0.0070036535631517365  -8.248339858237831e-05
5.36  0.0070110458974824135  -8.364405309159949e-05
5.38  0.007017410539435231  -8.494907549378992e-05
5.4  0.007022725801783784  -8.638022206141754e-05
5.42  0.007026981467023161  -8.791841372646255e-05
5.44  0.007030178668843476  -8.954399092357305e-05
5.46  0.007032329637877834  -9.123696977597661e-05
5.48  0.0070334573169035935  -9.297729591096086e-05
5.5  0.007033594853025987  -9.474509184817105e-05
5.5200000000000005  0.007032784976090639  -9.652089422929378e-05
5.54  0.00703107927386165  -9.828587766515928e-05
5.5600000000000005  0.007028537375535387  -0.00010002206241307453
5.58  0.0070252260561030795  -0.00010171250350766113
5.6000000000000005  0.007021218274825557  -0.00010334145937307101
5.62  0.007016592161673016  -0.00010489453828839882
5.64  0.007011429965968395  -0.00010635882150270066
5.66  0.007005816981646746  -0.00010772296214071534
5.68  0.006999840463547432  -0.00010897725944167955
5.7  0.00699358854891546  -0.00011011370824182479
5.72  0.006987149197889282  -0.00011112602397941485
5.74  0.006980609166157297  -0.00011200964383777708
5.76  0.0069740530221978105  -0.00011276170498124939
5.78  0.006967562220602489  -0.00011338100112417008
5.8  0.006961214241931775  -0.00011386791895836833
5.82  0.006955081808357878  -0.00011422435618724963
5.84  0.0069492321830897  -0.00011445362312850863
5.86  0.006943726560222508  -0.00011456032999337926
5.88  0.006938619550225088  -0.00011455026210736554
5.9  0.006933958764855503  -0.00011443024536938101
5.92  0.006929784503820785  -0.00011420800435595513
5.94  0.006926129544050745  -0.0001138920154364534
5.96  0.0069230190310439095  -0.00011349135724902113
5.98  0.006920470470363654  -0.0001130155608371153
6.0  0.006918493816060039  -0.00011247446162143405
6.0200000000000005  0.006917091651579886  -0.00011187805529129817
6.04  0.0069162594576060105  -0.00011123635949807195
6.0600000000000005  0.006915985960265246  -0.00011055928309844235
6.08  0.0069162535522507805  -0.00010985650448443402
6.1000000000000005  0.006917038778684322  -0.0001091373603010015
6.12  0.006918312878899352  -0.00010841074567324738
6.140000000000001  0.006920042374896549  -0.0001076850267970931
6.16  0.006922189696890354  -0.00010696796652679934
6.18  0.006924713836198551  -0.00010626666335409967
6.2  0.006927571015693239  -0.00010558750395970985
6.22  0.006930715368161353  -0.0001049361292663016
6.24  0.006934099613157605  -0.00010431741374276876
6.26  0.006937675723309403  -0.00010373545749167473
6.28  0.006941395571512972  -0.00010319359047878109
6.3  0.0069452115510696315  -0.0001026943881014268
6.32  0.0069490771614798144  -0.0001022396971497234
6.34  0.006952947553369696  -0.00010183067110741264
6.36  0.006956780026885934  -0.0001014678136236017
6.38  0.006960534478721083  -0.00010115102892525757
6.4  0.006964173793901044  -0.00010087967790236714
6.42  0.006967664179352669  -0.00010065263854702893
6.44  0.006970975437248266  -0.00010046836945586961
6.46  0.006974081177024596  -0.00010032497510616088
6.48  0.006976958965917225  -0.00010022027165592376
6.5  0.006979590418706286  -0.00010015185209520655
6.5200000000000005  0.006981961228214027  -0.00010011714963843615
6.54  0.00698406113886221  -0.00010011349833792364
6.5600000000000005  0.006985883866328339  -0.00010013819003479942
6.58  0.006987426966949822  -0.0001001885268189368
6.6000000000000005  0.006988691661101861  -0.00010026186837870765
6.62  0.006989682615250824  -0.00010035567366386893
6.640000000000001  0.006990407687744168  -0.00010046753648774258
6.66  0.006990877643720335  -0.000100595214788626
6.68  0.006991105844707921  -0.00010073665341838749
6.7  0.006991107918588477  -0.00010089000045924984
6.72  0.006990901415632288  -0.00010105361716925866
6.74  0.006990505456240625  -0.00010122608180830644
6.76  0.006989940375896016  -0.00010140618767501145
6.78  0.0069892273725829495  -0.00010159293577469895
6.8  0.006988388161674979  -0.00010178552265369502
6.82  0.0069874446429070754  -0.00010198332396975658
6.84  0.006986418583681489  -0.00010218587443806319
6.86  0.006985331322471989  -0.00010239284483787113
6.88  0.00698420349562342  -0.00010260401678869314
6.9  0.0069830547903398914  -0.00010281925599908131
6.92  0.006981903726097528  -0.00010303848472593803
6.94  0.006980767466196488  -0.00010326165412998095
6.96  0.006979661660628624  -0.00010348871720625586
6.98  0.006978600320887105  -0.00010371960293668403
7.0  0.006977595726839398  -0.00010395419221867808
7.0200000000000005  0.006976658365285236  -0.00010419229613142818
7.04  0.006975796899359043  -0.00010443363696566602
7.0600000000000005  0.006975018167501379  -0.00010467783242317665
7.08  0.006974327210338088  -0.00010492438328266559
7.1000000000000005  0.006973727323463774  -0.00010517266475174793
7.12  0.006973220133815168  -0.0001054219216622505
7.140000000000001  0.006972805697099055  -0.00010567126754805435
7.16  0.006972482613517806  -0.00010591968759101895
7.18  0.006972248158913349  -0.00010616604533379641
7.2  0.006972098428353993  -0.00010640909297479588
7.22  0.006972028489146762  -0.00010664748500487065
7.24  0.006972032540281154  -0.00010687979486819366
7.26  0.006972104075355605  -0.00010710453429576243
7.28  0.006972236046156424  -0.00010732017487755056
7.3  0.00697242102418112  -0.0001075251714443338
7.32  0.00697265135760146  -0.00010771798676870064
7.34  0.006972919321356881  -0.00010789711708610259
7.36  0.006973217258303171  -0.00010806111792937043
7.38  0.006973537709614508  -0.00010820862977483644
7.4  0.006973873532901605  -0.00010833840298828337
7.42  0.006974218006794245  -0.00010844932159828738
7.44  0.00697456492103421  -0.00010854042544021161
7.46  0.006974908651415765  -0.00010861093025438476
7.48  0.006975244219194213  -0.00010866024534770041
7.5  0.006975567334870151  -0.0001086879885032991
7.5200000000000005  0.006975874426531296  -0.00010869399784603978
7.54  0.006976162653153547  -0.00010867834044864783
7.5600000000000005  0.0069764299035463394  -0.00010864131750238195
7.58  0.006976674781787498  -0.00010858346596708202
7.6000000000000005  0.006976896580203781  -0.00010850555664361828
7.62  0.0069770952411008355  -0.00010840858869358116
7.640000000000001  0.006977271308584494  -0.00010829378069567805
7.66  0.006977425871897007  -0.0001081625583577795
7.68  0.006977560501788358  -0.00010801653910053922
7.7  0.006977677181455899  -0.00010785751373242498
7.72  0.006977778233621503  -0.00010768742552482322
7.74  0.006977866245291206  -0.00010750834700322132
7.76  0.0069779439917056  -0.0001073224548186455
7.78  0.006978014360919811  -0.00010713200309323608
7.8  0.006978080280376574  -0.00010693929564591282
7.82  0.006978144646725944  -0.00010674665752074403
7.84  0.006978210260019317  -0.0001065564062507877
7.86  0.0069782797632867355  -0.00010637082328139686
7.88  0.006978355588343154  -0.00010619212597964532
7.9  0.006978439908524597  -0.00010602244063230348
7.92  0.006978534598906055  -0.00010586377681631363
7.94  0.006978641204373127  -0.00010571800350716562
7.96  0.006978760915776348  -0.00010558682725349074
7.98  0.006978894554242227  -0.00010547177269449397
8.0  0.0069790425635526815  -0.00010537416569772026
8.02  0.006979205010381173  -0.00010529511930061392
8.040000000000001  0.00697938159202317  -0.00010523552264036332
8.06  0.006979571651165944  -0.00010519603296519495
8.08  0.006979774197106135  -0.00010517707081704721
8.1  0.006979987932770828  -0.00010517881838625849
8.120000000000001  0.006980211286783942  -0.00010520122102587151
8.14  0.006980442449795069  -0.0001052439918368626
8.16  0.0069806794142332675  -0.00010530661921632556
8.18  0.006980920016608183  -0.0001053883772066048
8.2  0.006981161981506445  -0.00010548833844448567
8.22  0.00698140296640167  -0.00010560538948893594
8.24  0.006981640606446758  -0.00010573824825731883
8.26  0.006981872558433452  -0.0001058854832885255
8.28  0.006982096543157999  -0.00010604553453007673
8.3  0.00698231038549529  -0.00010621673532138686
8.32  0.0069825120515514885  -0.0001063973352548218
8.34  0.006982699682332083  -0.0001065855235697108
8.36  0.00698287162345464  -0.00010677945274322666
8.38  0.006983026450524982  -0.00010697726196768378
8.4  0.006983162989884417  -0.00010717710016634643
8.42  0.006983280334515734  -0.00010737714827656773
8.44  0.00698337785501019  -0.0001075756404883894
8.46  0.006983455205565405  -0.00010777088419626092
8.48  0.0069835123250873085  -0.00010796127841477008
8.5  0.006983549433538869  -0.00010814533046293366
8.52  0.006983567023761314  -0.00010832167072615795
8.540000000000001  0.00698356584905876  -0.00010848906536409144
8.56  0.006983546906898062  -0.00010864642685303458
8.58  0.006983511419132954  -0.00010879282228046255
8.6  0.00698346080919803  -0.00010892747935434369
8.620000000000001  0.0069833966767535475  -0.00010904979012528137
8.64  0.0069833207702876135  -0.00010915931243847982
8.66  0.006983234958201051  -0.00010925576917428971
8.68  0.006983141198896762  -0.0001093390453724911
8.700000000000001  0.006983041510394894  -0.00010940918334735952
8.72  0.00698293793998195  -0.00010946637593111996
8.74  0.006982832534386156  -0.00010951095801508195
8.76  0.006982727310940327  -0.00010954339655959734
8.78  0.006982624230144662  -0.00010956427927355671
8.8  0.006982525170030454  -0.00010957430217125254
8.82  0.0069824319026521265  -0.0001095742562162807
8.84  0.00698234607300426  -0.00010956501328002037
8.86  0.006982269180599488  -0.00010954751163340279
8.88  0.006982202563888724  -0.00010952274119288522
8.9  0.006982147387660163  -0.00010949172873455452
8.92  0.006982104633490487  -0.00010945552328954012
8.94  0.006982075093267981  -0.00010941518190260682
8.96  0.006982059365763482  -0.00010937175595967743
8.98  0.006982057856170315  -0.00010932627822127873
9.0  0.00698207077849123  -0.00010927975074162451
9.02  0.00698209816061226  -0.00010923313378423199
9.040000000000001  0.0069821398518574145  -0.00010918733584614835
9.06  0.006982195532807234  -0.00010914320489217679
9.08  0.006982264727106958  -0.0001091015208473463
9.1  0.006982346815002533  -0.00010906298941228452
9.120000000000001  0.006982441048303171  -0.00010902823720940137
9.14  0.0069825465664761005  -0.00010899780827722114
9.16  0.006982662413562881  -0.00010897216188129904
9.18  0.006982787555615384  -0.00010895167162023971
9.200000000000001  0.006982920898354678  -0.00010893662575729281
9.22  0.0069830613047693535  -0.00010892722872608534
9.24  0.006983207612380853  -0.0001089236037127331
9.26  0.00698335864992537  -0.00010892579622107928
9.28  0.006983513253220086  -0.00010893377851773134
9.3  0.006983670280022102  -0.00010894745484506699
9.32  0.006983828623693188  -0.00010896666727138065
9.34  0.006983987225526519  -0.00010899120206182445
9.36  0.006984145085630593  -0.00010902079644707291
9.38  0.00698430127226863  -0.0001090551456545508
9.4  0.006984454929607453  -0.00010909391009220572
9.42  0.006984605283853341  -0.00010913672255046013
9.44  0.006984751647771433  -0.00010918319532489252
9.46  0.006984893423624885  -0.00010923292714447547
9.48  0.00698503010458636  -0.00010928550981016916
9.5  0.006985161274699036  -0.000109340534466309
9.52  0.006985286607493592  -0.00010939759741416402
9.540000000000001  0.006985405863364428  -0.00010945630541205669
9.56  0.006985518885847527  -0.0001095162804179735
9.58  0.006985625596930462  -0.00010957716371426447
9.6  0.0069857259915536915  -0.00010963861940504999
9.620000000000001  0.006985820131446226  -0.00010970033726413726
9.64  0.006985908138459033  -0.0001097620349320072
9.66  0.006985990187549295  -0.00010982345946515873
9.68  0.006986066499561093  -0.00010988438825848865
9.700000000000001  0.006986137333951812  -0.0001099446293724172
9.72  0.006986202981596584  -0.00011000402129817506
9.74  0.006986263757796287  -0.00011006243219934952
9.76  0.006986319995595227  -0.00011011975869801082
9.78  0.006986372039515423  -0.00011017592424040351
9.8  0.006986420239785908  -0.00011023087712038715
9.82  0.006986464947125584  -0.00011028458820313379
9.84  0.0069865065081456176  -0.00011033704844404062
9.86  0.006986545261396401  -0.00011038826623111411
9.88  0.006986581534079824  -0.00011043826464664987
9.9  0.006986615639430053  -0.00011048707868455818
9.92  0.006986647874755214  -0.00011053475250365346
9.94  0.00698667852011227  -0.0001105813367524044
9.96  0.0069867078375789315  -0.00011062688602940103
9.98  0.006986736071081195  -0.00011067145651807498
10.0  0.006986763446710512  -0.0001107151038340937
10.02  0.006986790173478996  -0.00011075788111696158
10.040000000000001  0.006986816444432786  -0.00011079983739788478
10.06  0.006986842438062132  -0.00011084101625222033
10.08  0.006986868319924313  -0.00011088145475528119
10.1  0.006986894244406773  -0.00011092118274721248
10.120000000000001  0.006986920356560358  -0.0001109602223942867
10.14  0.006986946793930034  -0.00011099858806301336
10.16  0.006986973688318061  -0.00011103628645968628
10.18  0.006987001167415721  -0.00011107331704600227
10.200000000000001  0.006987029356253961  -0.00011110967268858937
10.22  0.006987058378424624  -0.00011114534052609766
10.24  0.006987088357041119  -0.00011118030301787607
10.26  0.006987119415396191  -0.00011121453913833347
10.28  0.006987151677310419  -0.00011124802568357101
10.3  0.00698718526716041  -0.00011128073865597631
10.32  0.006987220309577959  -0.00011131265469026521
10.34  0.0069872569288347945  -0.00011134375248187772
10.36  0.006987295247928247  -0.00011137401417132489
10.38  0.00698733538739542  -0.00011140342668687034
10.4  0.0069873774638792895  -0.00011143198296929282
10.42  0.006987421588494236  -0.00011145968307524733
10.44  0.006987467865032461  -0.00011148653513736478
10.46  0.006987516388043934  -0.0001115125561528496
10.48  0.00698756724087057  -0.00011153777257214996
10.5  0.0069876204936535295  -0.00011156222070200612
10.52  0.006987676201382696  -0.00011158594688617232
10.540000000000001  0.006987734402049384  -0.00011160900748277867
10.56  0.006987795114924935  -0.00011163146861747737
10.58  0.00698785833904125  -0.00011165340573796395
10.6  0.006987924051900858  -0.00011167490296301098
10.620000000000001  0.0069879922084576055  -0.00011169605224384526
10.64  0.006988062740407246  -0.0001117169523573056
10.66  0.006988135555806774  -0.00011173770774478876
10.68  0.00698821053905224  -0.00011175842721857551
10.700000000000001  0.006988287551221512  -0.00011177922256223896
10.72  0.006988366430794091  -0.00011180020705364927
10.74  0.006988446994741185  -0.00011182149393102126
10.76  0.006988529039985239  -0.00011184319482833983
10.78  0.006988612345207459  -0.00011186541822024048
10.8  0.006988696672981352  -0.00011188826788744631
10.82  0.0069887817722117124  -0.00011191184144404649
10.84  0.006988867380832423  -0.00011193622894000829
10.86  0.0069889532287358384  -0.00011196151157054905
10.88  0.006989039040881316  -0.00011198776051017176
10.9  0.0069891245405392394  -0.0001120150358890994
10.92  0.006989209452621759  -0.0001120433859361797
10.94  0.006989293507046903  -0.00011207284629358478
10.96  0.006989376442079193  -0.00011210343950935933
10.98  0.00698945800760708  -0.0001121351747343145
11.0  0.006989537968289659  -0.00011216804760512064
11.02  0.00698961610653308  -0.00011220204032278468
11.040000000000001  0.0069896922252511845  -0.00011223712193085856
11.06  0.006989766150359784  -0.0001122732487760336
11.08  0.006989837732971061  -0.00011231036514725739
11.1  0.006989906851253882  -0.00011234840408273688
11.120000000000001  0.006989973411928788  -0.00011238728832357848
11.14  0.006990037351377307  -0.00011242693141479146
11.16  0.006990098636349296  -0.00011246723891415576
11.18  0.006990157264257643  -0.00011250810969886971
11.200000000000001  0.0069902132630536825  -0.00011254943735647594
11.22  0.006990266690694799  -0.00011259111161811793
11.24  0.006990317634200579  -0.00011263301984139483
11.26  0.006990366208331579  -0.00011267504848485227
11.28  0.006990412553892763  -0.0001127170845832775
11.3  0.006990456835698136  -0.00011275901718206877
11.32  0.006990499240235067  -0.00011280073872185358
11.34  0.006990539973047783  -0.0001128421463464381
11.36  0.00699057925589883  -0.00011288314311824475
11.38  0.006990617323735092  -0.00011292363913205743
11.4  0.006990654421516019  -0.00011296355250191983
11.42  0.006990690800946038  -0.0001130028102164647
11.44  0.006990726717156734  -0.0001130413488509354
11.46  0.006990762425394124  -0.00011307911513564506
11.48  0.006990798177752401  -0.00011311606636218194
11.5  0.0069908342199998825  -0.0001131521706338293
11.52  0.00699087078854396  -0.00011318740697262021
11.540000000000001  0.006990908107574483  -0.00011322176525242549
11.56  0.006990946386425546  -0.00011325524600508722
11.58  0.006990985817186844  -0.0001132878600660408
11.6  0.006991026572590145  -0.00011331962810600657
11.620000000000001  0.0069910688042070165  -0.00011335058002759444
11.64  0.006991112640970099  -0.00011338075426100687
11.66  0.006991158188028404  -0.000113410196960167
11.68  0.006991205525955856  -0.00011343896111956525
11.700000000000001  0.0069912547103126894  -0.00011346710562835645
11.72  0.006991305771551858  -0.00011349469427278323
11.74  0.00699135871527794  -0.00011352179470847904
11.76  0.006991413522832741  -0.00011354847741035953
11.78  0.006991470152201688  -0.00011357481462921336
11.8  0.006991528539212507  -0.00011360087936602384
11.82  0.006991588599011096  -0.00011362674436243614
11.84  0.006991650227777391  -0.0001136524811489435
11.86  0.006991713304657569  -0.00011367815914071794
11.88  0.00699177769387337  -0.00011370384480873725
11.9  0.006991843246981186  -0.00011372960092209227
11.92  0.006991909805235514  -0.00011375548587626023
11.94  0.006991977202026825  -0.00011378155311832008
11.96  0.0069920452653541385  -0.0001138078506673364
11.98  0.006992113820299081  -0.00011383442073640608
12.0  0.006992182691460028  -0.00011386129945347741
12.02  0.006992251705314536  -0.00011388851669046418
12.040000000000001  0.006992320692485386  -0.00011391609598552778
12.06  0.006992389489865574  -0.00011394405457261893
12.08  0.0069924579425945255  -0.00011397240349283363
12.1  0.006992525905843575  -0.00011400114779738796
12.120000000000001  0.006992593246405092  -0.00011403028683487908
12.14  0.0069926598440606495  -0.00011405981459905606
12.16  0.006992725592717748  -0.00011408972014726707
12.18  0.0069927904013060635  -0.00011411998807059015
12.200000000000001  0.006992854194430714  -0.00011415059900273192
12.22  0.006992916912779592  -0.00011418153016766415
12.24  0.006992978513278462  -0.00011421275594402234
12.26  0.006993038969025058  -0.00011424424844249363
12.280000000000001  0.006993098268975603  -0.0001142759780891934
12.3  0.006993156417434225  -0.00011430791419661087
12.32  0.006993213433329419  -0.00011434002551865188
12.34  0.006993269349313214  -0.00011437228078178536
12.36  0.006993324210699934  -0.00011440464917983266
12.38  0.006993378074259658  -0.00011443710083736372
12.4  0.006993431006900791  -0.00011446960721918378
12.42  0.006993483084254115  -0.00011450214149170344
12.44  0.006993534389188022  -0.00011453467883518716
12.46  0.006993585010288631  -0.00011456719669630265
12.48  0.006993635040307657  -0.0001145996749842982
12.5  0.006993684574626156  -0.0001146320962109638
12.52  0.006993733709739522  -0.00011466444556889244
12.540000000000001  0.006993782541793095  -0.00011469671095812252
12.56  0.006993831165188759  -0.00011472888295935567
12.58  0.006993879671278233  -0.00011476095475928088
12.6  0.006993928147161408  -0.00011479292202599018
12.620000000000001  0.006993976674597929  -0.00011482478274750367
12.64  0.006994025329054615  -0.00011485653703063539
12.66  0.0069940741788912485  -0.00011488818688111749
12.68  0.006994123284685846  -0.00011491973594361413
12.700000000000001  0.006994172698716403  -0.00011495118923606732
12.72  0.006994222464588637  -0.00011498255286752817
12.74  0.006994272617017724  -0.00011501383375677856
12.76  0.00699432318175875  -0.0001150450393408346
12.780000000000001  0.006994374175674809  -0.0001150761773002643
12.8  0.006994425606942925  -0.00011510725528932533
12.82  0.006994477475387858  -0.0001151382806868304
12.84  0.006994529772927513  -0.00011516926036471686
12.86  0.0069945824841228564  -0.00011520020048329187
12.88  0.006994635586818151  -0.00011523110631697357
12.9  0.006994689052856076  -0.0001152619821006451
12.92  0.006994742848854599  -0.00011529283092315666
12.94  0.006994796937032303  -0.00011532365464116747
12.96  0.006994851276058143  -0.00011535445383265843
12.98  0.006994905821923032  -0.00011538522778534169
13.0  0.006994960528811772  -0.00011541597451402981
13.02  0.006995015349957112  -0.00011544669081176235
13.040000000000001  0.0069950702384725776  -0.00011547737233099476
13.06  0.006995125148147297  -0.00011550801368957278
13.08  0.006995180034186867  -0.00011553860860113356
13.1  0.006995234853897598  -0.00011556915002747944
13.120000000000001  0.006995289567303556  -0.00011559963034537353
13.14  0.006995344137686281  -0.00011563004153029388
13.16  0.006995398532044617  -0.00011566037534239173
13.18  0.006995452721475049  -0.00011569062352512728
13.200000000000001  0.00699550668145642  -0.00011572077799983124
13.22  0.006995560392053823  -0.0001157508310574569
13.24  0.006995613838032042  -0.00011578077554389018
13.26  0.006995667008887161  -0.00011581060503551991
13.280000000000001  0.006995719898791431  -0.0001158403139978865
13.3  0.0069957725064654286  -0.00011586989793271001
13.32  0.006995824834977472  -0.00011589935349813943
13.34  0.006995876891477175  -0.00011592867861220596
13.36  0.0069959286868693715  -0.00011595787253334858
13.38  0.00699598023544116  -0.00011598693591048607
13.4  0.0069960315544461684  -0.0001160158708114235
13.42  0.006996082663656195  -0.00011604468072576622
13.44  0.006996133584888141  -0.00011607337053956695
13.46  0.006996184341521088  -0.00011610194648886652
13.48  0.006996234958001719  -0.00011613041608209227
13.5  0.0069962854593518115  -0.00011615878800790277
13.52  0.0069963358706959826  -0.00011618707201784757
13.540000000000001  0.006996386216795231  -0.00011621527878996737
13.56  0.006996436521618471  -0.00011624341977909896
13.58  0.006996486807935137  -0.00011627150705326603
13.6  0.0069965370969552725  -0.00011629955311433717
13.620000000000001  0.006996587408002829  -0.00011632757072429909
13.64  0.006996637758241776  -0.00011635557271140302
13.66  0.006996688162447557  -0.00011638357178756878
13.68  0.006996738632829834  -0.00011641158036239542
13.700000000000001  0.006996789178908174  -0.00011643961036401381
13.72  0.0069968398074368755  -0.00011646767306705688
13.74  0.006996890522384962  -0.00011649577893355689
13.76  0.006996941324960368  -0.00011652393746156551
13.780000000000001  0.006996992213685715  -0.0001165521570564052
13.8  0.006997043184516164  -0.00011658044491471477
13.82  0.0069970942309976365  -0.00011660880693279164
13.84  0.006997145344458246  -0.00011663724762262943
13.86  0.006997196514237603  -0.00011666577006500629
13.88  0.006997247727934696  -0.00011669437587611838
13.9  0.006997298971684117  -0.00011672306519382972
13.92  0.006997350230441315  -0.00011675183669573893
13.94  0.0069974014882815735  -0.00011678068762340391
13.96  0.006997452728706499  -0.0001168096138393138
13.98  0.006997503934941388  -0.00011683860990059853
14.0  0.0069975550902347415  -0.00011686766914996264
14.02  0.00699760617814392  -0.00011689678381898163
14.040000000000001  0.006997657182811837  -0.00011692594515017642
14.06  0.006997708089210559  -0.00011695514352977958
14.08  0.006997758883378716  -0.00011698436863263314
14.1  0.006997809552623132  -0.00011701360957221135
14.120000000000001  0.006997860085696262  -0.00011704285505245257
14.14  0.006997910472944482  -0.0001170720935330049
14.16  0.006997960706421905  -0.00011710131338288427
14.18  0.006998010779974846  -0.00011713050303986951
14.200000000000001  0.0069980606892941916  -0.0001171596511646849
14.22  0.006998110431931366  -0.00011718874678317995
14.24  0.00699816000728864  -0.00011721777942841336
14.26  0.006998209416579564  -0.00011724673926518178
14.280000000000001  0.00699825866275473  -0.00011727561720690445
14.3  0.006998307750408543  -0.00011730440502038102
14.32  0.006998356685660338  -0.00011733309540658073
14.34  0.006998405476013029  -0.00011736168208196054
14.36  0.006998454130198002  -0.00011739015982861311
14.38  0.006998502658000767  -0.0001174185245355118
14.4  0.006998551070079589  -0.00011744677322434444
14.42  0.006998599377775749  -0.00011747490405236721
14.44  0.006998647592916053  -0.00011750291630575527
14.46  0.006998695727618963  -0.00011753081037243964
14.48  0.006998743794101721  -0.00011755858770770474
14.5  0.006998791804487264  -0.00011758625077554842
14.52  0.006998839770628828  -0.0001176138029858927
14.540000000000001  0.006998887703939696  -0.00011764124861558494
14.56  0.006998935615233943  -0.00011766859272595659
14.58  0.006998983514587915  -0.00011769584106384427
14.6  0.006999031411213357  -0.00011772299996397407
14.620000000000001  0.006999079313352915  -0.00011775007624360726
14.64  0.006999127228191922  -0.00011777707709268001
14.66  0.006999175161793987  -0.00011780400996278624
14.68  0.006999223119052079  -0.00011783088246417219
14.700000000000001  0.006999271103667264  -0.00011785770225058287
14.72  0.006999319118138334  -0.00011788447692197962
14.74  0.0069993671637800115  -0.00011791121392180248
14.76  0.006999415240751714  -0.00011793792044962763
14.780000000000001  0.006999463348112278  -0.00011796460337336668
14.8  0.006999511483879586  -0.00011799126915690682
14.82  0.006999559645112925  -0.00011801792379122317
14.84  0.006999607828002028  -0.00011804457274066998
14.86  0.0069996560279647225  -0.00011807122089564135
14.88  0.006999704239754231  -0.00011809787253981956
14.9  0.006999752457566382  -0.00011812453132375802
14.92  0.006999800675154315  -0.00011815120025120178
14.94  0.006999848885938964  -0.00011817788168175575
14.96  0.006999897083116993  -0.00011820457732621321
14.98  0.006999945259770188  -0.00011823128827157626
15.0  0.006999993408966607  -0.00011825801499962203
15.02  0.007000041523858233  -0.00011828475741812821
15.040000000000001  0.007000089597765205  -0.00011831151489557332
15.06  0.007000137624263335  -0.00011833828630533337
15.08  0.0070001855972554525  -0.00011836507006967716
15.1  0.007000233511036151  -0.00011839186420888569
15.120000000000001  0.007000281360347843  -0.00011841866640015632
15.14  0.0070003291404304065  -0.00011844547402302424
15.16  0.007000376847054195  -0.00011847228422362272
15.18  0.007000424476550866  -0.00011849909396087076
15.200000000000001  0.007000472025829583  -0.00011852590006805288
15.22  0.007000519492387612  -0.00011855269930179959
15.24  0.0070005668743114815  -0.00011857948840018803
15.26  0.007000614170262113  -0.00011860626412583242
15.280000000000001  0.007000661379466424  -0.00011863302331246775
15.3  0.007000708501689547  -0.00011865976291046933
15.32  0.00700075553720534  -0.00011868648002236651
15.34  0.007000802486758757  -0.00011871317193486413
15.36  0.007000849351529385  -0.00011873983615198809
15.38  0.0070008961330842055  -0.0001187664704143208
15.4  0.007000942833328834  -0.0001187930727210589
15.42  0.007000989454461812  -0.00011881964134165401
15.44  0.007001035998920135  -0.00011884617482946694
15.46  0.00700108246933104  -0.00011887267201629703
15.48  0.007001128868460009  -0.00011889913201925957
15.5  0.007001175199166504  -0.00011892555423364534
15.52  0.007001221464350098  -0.00011895193832303768
15.540000000000001  0.0070012676669116754  -0.0001189782842032997
15.56  0.007001313809713395  -0.00011900459203089919
15.58  0.0070013598955393505  -0.00011903086218235042
15.6  0.007001405927064881  -0.00011905709523099604
15.620000000000001  0.007001451906827766  -0.00011908329192349891
15.64  0.007001497837204817  -0.00011910945315654975
15.66  0.007001543720393539  -0.00011913557994851757
15.68  0.007001589558398087  -0.00011916167341880876
15.700000000000001  0.00700163535301985  -0.0001191877347526857
15.72  0.00700168110585166  -0.00011921376518296737
15.74  0.007001726818278337  -0.00011923976596312714
15.76  0.00700177249147832  -0.00011926573834322173
15.780000000000001  0.0070018181264332995  -0.00011929168354718925
15.8  0.007001863723931587  -0.00011931760275448461
15.82  0.00700190928458844  -0.00011934349708231671
15.84  0.007001954808854223  -0.00011936936756769056
15.860000000000001  0.007002000297034084  -0.00011939521515741728
15.88  0.007002045749304208  -0.0001194210406944846
15.9  0.007002091165729611  -0.0001194468449136951
15.92  0.007002136546285124  -0.00011947262843385923
15.94  0.007002181890871324  -0.00011949839175150992
15.96  0.007002227199331327  -0.00011952413524852262
15.98  0.007002272471473276  -0.00011954985918709776
16.0  0.007002317707079236  -0.00011957556371699072
16.02  0.007002362905923819  -0.00011960124887825551
16.04  0.0070024080677857925  -0.00011962691461315895
16.06  0.007002453192458903  -0.00011965256077091602
16.080000000000002  0.007002498279759364  -0.00011967818712200896
16.1  0.007002543329531715  -0.00011970379336631722
16.12  0.007002588341655952  -0.00011972937914339247
16.14  0.00700263331604753  -0.00011975494404769458
16.16  0.0070026782526593475  -0.00011978048764216503
16.18  0.0070027231514770945  -0.00011980600946734856
16.2  0.007002768012518463  -0.00011983150905281695
16.22  0.007002812835827639  -0.00011985698593096469
16.240000000000002  0.007002857621469797  -0.00011988243964672688
16.26  0.007002902369522087  -0.00011990786976558921
16.28  0.007002947080067467  -0.00011993327588613581
16.3  0.007002991753184704  -0.00011995865764287007
16.32  0.007003036388939927  -0.00011998401471610204
16.34  0.007003080987378303  -0.00012000934683186184
16.36  0.007003125548514311  -0.00012003465377389476
16.38  0.007003170072325428  -0.0001200599353795446
16.4  0.007003214558741913  -0.00012008519153889686
16.42  0.007003259007643929  -0.00012011042219825456
16.44  0.0070033034188536755  -0.0001201356273569095
16.46  0.007003347792132815  -0.00012016080706560382
16.48  0.00700339212717669  -0.00012018596142145157
16.5  0.007003436423617127  -0.00012021109056389425
16.52  0.00700348068102076  -0.00012023619466562056
16.54  0.007003524898891021  -0.00012026127393158546
16.56  0.007003569076669514  -0.00012028632859265286
16.580000000000002  0.007003613213744768  -0.00012031135889241151
16.6  0.007003657309455094  -0.0001203363650862904
16.62  0.007003701363097967  -0.00012036134743205891
16.64  0.007003745373935973  -0.00012038630618106062
16.66  0.007003789341207966  -0.00012041124157597394
16.68  0.0070038332641407346  -0.00012043615384035189
16.7  0.007003877141957015  -0.00012046104317735
16.72  0.007003920973888098  -0.00012048590975821902
16.740000000000002  0.007003964759183339  -0.00012051075372412833
16.76  0.007004008497125631  -0.00012053557518159347
16.78  0.007004052187038116  -0.00012056037419711611
16.8  0.0070040958282970925  -0.00012058515079393009
16.82  0.00700413942034039  -0.00012060990495833335
16.84  0.0070041829626790696  -0.00012063463663457757
16.86  0.0070042264549027376  -0.00012065934572237183
16.88  0.007004269896688394  -0.00012068403208584499
16.9  0.007004313287806187  -0.00012070869555212338
16.92  0.007004356628121574  -0.00012073333591421505
16.94  0.0070043999176008665  -0.00012075795293488924
16.96  0.007004443156310309  -0.00012078254635455065
16.98  0.007004486344418291  -0.0001208071158902688
17.0  0.00700452948219276  -0.00012083166124555826
17.02  0.007004572569997029  -0.00012085618211262337
17.04  0.007004615608287252  -0.00012088067818203497
17.06  0.007004658597605127  -0.00012090514914490447
17.080000000000002  0.007004701538570891  -0.00012092959470004432
17.1  0.007004744431876986  -0.00012095401455977054
17.12  0.007004787278277198  -0.00012097840845603778
17.14  0.007004830078575719  -0.00012100277614263596
17.16  0.007004872833619129  -0.00012102711740214452
17.18  0.007004915544282368  -0.00012105143204867147
17.2  0.007004958211460761  -0.00012107571993382084
17.22  0.0070050008360564185  -0.00012109998094819458
17.240000000000002  0.007005043418965388  -0.00012112421502217892
17.26  0.007005085961069058  -0.00012114842212861615
17.28  0.007005128463222078  -0.00012117260228712651
17.3  0.007005170926241805  -0.00012119675555950478
17.32  0.007005213350899745  -0.00012122088205014902
17.34  0.007005255737913099  -0.00012124498190944555
17.36  0.007005298087935778  -0.00012126905532533502
17.38  0.0070053404015514905  -0.0001212931025263132
17.400000000000002  0.007005382679270599  -0.00012131712377657351
17.42  0.007005424921524459  -0.00012134111937236086
17.44  0.007005467128660804  -0.00012136508963923526
17.46  0.007005509300946089  -0.00012138903492611662
17.48  0.007005551438561032  -0.00012141295560323933
17.5  0.007005593541603586  -0.0001214368520543101
17.52  0.00700563561009121  -0.00012146072467476444
17.54  0.007005677643963083  -0.00012148457386536841
17.56  0.007005719643084293  -0.00012150840002758266
17.580000000000002  0.007005761607251337  -0.00012153220355608438
17.6  0.007005803536200381  -0.00012155598483931556
17.62  0.007005845429611501  -0.0001215797442520421
17.64  0.007005887287116081  -0.00012160348215079793
17.66  0.0070059291083066485  -0.00012162719886930025
17.68  0.007005970892746932  -0.00012165089471802108
17.7  0.0070060126399740345  -0.0001216745699761128
17.72  0.007006054349513714  -0.00012169822489492015
17.740000000000002  0.007006096020887391  -0.00012172185969147169
17.76  0.007006137653619103  -0.0001217454745480705
17.78  0.007006179247245264  -0.0001217690696127255
17.8  0.007006220801319609  -0.00012179264499571817
17.82  0.007006262315423403  -0.00012181620076843257
17.84  0.007006303789170627  -0.00012183973697110621
17.86  0.007006345222216382  -0.0001218632536042508
17.88  0.007006386614257275  -0.00012188675063555651
17.900000000000002  0.007006427965037353  -0.00012191022799951744
17.92  0.007006469274354881  -0.00012193368560107514
17.94  0.007006510542058829  -0.00012195712331643113
17.96  0.007006551768054847  -0.00012198054099512055
17.98  0.007006592952302754  -0.00012200393846683821
18.0  0.00700663409481724  -0.00012202731553594034
18.02  0.007006675195666371  -0.00012205067199561639
18.04  0.00700671625496971  -0.00012207400762262972
18.06  0.007006757272895707  -0.0001220973221826928
18.080000000000002  0.00700679824965673  -0.00012212061543689324
18.1  0.007006839185505437  -0.00012214388714164605
18.12  0.0070068800807309775  -0.00012216713705153298
18.14  0.007006920935651966  -0.0001221903649236368
18.16  0.0070069617506114245  -0.00012221357051979802
18.18  0.007007002525971987  -0.00012223675360942
18.2  0.007007043262109715  -0.00012225991397206673
18.22  0.007007083959406964  -0.00012228305139714836
18.240000000000002  0.007007124618245787  -0.0001223061656895162
18.26  0.007007165239003884  -0.0001223292566670334
18.28  0.0070072058220486825  -0.0001223523241635038
18.3  0.007007246367730837  -0.00012237536802984806
18.32  0.007007286876380945  -0.0001223983881364307
18.34  0.007007327348303182  -0.00012242138436787355
18.36  0.007007367783773447  -0.00012244435662983022
18.38  0.007007408183034322  -0.00012246730484250247
18.400000000000002  0.007007448546290679  -0.00012249022894619458
18.42  0.007007488873712277  -0.00012251312889681465
18.44  0.007007529165428846  -0.0001225360046645435
18.46  0.00700756942152949  -0.00012255885623644962
18.48  0.007007609642061462  -0.00012258168361288095
18.5  0.007007649827033855  -0.0001226044868069314
18.52  0.007007689976415107  -0.000122627265840422
18.54  0.007007730090136341  -0.00012265002074871126
18.56  0.007007770168092677  -0.00012267275157329334
18.580000000000002  0.007007810210147117  -0.00012269545836345177
18.6  0.007007850216131501  -0.0001227181411765482
18.62  0.007007890185851264  -0.00012274080007047914
18.64  0.007007930119088172  -0.00012276343511193145
18.66  0.007007970015604127  -0.00012278604636436325
18.68  0.007008009875148184  -0.00012280863389831743
18.7  0.007008049697456184  -0.00012283119778023233
18.72  0.007008089482257516  -0.00012285373807951054
18.740000000000002  0.007008129229279759  -0.00012287625486276051
18.76  0.007008168938250858  -0.0001228987481976144
18.78  0.0070082086089042475  -0.00012292121814738716
18.8  0.0070082482409834935  -0.00012294366477419032
18.82  0.007008287834243165  -0.00012296608813962482
18.84  0.007008327388455341  -0.00012298848830279984
18.86  0.007008366903409266  -0.00012301086531931545
18.88  0.007008406378916938  -0.0001230332192444197
18.900000000000002  0.007008445814812013  -0.0001230555501324465
18.92  0.007008485210955668  -0.00012307785803554022
18.94  0.007008524567233552  -0.0001231001430058168
18.96  0.007008563883557141  -0.000123122405094017
18.98  0.007008603159867359  -0.00012314464435144297
19.0  0.007008642396132753  -0.0001231668608310245
19.02  0.007008681592347196  -0.0001231890545839877
19.04  0.007008720748531825  -0.0001232112256663601
19.06  0.0070087598647324365  -0.00012323337413462786
19.080000000000002  0.007008798941018214  -0.00012325550004587378
19.1  0.007008837977480212  -0.00012327760345921555
19.12  0.007008876974230038  -0.00012329968443837154
19.14  0.007008915931395328  -0.0001233217430479886
19.16  0.0070089548491205364  -0.00012334377935546026
19.18  0.007008993727560515  -0.00012336579342980998
19.2  0.0070090325668808  -0.00012338778534273553
19.22  0.007009071367253859  -0.0001234097551678792
19.240000000000002  0.007009110128855838  -0.00012343170297879748
19.26  0.007009148851866702  -0.00012345362884961408
19.28  0.007009187536462924  -0.00012347553285653725
19.3  0.007009226182820666  -0.00012349741507511452
19.32  0.007009264791107553  -0.00012351927557875737
19.34  0.007009303361484517  -0.00012354111444213623
19.36  0.00700934189410308  -0.00012356293173280231
19.38  0.007009380389103707  -0.00012358472752016105
19.400000000000002  0.007009418846613802  -0.00012360650186595432
19.42  0.0070094572667461115  -0.00012362825482702117
19.44  0.0070094956496012835  -0.00012364998645713953
19.46  0.007009533995262321  -0.00012367169680283858
19.48  0.007009572303796957  -0.00012369338590471635
19.5  0.007009610575256748  -0.00012371505379549228
19.52  0.007009648809678769  -0.00012373670049792954
19.54  0.00700968700708437  -0.00012375832602965213
19.56  0.007009725167479407  -0.00012377993039931214
19.580000000000002  0.007009763290857195  -0.00012380151360475922
19.6  0.007009801377197235  -0.00012382307563565611
19.62  0.007009839426468844  -0.00012384461647537093
19.64  0.0070098774386310025  -0.00012386613609457892
19.66  0.007009915413632673  -0.00012388763445728235
19.68  0.007009953351416225  -0.00012390911151932162
19.7  0.007009991251918287  -0.00012393056722855158
19.72  0.007010029115071342  -0.00012395200152490423
19.740000000000002  0.0070100669408060465  -0.00012397341434291473
19.76  0.007010104729050713  -0.00012399480561015754
19.78  0.007010142479733989  -0.0001240161752491838
19.8  0.00701018019278772  -0.00012403752317814728
19.82  0.007010217868145659  -0.0001240588493113004
19.84  0.007010255505746743  -0.00012408015356308422
19.86  0.007010293105533122  -0.00012410143584395993
19.88  0.007010330667455227  -0.00012412269606506518
19.900000000000002  0.007010368191469271  -0.00012414393413655495
19.92  0.007010405677538583  -0.000124165149972965
19.94  0.0070104431256346605  -0.00012418634348882528
19.96  0.007010480535735426  -0.0001242075146020602
19.98  0.007010517907829189  -0.00012422866323650095
20.0  0.00701055524191007  -0.00012424978932044876
