0.02  -0.03540477483022673  0.0013976497034103052
0.04  -0.07739056975192511  0.0023159606498349807
0.06  -0.11417900406662329  0.0027019657891418367
0.08  -0.14665589244253396  0.0027534416486333143
0.1  -0.17536532128099888  0.002607819353176999
0.12  -0.2006821493397287  0.0023451076305527323
0.14  -0.22288712535584906  0.0020236330373601345
0.16  -0.24221296668319092  0.0016815312823309516
0.18  -0.25886682801405503  0.0013499502023182127
0.2  -0.27302073179017766  0.0010234321472021937
0.22  -0.2848365894257636  0.000714713920122014
0.24  -0.29446280801092917  0.0004288191624139381
0.26  -0.3020375303788116  0.00016790045965623643
0.28  -0.3076913919057294  -6.72902388254447e-05
0.3  -0.31154991202658455  -0.0002764051676745732
0.32  -0.3137348598165746  -0.00045932591792163216
0.34  -0.3143653708304538  -0.0006164266489299263
0.36  -0.3135586198324955  -0.0007484748153829855
0.38  -0.31143017554557145  -0.0008565127130323034
0.4  -0.30809394916377786  -0.0009418008184222605
0.42  -0.30366194533852897  -0.0010057632984068743
0.44  -0.298243966560644  -0.0010499852888177664
0.46  -0.2919473380261889  -0.0010762546149416829
0.48  -0.28487678207740025  -0.0010865059775496265
0.5  -0.27713433984682334  -0.001082705933601717
0.52  -0.26881910650054075  -0.0010668486773057668
0.54  -0.26002692114599374  -0.0010408870853212428
0.56  -0.2508500871471564  -0.001006507986212545
0.58  -0.24137703941679967  -0.0009647388288768006
0.6  -0.23169192141434197  -0.0009153813531386458
0.62  -0.22187407669863576  -0.0008562637275781641
0.64  -0.21199748329409174  -0.0007828085991114456
0.66  -0.20213035011628364  -0.0006905590606698787
0.68  -0.19233560983881468  -0.0005830428114439028
0.7000000000000001  -0.18267224735151655  -0.0004736801482919601
0.72  -0.1731950349070692  -0.00037432407149276087
0.74  -0.16395279985027458  -0.00028986886550761
0.76  -0.15498782685549253  -0.00022138300443525947
0.78  -0.14633628121982228  -0.00016866402397651948
0.8  -0.13802876254278693  -0.0001311976622292151
0.8200000000000001  -0.1300905323916852  -0.00010863659782685752
0.84  -0.12254054584809436  -0.00010030567366485755
0.86  -0.11539174681089537  -0.00010332318000360298
0.88  -0.1086517377298162  -0.00011137766933653435
0.9  -0.10232061541256837  -0.00011620799752172202
0.92  -0.09639081745545412  -0.0001108072097471121
0.9400000000000001  -0.09084931934837552  -9.15288808049714e-05
0.96  -0.08568012170344573  -5.8078138590433274e-05
0.98  -0.0808660182611081  -1.2295948852161857e-05
1.0  -0.07638951137358228  4.3137397758010127e-05
1.02  -0.07223313431726835  0.00010556452866626302
1.04  -0.06837947763948204  0.0001727364848784378
1.06  -0.06481111189250538  0.0002428372476416353
1.08  -0.061510527286564705  0.0003143224230588163
1.1  -0.05846016477033814  0.0003857630879783837
1.12  -0.05564254476928748  0.000455797157000326
1.1400000000000001  -0.05304044241732891  0.0005231653872225426
1.16  -0.05063705415506446  0.0005867624807817783
1.18  -0.04841613191468601  0.0006456608877617708
1.2  -0.04636209013703193  0.0006991005957782735
1.22  -0.04446010681870088  0.0007464541126030397
1.24  -0.04269625769694084  0.0007871790307322394
1.26  -0.04105779006587436  0.0008207748227604505
1.28  -0.03953389893357519  0.0008467924667359863
1.3  -0.03811772513294141  0.000865113100077817
1.32  -0.03680775080933504  0.0008769523025953762
1.34  -0.03560049591852959  0.0008856204743273537
1.36  -0.034482385673438025  0.0008939548523949539
1.3800000000000001  -0.03343514190271463  0.0009020441656563405
1.4000000000000001  -0.03244238796971932  0.0009088209695202955
1.42  -0.03149151782424174  0.0009134064449601363
1.44  -0.03057334760834351  0.0009152664599701283
1.46  -0.02968127785500679  0.0009141291974716171
1.48  -0.028810456969664302  0.0009100070001468725
1.5  -0.027957129600479646  0.0009031602600247506
1.52  -0.02711833760013991  0.000893928092165543
1.54  -0.026291810103297408  0.0008826262261366043
1.56  -0.02547585497184069  0.0008695431071655832
1.58  -0.024669244867081046  0.0008549548490930468
1.6  -0.023871122404727583  0.000839129237688979
1.62  -0.02308092674740366  0.000822321179686999
1.6400000000000001  -0.022298335775661447  0.0008047655658167073
1.6600000000000001  -0.021523218588771924  0.0007866709031618814
1.68  -0.020755595084359618  0.0007682149829471747
1.7  -0.019995600832036785  0.0007495427777206872
1.72  -0.019243456314761147  0.0007307663108181235
1.74  -0.01849944007370117  0.0007119660991733884
1.76  -0.017763865519284907  0.0006931937625636697
1.78  -0.017037061263839744  0.0006744754357348307
1.8  -0.01631935485387818  0.0006558156789986491
1.82  -0.015611059769363661  0.0006372016415647411
1.84  -0.014912465531724293  0.0006186072827615043
1.86  -0.014223830730385521  0.0005999974974594731
1.8800000000000001  -0.013545378742890413  0.0005813320243550614
1.9000000000000001  -0.012877295887644498  0.0005625690408706564
1.92  -0.012219731711946409  0.0005436683675290545
1.94  -0.011572801083242249  0.0005245942195807069
1.96  -0.01093658772339967  0.0005053174578130555
1.98  -0.010311148813663597  0.0004858173096908943
2.0  -0.009696520313386001  0.00046608256218929765
2.02  -0.009092722685198904  0.0004461122698218271
2.04  -0.008499766790688994  0.0004259160662847502
2.06  -0.007917659778779056  0.00040551420072628867
2.08  -0.007346410803210363  0.0003849374170737153
2.1  -0.0067860363719872046  0.00036422675393272316
2.12  -0.006236565097292207  0.0003434332865998693
2.14  -0.005698041643279102  0.0003226177921426356
2.16  -0.005170529779673756  0.0003018503082351053
2.18  -0.004654114592007514  0.0002812095625362148
2.2  -0.004148903996914448  0.0002607822480727509
2.22  -0.003655029717490807  0.0002406621040832826
2.24  -0.0031726478019127977  0.00022094874564943632
2.2600000000000002  -0.0027019386689314607  0.00020174618853103027
2.2800000000000002  -0.00224310658613823  0.00018316104456486104
2.3000000000000003  -0.0017963784557089224  0.00016530040880638434
2.32  -0.0013620017964295988  0.00014826950637433125
2.34  -0.0009402418549395138  0.0001321692016540089
2.36  -0.0005313778358573937  0.00011709348938816541
2.38  -0.0001356982966241281  0.00010312708689698202
2.4  0.00024650419906389887  9.034323368413045e-05
2.42  0.0006149390385568111  7.880178403052337e-05
2.44  0.0009693239723477074  6.854765455591323e-05
2.46  0.001309391810215869  5.9609665324722986e-05
2.48  0.00163489722477668  5.19997920171265e-05
2.5  0.0019456234872003925  4.5712829006035747e-05
2.52  0.002241388967166963  4.072644922123263e-05
2.54  0.0025220532411540184  3.70016362220812e-05
2.56  0.0027875226688452103  3.448345650013248e-05
2.58  0.0030377553159189876  3.310213505631433e-05
2.6  0.003272765121832675  3.277439419377149e-05
2.62  0.0034926252326792618  3.340501369125128e-05
2.64  0.0036974704409834837  3.4888569647648234e-05
2.66  0.003887498695819624  3.711130918703743e-05
2.68  0.004062971667309402  3.9953118610828694e-05
2.7  0.004224214369048429  4.328954357793059e-05
2.72  0.004371613859996425  4.699382140796801e-05
2.74  0.004505617063685911  5.093888767414726e-05
2.7600000000000002  0.004626727757145174  5.499932188468231e-05
2.7800000000000002  0.004735502794585411  5.90532002030235e-05
2.8000000000000003  0.004832547641683756  6.298382672092502e-05
2.82  0.004918511305095321  6.668131872927176e-05
2.84  0.004994080748698165  7.004402559634404e-05
2.86  0.00505997489300998  7.297976510311225e-05
2.88  0.005116938297234945  7.54068653495124e-05
2.9  0.005165734624565789  7.725500451652957e-05
2.92  0.0052071399907879425  7.846584472237235e-05
2.94  0.0052419362939409965  7.899345996176154e-05
2.96  0.005270904619000354  7.880456152766193e-05
2.98  0.005294818806331519  7.787852737378502e-05
3.0  0.005314439266248408  7.620724460943946e-05
3.02  0.005330507114577508  7.379477663968048e-05
3.04  0.005343738695793018  7.065686846015337e-05
3.06  0.005354820551349457  6.682030521185935e-05
3.08  0.005364404881397534  6.232214036697384e-05
3.1  0.005373105538352219  5.720881085834802e-05
3.12  0.005381494581002472  5.153515706566241e-05
3.14  0.005390099408105592  4.536336590071967e-05
3.16  0.005399400480937771  3.876185528401961e-05
3.18  0.0054098296351721715  3.180411810827717e-05
3.2  0.005421768973876065  2.4567543349947036e-05
3.22  0.005435550325473394  1.7132231382713063e-05
3.24  0.00545145524329817  9.579819717824202e-06
3.2600000000000002  0.005469715516962166  1.9923344639173406e-06
3.2800000000000002  0.005490514160217614  -5.548918304807435e-06
3.3000000000000003  0.005513986835392399  -1.2964408250164028e-05
3.3200000000000003  0.0055402236707712575  -2.0177371811900868e-05
3.34  0.005569271424603398  -2.7114728190613858e-05
3.36  0.005601135947621141  -3.370791128418243e-05
3.38  0.005635784895111988  -3.9893610016486996e-05
3.4  0.005673150639619359  -4.5614411000368044e-05
3.42  0.005713133336214716  -5.081933897782429e-05
3.44  0.005755604093895165  -5.546429202409685e-05
3.46  0.005800408208909544  -5.9512370062972543e-05
3.48  0.005847368418647853  -6.293409674419952e-05
3.5  0.005896288137973498  -6.570753629816975e-05
3.52  0.005946954643473437  -6.781830844112202e-05
3.54  0.0059991421749270605  -6.92595058388702e-05
3.56  0.006052614927234436  -7.003151998437017e-05
3.58  0.006107129910059741  -7.014178255318755e-05
3.6  0.00616243965636718  -6.960443037436748e-05
3.62  0.006218294764831576  -6.843990294356058e-05
3.64  0.006274446264677857  -6.667448194413468e-05
3.66  0.006330647794819158  -6.433978240205919e-05
3.68  0.006386657592159322  -6.147220489313224e-05
3.7  0.006442240286641265  -5.8112357730997685e-05
3.72  0.006497168503087411  -5.430445731561761e-05
3.74  0.006551224272122262  -5.009571397723722e-05
3.7600000000000002  0.006604200254553506  -4.553570984489348e-05
3.7800000000000002  0.0066559007855576955  -4.067577457848734e-05
3.8000000000000003  0.006706142746796332  -3.5568364358693725e-05
3.8200000000000003  0.006754756276244626  -3.0266449253271423e-05
3.84  0.006801585326907281  -2.48229140238495e-05
3.86  0.006846488086698306  -1.9289977511452097e-05
3.88  0.006889337272558688  -1.3718635816917555e-05
3.9  0.006930020312246174  -8.158134563962348e-06
3.92  0.006968439427245905  -2.655475519146961e-06
3.94  0.007004511629855733  2.7450373470578075e-06
3.96  0.007038168646765561  8.00220759084383e-06
3.98  0.007069356780393275  1.3078307516431345e-05
4.0  0.007098036717964151  1.7939387218000386e-05
4.0200000000000005  0.007124183296830665  2.255552849051508e-05
4.04  0.007147785232969502  2.6901041488828803e-05
4.0600000000000005  0.007168844817940501  3.0954602853566006e-05
4.08  0.0071873775879911115  3.4699334959561e-05
4.1  0.007203411967441658  3.8122826779805506e-05
4.12  0.007216988887048692  4.121709776450723e-05
4.14  0.007228161376784172  4.397850692859317e-05
4.16  0.007236994131384921  4.640761010829802e-05
4.18  0.007243563046150969  4.850896901232224e-05
4.2  0.0072479547198469  5.029091631694415e-05
4.22  0.007250265921170956  5.1765281534416334e-05
4.24  0.0072506030150857985  5.2947082806862244e-05
4.26  0.007249081345429701  5.3854190100958185e-05
4.28  0.00724582457052214  5.450696547121384e-05
4.3  0.007240963949029769  5.4927886207345596e-05
4.32  0.007234637574099034  5.514115668809615e-05
4.34  0.007226989554658896  5.5172314705667755e-05
4.36  0.007218169143863887  5.504783788078533e-05
4.38  0.007208329815806188  5.479475555732855e-05
4.4  0.0071976282928911  5.444027126232868e-05
4.42  0.007186223527556212  5.401140045610791e-05
4.44  0.007174275643345932  5.3534627884682824e-05
4.46  0.007161944841641658  5.303558836341446e-05
4.48  0.007149390281599872  5.2538774323894586e-05
4.5  0.007136768942004596  5.2067272930422255e-05
4.5200000000000005  0.007124234474795612  5.164253499270093e-05
4.54  0.007111936060941303  5.128417737555163e-05
4.5600000000000005  0.0071000172800655785  5.10098200105282e-05
4.58  0.007088615005805902  5.083495808430797e-05
4.6000000000000005  0.007077858339235872  5.077286942954952e-05
4.62  0.007067867592844484  5.083455664042934e-05
4.64  0.007058753337499141  5.1028722938483085e-05
4.66  0.007050615524523942  5.1361780397832224e-05
4.68  0.007043542694531888  5.183788868730796e-05
4.7  0.007037611283924826  5.2459022183488425e-05
4.72  0.007032885039040494  5.3225062949285764e-05
4.74  0.007029414546829776  5.413391683507752e-05
4.76  0.007027236889617549  5.5181649766756986e-05
4.78  0.0070263754300737054  5.636264111282037e-05
4.8  0.007026839730913163  5.766975097952457e-05
4.82  0.007028625612151754  5.90944982322051e-05
4.84  0.00703171534696451  6.062724611425327e-05
4.86  0.007036077995391382  6.22573923955366e-05
4.88  0.00704166987330278  6.397356114712241e-05
4.9  0.00704843515224873  6.576379337527852e-05
4.92  0.007056306584072792  6.761573394013033e-05
4.94  0.00706520634251262  6.951681238726352e-05
4.96  0.007075046972443254  7.145441553930437e-05
4.98  0.00708573243599386  7.34160499112597e-05
5.0  0.0070971592434528625  7.538949227357009e-05
5.0200000000000005  0.007109217655762921  7.736292695544115e-05
5.04  0.007121792944440098  7.932506874314704e-05
5.0600000000000005  0.007134766693987972  8.126527050600395e-05
5.08  0.007148018131337491  8.317361497659525e-05
5.1000000000000005  0.007161425466490615  8.504099038392094e-05
5.12  0.0071748672284603215  8.68591498997547e-05
5.14  0.007188223580671536  8.86207551122234e-05
5.16  0.0072013776003529385  9.03194039952476e-05
5.18  0.007214216506975454  9.194964401853143e-05
5.2  0.007226632825544574  9.350697128303068e-05
5.22  0.007238525471499042  9.498781667690787e-05
5.24  0.007249800745060639  9.638952023367561e-05
5.26  0.007260373224174593  9.771029497977486e-05
5.28  0.007270166546553225  9.894918166928156e-05
5.3  0.007279114072919136  0.00010010599596470648
5.32  0.007287159425296658  0.00010118126969999353
5.34  0.007294256896256105  0.00010217618787769522
5.36  0.007300371727175666  0.00010309252263111766
5.38  0.007305480255045287  0.000103932564863286
5.4  0.007309569927723347  0.00010469905433936041
5.42  0.007312639188457866  0.00010539510940136963
5.44  0.00731469723254221  0.00010602415747102304
5.46  0.007315763641412145  0.00010658986746286218
5.48  0.007315867901490749  0.00010709608522500597
5.5  0.0073150488165459795  0.00010754677294920906
5.5200000000000005  0.0073133538234342165  0.00010794595326693682
5.54  0.007310838222014066  0.00010829765854201062
5.5600000000000005  0.007307564330820939  0.00010860588571062494
5.58  0.007303600580766513  0.00010887455687780482
5.6000000000000005  0.007299020559617422  0.00010910748575750548
5.62  0.00729390202036726  0.00010930834992165469
5.64  0.0072883258667488585  0.00010948066873642167
5.66  0.007282375129146357  0.00010962778674521067
5.68  0.007276133943936401  0.00010975286218262802
5.7  0.007269686548952531  0.00010985886023855978
5.72  0.007263116307209022  0.00010994855062045444
5.74  0.0072565047703611815  0.0001100245089109962
5.76  0.00724993079254924  0.00011008912119636822
5.78  0.007243469704329864  0.00011014459140472975
5.8  0.007237192555347345  0.00011019295079745943
5.82  0.007231165433265886  0.00011023606905916181
5.84  0.007225448865264465  0.00011027566643931889
5.86  0.0072200973071311425  0.00011031332643706828
5.88  0.007215158723706129  0.00011035050854613356
5.9  0.007210674263095504  0.00011038856062761025
5.92  0.00720667802579631  0.000110428730535974
5.94  0.007203196928550622  0.00011047217665283873
5.96  0.007200250661551085  0.0001105199770801909
5.98  0.0071978517363875056  0.00011057313727735993
6.0  0.007196005621041562  0.00011063259600020497
6.0200000000000005  0.007194710957188936  0.00011069922947364646
6.04  0.007193959854140227  0.0001107738537620843
6.0600000000000005  0.0071937382529257896  0.00011085722539043325
6.08  0.0071940263533181925  0.00011095004030082275
6.1000000000000005  0.007194799095995513  0.00011105293129140648
6.12  0.007196026691592105  0.00011116646411061268
6.140000000000001  0.0071976751880387276  0.00011129113243694684
6.16  0.007199707067404845  0.00011142735198703429
6.18  0.0072020818633552934  0.00011157545401894499
6.2  0.0072047567904123845  0.00011173567852472153
6.22  0.007207687376355477  0.00011190816738721937
6.24  0.007210828089380911  0.00011209295780351613
6.26  0.007214132952030775  0.00011228997625112986
6.28  0.007217556134391952  0.00011249903326313021
6.3  0.007221052519614322  0.00011271981926686087
6.32  0.007224578235456499  0.00011295190169063158
6.34  0.007228091146277785  0.0001131947235486963
6.36  0.007231551300631374  0.0001134476036412974
6.38  0.007234921330441117  0.00011370973850246871
6.4  0.0072381667985356325  0.00011398020615984534
6.42  0.0072412564921699564  0.00011425797175905068
6.44  0.007244162660990766  0.00011454189502625595
6.46  0.007246861198714451  0.00011483073955121257
6.48  0.007249331768621672  0.00011512318377618824
6.5  0.007251557873692945  0.00011541783358578775
6.5200000000000005  0.007253526872971823  0.00011571323633967063
6.54  0.007255229946396954  0.00011600789614457462
6.5600000000000005  0.007256662010961567  0.00011630029016810803
6.58  0.007257821591601514  0.0001165888857356755
6.6000000000000005  0.007258710650700441  0.00011687215797503089
6.62  0.00725933438048498  0.00011714860771098627
6.640000000000001  0.007259700962927096  0.00011741677936204009
6.66  0.007259821301986979  0.0001176752785302568
6.68  0.007259708733227767  0.00011792278903237371
6.7  0.007259378715881362  0.00011815808908142243
6.72  0.007258848512491044  0.00011838006638239482
6.74  0.00725813686116244  0.00011858773188855998
6.76  0.007257263645333847  0.00011878023200713063
6.78  0.007256249565784134  0.00011895685906773067
6.8  0.007255115819321674  0.00011911705988370999
6.82  0.007253883788298641  0.00011926044228098033
6.84  0.007252574744748426  0.00011938677949357987
6.86  0.007251209572528712  0.0001194960123617955
6.88  0.0072498085104408475  0.00011958824931340527
6.9  0.007248390918853988  0.00011966376411784091
6.92  0.007246975071873291  0.00011972299147883171
6.94  0.007245577976656904  0.00011976652052793062
6.96  0.007244215220973041  0.00011979508632709533
6.98  0.007242900849652503  0.00011980955952707392
7.0  0.007241647270123691  0.00011981093434174658
7.0200000000000005  0.007240465186789345  0.00011980031503223566
7.04  0.007239363563580226  0.00011977890110830309
7.0600000000000005  0.007238349613670397  0.00011974797147820947
7.08  0.007237428814954728  0.00011970886778724663
7.1000000000000005  0.007236604949617917  0.00011966297719139145
7.12  0.007235880165824947  0.00011961171483057008
7.140000000000001  0.007235255059364214  0.00011955650624045851
7.16  0.007234728772876272  0.00011949876997322732
7.18  0.007234299110170707  0.0001194399006552535
7.2  0.007233962663045828  0.00011938125272576078
7.22  0.0072337149479702895  0.00011932412506676998
7.24  0.007233550549989645  0.00011926974673169465
7.26  0.007233463271248039  0.00011921926394679847
7.28  0.0072334462815936305  0.00011917372854311671
7.3  0.007233492268843006  0.00011913408795302316
7.32  0.0072335935864231  0.00011910117687171539
7.34  0.007233742396269089  0.00011907571066490153
7.36  0.007233930805058042  0.00011905828056747896
7.38  0.007234150992067806  0.00011904935070261745
7.4  0.007234395327164224  0.00011904925690142391
7.42  0.007234656477684785  0.00011905820729471889
7.44  0.007234927503211497  0.00011907628462527159
7.46  0.0072352019374655975  0.00011910345018279316
7.48  0.007235473856842883  0.0001191395492599992
7.5  0.007235737935299996  0.00011918431800633886
7.5200000000000005  0.0072359894855753195  0.00011923739153164948
7.54  0.00723622448692029  0.00011929831310772876
7.5600000000000005  0.007236439599746444  0.00011936654427915444
7.58  0.007236632167761561  0.00011944147573308351
7.6000000000000005  0.007236800208356629  0.0001195224387135964
7.62  0.007236942392132826  0.00011960871681696944
7.640000000000001  0.0072370580126068975  0.00011969955796179555
7.66  0.0072371469472123  0.000119794186368037
7.68  0.007237209610809647  0.00011989181435168681
7.7  0.007237246902964603  0.00011999165377748856
7.72  0.007237260150283776  0.0001200929270083603
7.74  0.007237251045113292  0.00012019487720707906
7.76  0.007237221581879913  0.00012029677786157996
7.78  0.007237173992336923  0.00012039794142350546
7.8  0.0072371106809031634  0.00012049772696350248
7.82  0.007237034161228962  0.00012059554676968176
7.84  0.007236946995041046  0.0001206908718314783
7.86  0.007236851734197188  0.00012078323617740883
7.88  0.0072367508668042865  0.00012087224004419091
7.9  0.007236646768107649  0.00012095755187571745
7.92  0.007236541656759256  0.00012103890919307309
7.94  0.007236437556936499  0.00012111611834755652
7.96  0.007236336266649806  0.00012118905322973427
7.98  0.007236239332461758  0.00012125765298969952
8.0  0.007236148030715468  0.00012132191886978815
8.02  0.007236063355237852  0.00012138191022044299
8.040000000000001  0.00723598601139111  0.0001214377398175168
8.06  0.007235916416228437  0.00012148956858485971
8.08  0.0072358547044146255  0.00012153759983827309
8.1  0.007235800739496695  0.00012158207316905685
8.120000000000001  0.0072357541300339815  0.00012162325808584462
8.14  0.007235714250029461  0.00012166144752921148
8.16  0.007235680263069789  0.00012169695138191348
8.18  0.007235651149532646  0.00012173009008213141
8.2  0.007235625736209946  0.00012176118843010218
8.22  0.007235602727675013  0.00012179056971115822
8.24  0.007235580738730405  0.00012181855019431726
8.26  0.007235558327288361  0.00012184543409848305
8.28  0.007235534027049018  0.0001218715090912405
8.3  0.007235506379391043  0.00012189704236014861
8.32  0.007235473963915495  0.00012192227731542293
8.34  0.007235435427147554  0.00012194743093771481
8.36  0.0072353895089493185  0.00012197269179322319
8.38  0.007235335066256428  0.00012199821871337576
8.4  0.007235271093824255  0.00012202414014236991
8.42  0.007235196741725882  0.00012205055411726237
8.44  0.007235111329425335  0.00012207752885789078
8.46  0.007235014356302829  0.0001221051039279112
8.48  0.007234905508594863  0.00012213329190940563
8.5  0.007234784662751259  0.00012216208054560695
8.52  0.0072346518853051035  0.00012219143527789393
8.540000000000001  0.007234507429377706  0.00012222130211843028
8.56  0.007234351728015499  0.00012225161078387628
8.58  0.00723418538458852  0.00012228227801488944
8.6  0.007234009160531943  0.00012231321101682004
8.620000000000001  0.007233823960734385  0.00012234431093199863
8.64  0.007233630816916064  0.00012237547629288914
8.66  0.007233430869351538  0.0001224066063737658
8.68  0.007233225347304716  0.00012243760437881558
8.700000000000001  0.007233015548556772  0.00012246838041689472
8.72  0.007232802818401976  0.0001224988542000974
8.74  0.007232588528482298  0.00012252895743045255
8.76  0.007232374055807034  0.00012255863582333462
8.78  0.007232160762318637  0.00012258785075536685
8.8  0.007231949975290092  0.0001226165804977161
8.82  0.0072317429688662374  0.00012264482103591624
8.84  0.007231540946994968  0.00012267258645574578
8.86  0.007231345027970391  0.00012269990891156806
8.88  0.007231156230776073  0.00012272683818163668
8.9  0.007230975463378645  0.0001227534408306386
8.92  0.007230803513077789  0.00012277979900000112
8.94  0.0072306410389936715  0.0001228060088607299
8.96  0.00723048856670995  0.0001228321787706928
8.98  0.007230346485087032  0.00012285842717000376
9.0  0.007230215045194215  0.00012288488026178864
9.02  0.007230094361298166  0.00012291166953104458
9.040000000000001  0.007229984413798947  0.00012293892914585843
9.06  0.007229885053997232  0.00012296679330099457
9.08  0.007229796010530337  0.00012299539354283605
9.1  0.007229716897307696  0.0001230248561401189
9.120000000000001  0.007229647222769548  0.00012305529954047866
9.14  0.007229586400249821  0.00012308683196350043
9.16  0.007229533759255105  0.00012311954917040879
9.18  0.0072294885574317146  0.00012315353245378766
9.200000000000001  0.007229449993018076  0.00012318884687630345
9.22  0.007229417217564279  0.00012322553979584566
9.24  0.007229389348722359  0.0001232636396951747
9.26  0.007229365482903572  0.00012330315533615652
9.28  0.0072293447076283365  0.00012334407524892122
9.3  0.007229326113393321  0.00012338636757350038
9.32  0.00722930880490706  0.00012342998023404914
9.34  0.007229291911563018  0.00012347484145820774
9.36  0.007229274597024778  0.00012352086062307176
9.38  0.007229256067843145  0.00012356792940934364
9.4  0.007229235581020388  0.00012361592324934545
9.42  0.007229212450473222  0.00012366470303019388
9.44  0.007229186052364476  0.00012371411703288355
9.46  0.007229155829285304  0.00012376400307181182
9.48  0.007229121293300397  0.00012381419079513919
9.5  0.007229082027877182  0.00012386450410761313
9.52  0.007229037688740683  0.00012391476367364063
9.540000000000001  0.007228988003711799  0.000123964789472707
9.56  0.007228932771591924  0.00012401440334369035
9.58  0.0072288718601814135  0.00012406343150659442
9.6  0.0072288052035142675  0.0001241117069858062
9.620000000000001  0.007228732798404839  0.00012415907193982664
9.64  0.007228654700412326  0.0001242053798252622
9.66  0.007228571019316146  0.00012425049739054172
9.68  0.007228481914217216  0.00012429430645094586
9.700000000000001  0.007228387588357909  0.00012433670543628283
9.72  0.0072282882837683094  0.00012437761068041566
9.74  0.007228184275828426  0.00012441695743661406
9.76  0.00722807586783718  0.000124454700616332
9.78  0.00722796338567695  0.00012449081523398722
9.8  0.0072278471726383966  0.00012452529655890602
9.82  0.007227727584477042  0.00012455815997713718
9.84  0.007227604984761873  0.00012458944057247229
9.86  0.007227479740549341  0.00012461919242936503
9.88  0.007227352218435115  0.00012464748768110825
9.9  0.007227222780999061  0.0001246744153165983
9.92  0.007227091783664531  0.00012470007977024458
9.94  0.007226959571979509  0.0001247245993107744
9.96  0.007226826479314988  0.00012474810427752685
9.98  0.007226692824978568  0.0001247707351626884
10.0  0.007226558912717618  0.00012479264059642498
10.02  0.00722642502959375  0.00012481397525201092
10.040000000000001  0.007226291445204267  0.00012483489770918397
10.06  0.0072261584112068965  0.00012485556829992467
10.08  0.007226026161123239  0.00012487614697653226
10.1  0.007225894910374541  0.00012489679122799875
10.120000000000001  0.0072257648565164714  0.0001249176540743592
10.14  0.007225636179627701  0.00012493888216317855
10.16  0.0072255090428182366  0.0001249606140008167
10.18  0.007225383592813575  0.0001249829783282561
10.200000000000001  0.007225259960588433  0.0001250060926749955
10.22  0.007225138262012254  0.0001250300620945781
10.24  0.007225018598477646  0.00012505497810488543
10.26  0.007224901057494208  0.00012508091784243017
10.28  0.0072247857132191505  0.00012510794342578054
10.3  0.007224672626917767  0.00012513610154770384
10.32  0.0072245618473368335  0.00012516542328145288
10.34  0.007224453410991119  0.0001251959241139195
10.36  0.007224347342361834  0.00012522760417818727
10.38  0.00722424365400294  0.0001252604486999656
10.4  0.007224142346575443  0.0001252944286233063
10.42  0.007224043408811186  0.00012532950141851628
10.44  0.007223946817424356  0.00012536561204760257
10.46  0.007223852536988883  0.00012540269407101902
10.48  0.0072237605197980875  0.00012544067087274873
10.5  0.007223670705730148  0.00012547945698509282
10.52  0.007223583022140752  0.00012551895949612706
10.540000000000001  0.007223497383802225  0.00012555907950702121
10.56  0.007223413692910709  0.00012559971362662
10.58  0.007223331839186249  0.0001256407554778714
10.6  0.007223251700075963  0.00012568209718539226
10.620000000000001  0.007223173141087214  0.0001257236308455469
10.64  0.007223096016254205  0.00012576524993354178
10.66  0.0072230201687543604  0.00012580685064892351
10.68  0.007222945431681787  0.00012584833317100133
10.700000000000001  0.007222871628983206  0.00012588960281769007
10.72  0.00722279857655104  0.00012593057108984434
10.74  0.007222726083475425  0.00012597115659047177
10.76  0.007222653953447006  0.000126011285809729
10.78  0.007222581986298312  0.00012605089378078625
10.8  0.0072225099796687795  0.00012608992458311113
10.82  0.007222437730780893  0.00012612833170222023
10.84  0.007222365038297106  0.0001261660782531039
10.86  0.007222291704245713  0.00012620313705342367
10.88  0.007222217535981088  0.0001262394905643164
10.9  0.007222142348157037  0.00012627513069975052
10.92  0.0072220659646812825  0.00012631005851183215
10.94  0.007221988220627341  0.00012634428376481714
10.96  0.007221908964065435  0.00012637782440388245
10.98  0.00722182805779843  0.0001264107059352709
11.0  0.007221745380956948  0.0001264429607249629
11.02  0.00722166083044554  0.00012647462724233444
11.040000000000001  0.007221574322201267  0.0001265057492377901
11.06  0.0072214857922502235  0.0001265363748961418
11.08  0.007221395197544432  0.00012656655595929064
11.1  0.00722130251655604  0.00012659634684337564
11.120000000000001  0.0072212077496230315  0.00012662580376106893
11.14  0.007221110919034794  0.00012665498385334292
11.16  0.0072210120688505275  0.00012668394435788933
11.18  0.007220911264455784  0.0001267127418085575
11.200000000000001  0.007220808591852432  0.00012674143129151223
11.22  0.00722070415669684  0.0001267700657537785
11.24  0.007220598083090911  0.00012679869538071578
11.26  0.0072204905121411225  0.00012682736703858538
11.28  0.007220381600309771  0.00012685612380195537
11.3  0.007220271517573694  0.0001268850045515505
11.32  0.007220160445413803  0.00012691404366072567
11.34  0.007220048574666703  0.00012694327076133918
11.36  0.007219936103266816  0.00012697271058820464
11.38  0.007219823233902811  0.00012700238290811285
11.4  0.007219710171628358  0.00012703230252879218
11.42  0.007219597121452483  0.00012706247936937983
11.44  0.00721948428594814  0.00012709291861397442
11.46  0.007219371862903102  0.00012712362091268963
11.48  0.007219260043053037  0.00012715458265225707
11.5  0.00721914900791967  0.0001271857962665294
11.52  0.007219038927785708  0.0001272172505959244
11.540000000000001  0.007218929959830111  0.00012724893127348148
11.56  0.0072188222464528865  0.00012728082114639525
11.58  0.00721871591380093  0.00012731290070321376
11.6  0.007218611070521229  0.00012734514852891452
11.620000000000001  0.007218507806748521  0.0001273775417462348
11.64  0.007218406193346423  0.00012741005646214182
11.66  0.007218306281398554  0.00012744266820419636
11.68  0.007218208101962741  0.0001274753523315764
11.700000000000001  0.0072181116660827915  0.00012750808443295282
11.72  0.007218016965054004  0.00012754084068812717
11.74  0.007217923970937292  0.00012757359820187065
11.76  0.007217832637307195  0.00012760633529992966
11.78  0.00721774290022454  0.0001276390317868107
11.8  0.00721765467941479  0.00012767166916075268
11.82  0.007217567879629367  0.00012770423078831684
11.84  0.007217482392173834  0.00012773670203539955
11.86  0.0072173980965730185  0.00012776907035430142
11.88  0.007217314862355786  0.00012780132533318786
11.9  0.007217232550921671  0.00012783345869960566
11.92  0.007217151017478724  0.00012786546428940188
11.94  0.007217070113003605  0.0001278973379819502
11.96  0.007216989686218494  0.00012792907760064375
11.98  0.007216909585541789  0.00012796068278546048
12.0  0.007216829660995512  0.0001279921548412088
12.02  0.007216749766040729  0.00012802349656477707
12.040000000000001  0.00721666975931992  0.00012805471205995267
12.06  0.0072165895062841785  0.00012808580653321872
12.08  0.0072165088806836865  0.00012811678609219896
12.1  0.007216427765910591  0.00012814765752756818
12.120000000000001  0.007216346056173566  0.00012817842811099826
12.14  0.007216263657497464  0.00012820910538713652
12.16  0.007216180488534824  0.00012823969697780407
12.18  0.00721609648119021  0.00012827021039604462
12.200000000000001  0.007216011581043371  0.0001283006528806623
12.22  0.007215925747582868  0.0001283310312402936
12.24  0.007215838954246597  0.00012836135172007625
12.26  0.0072157511882733685  0.0001283916198904991
12.280000000000001  0.007215662450376441  0.00012842184055961704
12.3  0.007215572754246903  0.00012845201769799203
12.32  0.00721548212590104  0.000128482154401895
12.34  0.007215390602883156  0.00012851225286696443
12.36  0.007215298233342731  0.0001285423143883148
12.38  0.0072152050749979746  0.00012857233938405572
12.4  0.00721511119400891  0.00012860232743474087
12.42  0.0072150166637764  0.00012863227733932801
12.44  0.007214921563685511  0.00012866218719631464
12.46  0.0072148259778138  0.0001286920544864306
12.48  0.007214729993623187  0.0001287218761738886
12.5  0.007214633700656289  0.00012875164881959075
12.52  0.00721453718925103  0.00012878136869197345
12.540000000000001  0.007214440549294394  0.0001288110318846478
12.56  0.0072143438690292425  0.00012884063444202747
12.58  0.007214247233933805  0.00012887017247380036
12.6  0.007214150725681013  0.00012889964226950142
12.620000000000001  0.007214054421189086  0.0001289290404099835
12.64  0.007213958391779663  0.0001289583638652055
12.66  0.00721386270244743  0.00012898761008800597
12.68  0.007213767411245371  0.0001290167770889203
12.700000000000001  0.007213672568793892  0.0001290458635066485
12.72  0.007213578217914924  0.00012907486865567806
12.74  0.007213484393388546  0.00012910379256814535
12.76  0.007213391121834226  0.00012913263601226768
12.780000000000001  0.007213298421710823  0.00012916140050069828
12.8  0.007213206303436078  0.0001291900882843474
12.82  0.007213114769608297  0.00012921870232318394
12.84  0.007213023815334913  0.00012924724625685993
12.86  0.007212933428650873  0.00012927572434931147
12.88  0.007212843591020736  0.0001293041414270728
12.9  0.0072127542779108775  0.00012933250280777172
12.92  0.0072126654594242175  0.0001293608142184716
12.94  0.00721257710098261  0.00012938908170426067
12.96  0.0072124891640449685  0.00012941731153451246
12.98  0.007212401606855689  0.00012944551010146772
13.0  0.007212314385195909  0.00012947368382409293
13.02  0.007212227453145037  0.00012950183904187845
13.040000000000001  0.007212140763826994  0.00012952998191568483
13.06  0.007212054270138081  0.00012955811833159712
13.08  0.0072119679254441585  0.00012958625381079161
13.1  0.0072118816842363775  0.00012961439342090827
13.120000000000001  0.007211795502738297  0.0001296425417016077
13.14  0.007211709339468072  0.0001296707025932766
13.16  0.007211623155727175  0.00012969887938128313
13.18  0.007211536916030202  0.0001297270746468047
13.200000000000001  0.007211450588469826  0.00012975529022995764
13.22  0.0072113641450027716  0.00012978352720666842
13.24  0.007211277561670573  0.00012981178587451512
13.26  0.007211190818744361  0.0001298400657543689
13.280000000000001  0.0072111039008013085  0.00012986836560473932
13.3  0.007211016796727634  0.00012989668343863487
13.32  0.007210929499662622  0.00012992501656509082
13.34  0.007210842006876164  0.00012995336162831365
13.36  0.007210754319587797  0.00012998171466548154
13.38  0.007210666442739865  0.00013001007116776624
13.4  0.007210578384718258  0.00013003842615021764
13.42  0.007210490157038966  0.00013006677422671434
13.44  0.00721040177399772  0.00013009510969166755
13.46  0.00721031325229881  0.0001301234266033747
13.48  0.007210224610660771  0.0001301517188686359
13.5  0.007210135869411095  0.00013017998032994771
13.52  0.007210047050079489  0.00013020820485197808
13.540000000000001  0.007209958174988689  0.00013023638640262424
13.56  0.007209869266854581  0.00013026451913838451
13.58  0.007209780348403245  0.0001302925974746283
13.6  0.007209691442002462  0.00013032061615959637
13.620000000000001  0.007209602569322937  0.00013034857033921525
13.64  0.007209513751022478  0.00013037645561240826
13.66  0.007209425006467796  0.0001304042680807393
13.68  0.007209336353485169  0.00013043200439026006
13.700000000000001  0.007209247808156046  0.0001304596617613736
13.72  0.007209159384645494  0.00013048723801316946
13.74  0.007209071095071145  0.00013051473157864326
13.76  0.007208982949416938  0.00013054214150430625
13.780000000000001  0.0072088949554805016  0.00013056946745168717
13.8  0.00720880711886057  0.0001305967096824797
13.82  0.007208719442983605  0.0001306238690349999
13.84  0.007208631929163007  0.0001306509468972838
13.86  0.007208544576690886  0.0001306779451722202
13.88  0.00720845738295755  0.00013070486623732692
13.9  0.00720837034359921  0.00013073171289237432
13.92  0.007208283452665381  0.00013075848831412888
13.94  0.007208196702807179  0.00013078519599773005
13.96  0.007208110085475296  0.00013081183969939104
13.98  0.0072080235911348885  0.0001308384233788277
14.0  0.0072079372094827525  0.00013086495113894157
14.02  0.0072078509296661705  0.00013089142716439888
14.040000000000001  0.007207764740503075  0.00013091785566506732
14.06  0.007207678630696326  0.00013094424081644293
14.08  0.0072075925890407195  0.00013097058671263155
14.1  0.007207506604617622  0.00013099689731009307
14.120000000000001  0.007207420666975037  0.00013102317638131873
14.14  0.007207334766296406  0.00013104942747672825
14.16  0.0072072488935429335  0.00013107565388663584
14.18  0.007207163040582781  0.00013110185861130665
14.200000000000001  0.007207077200296126  0.00013112804433281668
14.22  0.007206991366662184  0.0001311542133973881
14.24  0.0072069055348154025  0.00013118036780276053
14.26  0.00720681970108893  0.00013120650918831234
14.280000000000001  0.007206733863029956  0.00013123263883305322
14.3  0.007206648019395403  0.00013125875766096482
14.32  0.007206562170129369  0.00013128486624778798
14.34  0.007206476316316671  0.00013131096483322461
14.36  0.007206390460125161  0.00013133705334252013
14.38  0.007206304604726964  0.0001313631314035146
14.4  0.007206218754206164  0.00013138919837438063
14.42  0.00720613291346041  0.00013141525336938755
14.44  0.007206047088087003  0.00013144129529020065
14.46  0.007205961284263106  0.00013146732285592767
14.48  0.007205875508624048  0.0001314933346373477
14.5  0.00720578976813539  0.0001315193290898775
14.52  0.0072057040699655414  0.0001315453045847337
14.540000000000001  0.007205618421359225  0.00013157125943913248
14.56  0.007205532829517315  0.00013159719195512777
14.58  0.0072054473014805335  0.00013162310044189773
14.6  0.007205361844018737  0.00013164898324553536
14.620000000000001  0.007205276463531425  0.00013167483877402447
14.64  0.00720519116595535  0.00013170066552108928
14.66  0.007205105956685158  0.00013172646208373248
14.68  0.007205020840507047  0.00013175222718057902
14.700000000000001  0.007204935821541252  0.00013177795966592685
14.72  0.007204850903198467  0.00013180365853671385
14.74  0.007204766088153592  0.00013182932294509967
14.76  0.0072046813783244274  0.00013185495219866317
14.780000000000001  0.0072045967748692215  0.0001318805457636403
14.8  0.0072045122781927914  0.00013190610326228817
14.82  0.007204427887966354  0.0001319316244682955
14.84  0.007204343603155053  0.00013195710930217642
14.86  0.007204259422059984  0.00013198255782272703
14.88  0.007204175342362966  0.0001320079702161117
14.9  0.007204091361183079  0.00013203334678466244
14.92  0.007204007475136881  0.00013205868793302316
14.94  0.007203923680406248  0.00013208399415549536
14.96  0.007203839972808291  0.00013210926602032864
14.98  0.007203756347867633  0.0001321345041581656
15.0  0.007203672800894199  0.00013215970924548344
15.02  0.007203589327054157  0.00013218488198825438
15.040000000000001  0.00720350592144715  0.00013221002310864738
15.06  0.0072034225791773624  0.00013223513333572457
15.08  0.0072033392954216876  0.00013226021338702117
15.1  0.007203256065498856  0.00013228526396004664
15.120000000000001  0.007203172884927011  0.00013231028572244574
15.14  0.007203089749479303  0.0001323352793022055
15.16  0.007203006655234002  0.00013236024527937072
15.18  0.0072029235986161375  0.0001323851841819761
15.200000000000001  0.007202840576433735  0.0001324100964810088
15.22  0.007202757585907054  0.00013243498258720446
15.24  0.007202674624685763  0.00013245984285097006
15.26  0.007202591690865922  0.0001324846775620158
15.280000000000001  0.007202508782996905  0.00013250948694951668
15.3  0.007202425900076255  0.00013253427119019767
15.32  0.007202343041547328  0.0001325590304069294
15.34  0.007202260207282405  0.00013258376467845898
15.36  0.007202177397565141  0.0001326084740426087
15.38  0.007202094613064548  0.0001326331585076353
15.4  0.007202011854809651  0.00013265781805514804
15.42  0.00720192912415249  0.00013268245265157848
15.44  0.007201846422736177  0.00013270706225301175
15.46  0.007201763752453575  0.00013273164681664332
15.48  0.007201681115411297  0.00013275620630436998
15.5  0.00720159851388498  0.00013278074069486011
15.52  0.007201515950282944  0.00013280524998715562
15.540000000000001  0.007201433427100424  0.00013282973420729132
15.56  0.0072013509468858315  0.0001328541934151839
15.58  0.007201268512197332  0.00013287862770617096
15.6  0.007201186125570429  0.00013290303721729806
15.620000000000001  0.007201103789482696  0.00013292742212742391
15.64  0.007201021506323759  0.0001329517826597216
15.66  0.00720093927836814  0.00013297611907884036
15.68  0.007200857107750126  0.0001330004316956848
15.700000000000001  0.007200774996443105  0.00013302472085768396
15.72  0.0072006929462442755  0.00013304898695244252
15.74  0.007200610958758279  0.00013307323040163694
15.76  0.007200529035391499  0.00013309745165508162
15.780000000000001  0.007200447177341491  0.00013312165118416444
15.8  0.007200365385597693  0.00013314582947864006
15.82  0.007200283660940162  0.00013316998703889312
15.84  0.007200202003942551  0.00013319412436710648
15.860000000000001  0.007200120414981026  0.00013321824196337587
15.88  0.0072000388942399475  0.00013324234031655382
15.9  0.007199957441723269  0.00013326641989669927
15.92  0.0071998760572685085  0.00013329048114949323
15.94  0.00719979474055746  0.00013331452448823617
15.96  0.007199713491135698  0.0001333385502893716
15.98  0.007199632308424909  0.0001333625588862691
16.0  0.007199551191740772  0.00013338655056288102
16.02  0.0071994701403092325  0.00013341052555135657
16.04  0.00719938915328347  0.00013343448403082428
16.06  0.007199308229756708  0.0001334584261187867
16.080000000000002  0.007199227368782139  0.00013348235187633857
16.1  0.0071991465693846506  0.0001335062613035066
16.12  0.007199065830574211  0.00013353015433988487
16.14  0.007198985151359796  0.00013355403086891723
16.16  0.007198904530757742  0.00013357789071702627
16.18  0.007198823967803692  0.00013360173365833223
16.2  0.007198743461560591  0.0001336255594164589
16.22  0.007198663011126344  0.0001336493676709691
16.240000000000002  0.00719858261563725  0.00013367315806429544
16.26  0.00719850227427371  0.0001336969302025263
16.28  0.007198421986262517  0.0001337206836663621
16.3  0.007198341750879092  0.00013374441801378262
16.32  0.007198261567447551  0.00013376813279110977
16.34  0.007198181435341056  0.0001337918275352105
16.36  0.007198101353981458  0.00013381550178401128
16.38  0.00719802132283444  0.00013383915508348072
16.4  0.007197941341409652  0.00013386278698947958
16.42  0.007197861409257905  0.00013388639708040287
16.44  0.00719778152596682  0.00013390998495958677
16.46  0.007197701691157059  0.00013393355026125215
16.48  0.007197621904481968  0.00013395709265357037
16.5  0.007197542165620616  0.00013398061184867105
16.52  0.007197462474277336  0.00013400410760055172
16.54  0.007197382830177594  0.00013402757970945348
16.56  0.007197303233067382  0.00013405102802695936
16.580000000000002  0.007197223682707107  0.00013407445245313236
16.6  0.00719714417887424  0.0001340978529394316
16.62  0.007197064721359923  0.00013412122948688816
16.64  0.007196985309969624  0.00013414458214823708
16.66  0.007196905944521222  0.00013416791102603597
16.68  0.007196826624845345  0.00013419121626591558
16.7  0.0071967473507872385  0.0001342144980580259
16.72  0.007196668122205955  0.00013423775663368474
16.740000000000002  0.007196588938978139  0.0001342609922587751
16.76  0.007196509800996188  0.00013428420523113884
16.78  0.007196430708171352  0.00013430739587565906
16.8  0.007196351660435394  0.0001343305645373667
16.82  0.0071962726577414066  0.00013435371158105334
16.84  0.00719619370006778  0.00013437683738036862
16.86  0.007196114787416335  0.00013439994231682304
16.88  0.00719603591981589  0.00013442302677051785
16.9  0.00719595709732211  0.00013444609111829908
16.92  0.007195878320016662  0.00013446913572764716
16.94  0.007195799588010933  0.0001344921609522289
16.96  0.007195720901442218  0.00013451516712802727
16.98  0.007195642260474937  0.00013453815456824914
17.0  0.007195563665298564  0.00013456112355837087
17.02  0.0071954851161259974  0.0001345840743595167
17.04  0.007195406613192465  0.00013460700719812973
17.06  0.0071953281567495265  0.00013462992226883217
17.080000000000002  0.007195249747066573  0.00013465281973102739
17.1  0.007195171384423497  0.00013467569970917025
17.12  0.007195093069108174  0.00013469856229213933
17.14  0.007195014801412384  0.00013472140753279644
17.16  0.0071949365816272905  0.0001347442354498446
17.18  0.0071948584100384174  0.00013476704602633318
17.2  0.00719478028692174  0.00013478983921646375
17.22  0.007194702212538465  0.00013481261494313547
17.240000000000002  0.007194624187129181  0.0001348353731007303
17.26  0.007194546210911248  0.000134858113560713
17.28  0.007194468284072735  0.00013488083617195683
17.3  0.007194390406771154  0.000134903540766189
17.32  0.007194312579126288  0.00013492622715925728
17.34  0.0071942348012202706  0.00013494889515634756
17.36  0.007194157073092114  0.00013497154455383947
17.38  0.007194079394736449  0.0001349941751440615
17.400000000000002  0.0071940017661030154  0.00013501678671991673
17.42  0.007193924187094808  0.0001350393790776508
17.44  0.0071938466575667635  0.00013506195201624718
17.46  0.007193769177328478  0.00013508450534677985
17.48  0.007193691746143678  0.00013510703888980975
17.5  0.007193614363731511  0.0001351295524816073
17.52  0.007193537029770157  0.00013515204597474198
17.54  0.007193459743898277  0.00013517451923885862
17.56  0.007193382505719256  0.00013519697216472876
17.580000000000002  0.00719330531480501  0.000135219404664427
17.6  0.007193228170699615  0.00013524181667065387
17.62  0.0071931510729247115  0.00013526420813966166
17.64  0.007193074020985015  0.00013528657904911397
17.66  0.00719299701437424  0.00013530892939963107
17.68  0.007192920052576844  0.00013533125921181026
17.7  0.007192843135078101  0.00013535356852926767
17.72  0.007192766261366651  0.00013537585741413172
17.740000000000002  0.007192689430941665  0.00013539812594590806
17.76  0.007192612643318254  0.00013542037422131605
17.78  0.007192535898029344  0.00013544260235283433
17.8  0.007192459194634345  0.00013546481046383075
17.82  0.007192382532722068  0.00013548699869015763
17.84  0.007192305911913844  0.00013550916717552518
17.86  0.00719222933186805  0.0001355313160707713
17.88  0.007192152792283061  0.00013555344552933674
17.900000000000002  0.007192076292898454  0.00013557555570836344
17.92  0.0071919998334981595  0.00013559764676480466
17.94  0.007191923413910362  0.00013561971885215992
17.96  0.00719184703400921  0.0001356417721187221
17.98  0.007191770693713683  0.00013566380671104538
18.0  0.007191694392986623  0.00013568582276522262
18.02  0.007191618131834984  0.0001357078204095059
18.04  0.007191541910305671  0.0001357297997623355
18.06  0.007191465728486517  0.00013575176092947517
18.080000000000002  0.0071913895864993485  0.00013577370400505594
18.1  0.007191313484499774  0.00013579562907328657
18.12  0.007191237422672173  0.0001358175362026563
18.14  0.007191161401225282  0.0001358394254494162
18.16  0.00719108542038821  0.00013586129685580738
18.18  0.007191009480406781  0.00013588315045222026
18.2  0.007190933581537122  0.0001359049862582148
18.22  0.007190857724042772  0.00013592680427765264
18.240000000000002  0.0071907819081896305  0.000135948604506303
18.26  0.0071907061342405595  0.00013597038692855795
18.28  0.007190630402450527  0.00013599215151876114
18.3  0.007190554713064076  0.00013601389824296212
18.32  0.007190479066310705  0.00013603562706114756
18.34  0.0071904034623994605  0.00013605733792630922
18.36  0.007190327901517496  0.0001360790307859369
18.38  0.007190252383827459  0.00013610070558367057
18.400000000000002  0.007190176909463384  0.00013612236226187292
18.42  0.007190101478529375  0.00013614400076082482
18.44  0.007190026091097956  0.00013616562101953768
18.46  0.007189950747209663  0.0001361872229763829
18.48  0.007189875446869677  0.00013620880657376372
18.5  0.007189800190050911  0.00013623037175433745
18.52  0.007189724976693563  0.00013625191846311838
18.54  0.007189649806704571  0.00013627344664913333
18.56  0.007189574679959581  0.00013629495626224107
18.580000000000002  0.007189499596304929  0.00013631644726050588
18.6  0.007189424555559299  0.00013633791960409214
18.62  0.007189349557515697  0.00013635937325567218
18.64  0.007189274601945369  0.0001363808081850103
18.66  0.007189199688598804  0.00013640222436239432
18.68  0.007189124817209738  0.00013642362176259675
18.7  0.0071890499874987515  0.0001364450003644861
18.72  0.007188975199175419  0.00013646636014988408
18.740000000000002  0.00718890045194321  0.00013648770109973515
18.76  0.007188825745501743  0.0001365090231990602
18.78  0.007188751079550596  0.00013653032643307566
18.8  0.007188676453791815  0.00013655161078743704
18.82  0.007188601867935093  0.00013657287624566536
18.84  0.007188527321697118  0.00013659412279325438
18.86  0.007188452814808416  0.00013661535041104047
18.88  0.007188378347011916  0.00013663655907767233
18.900000000000002  0.007188303918068295  0.00013665774877077264
18.92  0.007188229527755145  0.0001366789194617143
18.94  0.007188155175872329  0.00013670007112014736
18.96  0.007188080862239253  0.0001367212037097907
18.98  0.007188006586698366  0.0001367423171904429
19.0  0.007187932349114157  0.0001367634115164119
19.02  0.007187858149375339  0.00013678448663763477
19.04  0.007187783987392374  0.0001368055424978065
19.06  0.007187709863100937  0.00013682657903626248
19.080000000000002  0.007187635776457207  0.00013684759618773874
19.1  0.007187561727438159  0.000136868593881722
19.12  0.007187487716042823  0.0001368895720428158
19.14  0.007187413742288115  0.0001369105305918815
19.16  0.007187339806207012  0.00013693146944733037
19.18  0.007187265907849377  0.00013695238852279166
19.2  0.007187192047277923  0.00013697328773084865
19.22  0.007187118224568345  0.00013699416698041133
19.240000000000002  0.007187044439803483  0.00013701502618118706
19.26  0.007186970693076252  0.0001370358652390986
19.28  0.007186896984483821  0.0001370566840636253
19.3  0.0071868233141260535  0.00013707748256370795
19.32  0.00718674968210483  0.00013709826065065115
19.34  0.007186676088520907  0.00013711901823570144
19.36  0.0071866025334732155  0.00013713975523325505
19.38  0.00718652901705584  0.00013716047156414542
19.400000000000002  0.0071864555393578045  0.00013718116714883405
19.42  0.007186382100460555  0.00013720184191493834
19.44  0.007186308700436539  0.00013722249579443228
19.46  0.007186235339349857  0.00013724312872308796
19.48  0.007186162017254013  0.00013726374064200583
19.5  0.007186088734192681  0.00013728433150105745
19.52  0.007186015490197076  0.000137304901252646
19.54  0.007185942285286632  0.00013732544985529827
19.56  0.007185869119471432  0.00013734597727362854
19.580000000000002  0.007185795992747432  0.00013736648347745806
19.6  0.007185722905102746  0.00013738696844301917
19.62  0.0071856498565128326  0.00013740743215265723
19.64  0.007185576846944557  0.00013742787459175397
19.66  0.0071855038763550885  0.00013744829575255355
19.68  0.007185430944693533  0.0001374686956286004
19.7  0.007185358051903233  0.00013748907421919963
19.72  0.00718528519791928  0.0001375094315263876
19.740000000000002  0.007185212382674794  0.00013752976755627923
19.76  0.007185139606096224  0.00013755008231625465
19.78  0.007185066868108372  0.00013757037581577683
19.8  0.007184994168636244  0.0001375906480648993
19.82  0.0071849215076031795  0.00013761089907531586
19.84  0.00718484888493275  0.00013763112885959596
19.86  0.007184776300551771  0.00013765133742996434
19.88  0.007184703754389527  0.0001376715247968433
19.900000000000002  0.007184631246379075  0.00013769169097033846
19.92  0.0071845587764586836  0.00013771183595956055
19.94  0.0071844863445704385  0.00013773195977220045
19.96  0.007184413950663192  0.00013775206241340514
19.98  0.007184341594691816  0.00013777214388565476
20.0  0.007184269276618261  0.0001377922041897078
