0  1.0  0.0  0.0  0.0  
0.02  0.999015343470449  0.0001523547443878234  0.0007026516307056911  -2.566994146399287e-06  
0.04  0.9949198790548618  0.0017715442490367213  0.003173026970474217  1.00153885043721e-08  
0.06  0.9876338476557468  0.005032471057637059  0.007172562695462502  2.549334376332573e-05  
0.08  0.9775616420982071  0.009704489728458218  0.012496064214795521  0.00010214202977798762  
0.1  0.9650517722097921  0.015592607432395607  0.0189615330303131  0.0002582183363621479  
0.12  0.9504140847168795  0.022524623529125227  0.026406266625707067  0.0005187574495914705  
0.14  0.9339285873025948  0.03034687818753449  0.03468456287823761  0.0009033593659140742  
0.16  0.9158501026789722  0.03892205352492157  0.0436661524992365  0.0014256256670394842  
0.18  0.8964106723161408  0.048127531603304914  0.05323504022002768  0.0020918624825746208  
0.2  0.875821511091586  0.05785511384623671  0.06328785673214062  0.0029031702702970123  
0.22  0.8542752199928223  0.06800921226592266  0.07373332751431286  0.00385391420073078  
0.24  0.8319473864576116  0.07850559322952874  0.08449106162959695  0.0049328779865452236  
0.26  0.8089984076280369  0.08926998543060513  0.09549013107355989  0.006124426142818029  
0.28  0.7855752068233574  0.10023665834249686  0.10666775756472877  0.0074096681855026995  
0.3  0.7618127515033766  0.11134711866018152  0.11796798894801952  0.008767628730377664  
0.32  0.7378353454938895  0.1225489490059612  0.12934059300114092  0.010176362697917074  
0.34  0.7137577164181125  0.13379479382654513  0.1407400823809061  0.01161386850224638  
0.36  0.6896858873552386  0.14504151733130874  0.15212491338407425  0.01305881788032935  
0.38  0.6657178447069266  0.15624954087571902  0.16345686494821796  0.014491114147418863  
0.4  0.6419440276076885  0.16738235183004754  0.1747005842047907  0.0158923022911132  
0.42  0.618447670486941  0.17840616322578326  0.18582327681521316  0.017245851175813426  
0.44  0.5953050325208528  0.18928969558793912  0.19679451510433651  0.01853732665647601  
0.46  0.5725855472657403  0.20000404881025638  0.20758613384707217  0.0197544759384695  
0.48  0.5503519167314634  0.21052263488259304  0.2181721873150624  0.02088724270298041  
0.5  0.5286601751944856  0.22082114668947567  0.22852895078210692  0.021927728640894414  
0.52  0.5075597502682713  0.23087753976797318  0.23863494175736  0.022870118059275295  
0.54  0.4870935281051586  0.24067201443154046  0.2484709523496702  0.023710576364208293  
0.56  0.4672979296609257  0.25018700141528055  0.2580200839510211  0.02444712680983305  
0.58  0.44820300189487683  0.25940716871866437  0.26726777515378913  0.02507951323032679  
0.6  0.429832528326813  0.2683194659653037  0.2762018247261567  0.025609051429196422  
0.62  0.4122041706627727  0.2769131912666194  0.2848124120998371  0.02603847034625273  
0.64  0.3953296587387027  0.28518003573279543  0.29309210597435637  0.0263717450863274  
0.66  0.37921504910693704  0.2931140671729217  0.30103578531859326  0.026613925196227937  
0.68  0.36386106638196797  0.30071165058715965  0.30864036082965673  0.026770963401606018  
0.7000000000000001  0.3492634757995379  0.30797134246756946  0.31590455971117853  0.02684955208188084  
0.72  0.33541340307417017  0.3148938004847094  0.3228290944365164  0.02685697025294345  
0.74  0.3222976433963487  0.3214816877837902  0.3294167480215385  0.026800933050468625  
0.76  0.3098990217685315  0.32773954900189256  0.33567220509260554  0.026689439995281963  
0.78  0.2981967903282693  0.3336736694012134  0.34160186290309696  0.026530628794449666  
0.8  0.2871670368562342  0.33929192405768444  0.3472136837355915  0.02633264078895104  
0.8200000000000001  0.276783093805595  0.3446036203567526  0.3525170720601635  0.02610348830200332  
0.84  0.2670159486244593  0.34961934895474645  0.35752276793796534  0.02585087790363943  
0.86  0.25783468414034266  0.35435082753477387  0.36224271801156654  0.025582045473087258  
0.88  0.24920700341167434  0.35881067259338284  0.3666898570621337  0.02530370335220952  
0.9  0.24109985198927716  0.36301212528507176  0.37087779903550405  0.02502201996114285  
0.92  0.2334800511602318  0.3669687791903452  0.3748205010315053  0.024742614626726098  
0.9400000000000001  0.2263148132660313  0.3706943413664859  0.3785319820771224  0.024470570815875486  
0.96  0.21957207552731367  0.3742024628301035  0.3820261430013466  0.024210443207465657  
0.98  0.21322067534284858  0.37750664739191453  0.38531667977469564  0.023966245975740166  
1.0  0.20723043233903368  0.380620213928034  0.3884170516136707  0.023741430300340798  
1.02  0.20157219881938798  0.38355627674166964  0.3913404649892696  0.02353886512973631  
1.04  0.19621791553547654  0.38632771848027875  0.39409985093258054  0.023360830516372503  
1.06  0.19114068537754889  0.38894714566366195  0.39670782845169605  0.023209026338218513  
1.08  0.1863148612199965  0.3914268292865451  0.39917665557741816  0.023084594730936877  
1.1  0.18171613617066604  0.39377863927287526  0.4015181734917911  0.022988152547301837  
1.12  0.1773216241198141  0.39601398176689506  0.4037437502317292  0.022919830172168934  
1.1400000000000001  0.17310992315189705  0.3981437446755205  0.4058642290450117  0.022879314108709182  
1.16  0.16906115963847146  0.40017825307935617  0.4078898839162557  0.022865891866317146  
1.18  0.16515701361340265  0.4021272342664797  0.40983038289785484  0.02287849833483786  
1.2  0.16138072612691554  0.4039997922120892  0.4116947593083488  0.02291576312915  
1.22  0.15771708802129808  0.4058043923446883  0.413491391262834  0.022976058587777383  
1.24  0.15415240889567478  0.4075488578873639  0.4152279911761002  0.023057548347721758  
1.26  0.15067446677248478  0.40924037573227473  0.41691160940967686  0.023158236628164245  
1.28  0.14727243741376622  0.41088549972854094  0.4185486622144398  0.02327601818192371  
1.3  0.1439367765275547  0.41249013367339504  0.42014500606396316  0.023408727950755284  
1.32  0.1406590166263906  0.4140595048157673  0.42170606662360993  0.023554185355186292  
1.34  0.13743165092026932  0.4155982170001098  0.42323685587962806  0.023710214749410152  
1.36  0.1342484333377941  0.4171103462422383  0.42474168551285846  0.023874637059008025  
1.3800000000000001  0.1311047123158684  0.4185993518820424  0.4262239584024459  0.02404525588895496  
1.4000000000000001  0.12799744034186294  0.4200679515329925  0.42768619688294884  0.024219886919203317  
1.42  0.12492502278982387  0.42151809967682324  0.42913014027583485  0.024396426084202463  
1.44  0.12188710213860968  0.42295104710053166  0.43055685887940054  0.02457290061002994  
1.46  0.11888433124859474  0.42436743788584147  0.43196686856367833  0.024747488202581727  
1.48  0.1159181651545412  0.42576741454555134  0.43336023370297305  0.024918518225228906  
1.5  0.1129906815856011  0.42715071481124206  0.43473665301816017  0.025084469249975073  
1.52  0.11010443032420501  0.428516753150755  0.4360955288048603  0.025243969179173865  
1.54  0.1072623069853062  0.429864687462956  0.43743602317592856  0.025395798148047193  
1.56  0.10446744568938168  0.4311934745696043  0.4387571054979595  0.02553889256327006  
1.58  0.10172312594773367  0.4325019178067405  0.44005759423523166  0.025672348584350572  
1.6  0.09903269052646534  0.4337887089204177  0.4413361951374238  0.025795424059999277  
1.62  0.09639947230275712  0.4350524656365746  0.4425915367415165  0.025907538526733876  
1.6400000000000001  0.09382672895776481  0.4362917657367349  0.4438222035904463  0.026008271183426312  
1.6600000000000001  0.09131758483176186  0.4375051781347509  0.44502676728202417  0.026097356899453174  
1.68  0.08887497952695783  0.43869129123906203  0.44620381532811654  0.02617468038465843  
1.7  0.08650162299172791  0.43984873875173613  0.44735197775037927  0.026240268685966284  
1.72  0.08419995691513221  0.44097622297307976  0.44846995132407097  0.026294282195685133  
1.74  0.08197212231001666  0.4420725356315644  0.449556521383306  0.026337004372194443  
1.76  0.07981993316789451  0.4431365762312231  0.4506105811091123  0.026368830389218494  
1.78  0.07774485604735519  0.44416736789610584  0.45163114823412936  0.02639025494313914  
1.8  0.07574799542734202  0.4451640706907951  0.45261737911523947  0.026401859455403905  
1.82  0.07383008462306676  0.4461259924058123  0.453568580148127  0.0264042989075397  
1.84  0.07199148202592652  0.44705259681410564  0.4544842165240235  0.02639828853988639  
1.86  0.07023217239051956  0.44794350942767475  0.4553639183577478  0.026384590633137802  
1.8800000000000001  0.06855177285381713  0.4487985208092073  0.4562074842454554  0.02636400157523232  
1.9000000000000001  0.06694954333599613  0.4496175875204693  0.4570148823394092  0.026337339396146468  
1.92  0.06542440094132909  0.4504008308157169  0.457786249054064  0.026305431930515592  
1.94  0.06397493795209475  0.451148533213524  0.4585218855422971  0.02626910574347056  
1.96  0.0625994429894512  0.4518611331035797  0.45922225210217377  0.02622917592919949  
1.98  0.061295924902374455  0.4525392175653132  0.4598879606935168  0.026186436865102827  
2.0  0.060062138938288955  0.45318351359188863  0.46051976576089365  0.026141653977493785  
2.02  0.05889561474534495  0.45379487792573464  0.46111855357714154  0.026095556548048314  
2.04  0.057793685755254336  0.45437428572026806  0.4616853303378406  0.026048831566450298  
2.06  0.05675351949725077  0.4549228182477794  0.4622212092501975  0.026002118615047486  
2.08  0.05577214840152054  0.4554416498752957  0.4627273968679285  0.025956005753149693  
2.1  0.05484650066896418  0.4559320345285882  0.46320517892218344  0.02591102635368669  
2.12  0.053973430813492373  0.45639529185888905  0.4636559058852505  0.02586765683440513  
2.14  0.0531497495197733  0.45683279331634435  0.4640809784839437  0.02582631521942158  
2.16  0.05237225249776521  0.4572459483177207  0.46448183335809157  0.02578736046616195  
2.18  0.05163774805046516  0.4576361906754009  0.464859929040029  0.02575109249792802  
2.2  0.050943083101455414  0.45800496543332625  0.46521673241337996  0.025717752891179706  
2.22  0.050285167455806815  0.4583537162375641  0.46555370579267935  0.025687526174676862  
2.24  0.049660996094995136  0.4586838733556022  0.4658722947484065  0.025660541701019515  
2.2600000000000002  0.04906766933637897  0.458996842448628  0.4661739167846973  0.02563687604850038  
2.2800000000000002  0.04850241072141124  0.4592939941918971  0.46645995095934917  0.02561655590406319  
2.3000000000000003  0.047962582533475365  0.45957665482775995  0.46673172851846023  0.02559956136942954  
2.32  0.047445698884386066  0.45984609772253615  0.4669905246007297  0.025585829624837672  
2.34  0.04694943634637713  0.46010353598252945  0.46723755104975234  0.0255752588798235  
2.36  0.04647164214227401  0.46035011616702454  0.4674739503561349  0.0255677125384546  
2.38  0.046010339939541255  0.4605869131181459  0.46770079073585286  0.025563023507017384  
2.4  0.04556373332340233  0.46081492591006634  0.4679190623364439  0.025560998574746047  
2.42  0.045130207050164316  0.4610350749037334  0.46812967454922  0.025561422802174237  
2.44  0.04470832620416988  0.46124819987843485  0.4683334543931612  0.02556406385666168  
2.46  0.044296833400665266  0.4614550591982642  0.46853114592500655  0.02556867624028646  
2.48  0.04389464419242121  0.46165632995991596  0.4687234106200083  0.02557500536138407  
2.5  0.043500840850364736  0.4618526090582419  0.46891082865901645  0.02558279140739915  
2.52  0.043114664697920434  0.46204441509754524  0.46909390105001975  0.025591772983254497  
2.54  0.042735507185320196  0.4622321910697872  0.4692730525059882  0.02560169048600249  
2.56  0.04236289989399987  0.4624163077155215  0.46944863499578754  0.025612289193017702  
2.58  0.04199650366244292  0.462597067479551  0.4696209318813064  0.02562332204726955  
2.6  0.041636097023641384  0.4627747089709308  0.46979016255144446  0.025634552129214384  
2.62  0.041281564140874576  0.462949411835934  0.46995648746251156  0.025645754810461743  
2.64  0.04093288242292903  0.46312130195286616  0.4701200134946784  0.02565671958953744  
2.66  0.04059010999242731  0.4632904568592675  0.47028079953534635  0.025667251614714184  
2.68  0.04025337317179176  0.46345691132459627  0.4704388622027332  0.025677172902983856  
2.7  0.039922854140752764  0.46362066298526045  0.4705941816263085  0.025686323267754725  
2.72  0.039598778907472876  0.4637816779635085  0.4707467072051002  0.025694560970774598  
2.74  0.039281405722482315  0.4639398963970365  0.47089636326995127  0.025701763116091843  
2.7600000000000002  0.03897101405096122  0.4640952378123268  0.47104305458167994  0.025707825805592853  
2.7800000000000002  0.038667894204636  0.4642476062813782  0.4711866716036089  0.025712664076831322  
2.8000000000000003  0.038372337719914995  0.4643968953085222  0.4713270954937494  0.025716211644502683  
2.82  0.038084628554056345  0.4645429924014265  0.47146420276932677  0.025718420467091985  
2.84  0.03780503515631982  0.46468578328790244  0.4715978696037716  0.025719260159986018  
2.86  0.0375338034564032  0.4648251557477616  0.47172797572407077  0.025718717275722752  
2.88  0.03727115079814192  0.46496100303649923  0.471854407883937  0.02571679447115905  
2.9  0.0370172608326442  0.46509322688495536  0.4719770628959199  0.02571350958020663  
2.92  0.03677227937185392  0.46522174006623546  0.47209585021283984  0.025708894609469665  
2.94  0.036536311191135165  0.46534646852793454  0.4722106940560503  0.02570299467272096  
2.96  0.0363094177579475  0.4654673530940669  0.4723215350946568  0.02569586687865842  
2.98  0.03609161585313553  0.4655843507469026  0.4724283316859868  0.025687579184917902  
3.0  0.03588287704186666  0.465697435504262  0.47253106069328044  0.025678209229861783  
3.02  0.035683127942861596  0.46580659891246656  0.47262971790158975  0.02566784315229453  
3.04  0.03549225123734598  0.4659118501792825  0.4727243180572961  0.025656574407986823  
3.06  0.035310087353094544  0.4660132159745833  0.4728148945603994  0.025644502590741577  
3.08  0.03513643675408014  0.4661107399293025  0.4729014988418284  0.02563173226472959  
3.1  0.03497106276256473  0.46620448186534463  0.47298419946034753  0.02561837181397364  
3.12  0.03481369483794663  0.4662945167906681  0.47306308095539884  0.02560453231413847  
3.14  0.03466403223528498  0.46638093369465516  0.47313824249324027  0.02559032643124727  
3.16  0.03452174796610366  0.46646383417918236  0.4732097963441297  0.025575867351510857  
3.18  0.03438649298478096  0.4665433309606057  0.4732778662282194  0.02556126774617485  
3.2  0.034257900525471646  0.4666195462770763  0.4733425855669528  0.02554663877510298  
3.22  0.03413559051704309  0.46669261023451836  0.47340409567564484  0.02553208913272691  
3.24  0.03401917400680498  0.46676265912285053  0.47346254393116716  0.025517724139967658  
3.2600000000000002  0.03390825752784187  0.46682983373220716  0.4735180819465711  0.025503644885765342  
3.2800000000000002  0.03380244734937206  0.4668942776965717  0.4735708637821467  0.02548994742190362  
3.3000000000000003  0.03370135355470549  0.46695613588977913  0.4736210442195865  0.025476722014864575  
3.3200000000000003  0.03360459389692687  0.46701555289609853  0.47366877712315203  0.025464052458503913  
3.34  0.033511797388325694  0.46707267157485294  0.4737142139085962  0.02545201545131216  
3.36  0.03342260758570865  0.46712763173556143  0.4737575021374301  0.025440680042006947  
3.38  0.033336685539996844  0.46718056893720517  0.4737987842510037  0.025430107147054078  
3.4  0.03325371238481851  0.4672316134222283  0.4738381964555323  0.025420349143518244  
3.42  0.033173391545107664  0.4672808891931298  0.4738758677662566  0.025411449540358726  
3.44  0.033095450552903354  0.4673285132366052  0.47391191921566395  0.025403442730906896  
3.46  0.03301964246356425  0.467374594897663  0.473946463227982  0.02539635382879372  
3.48  0.03294574687139932  0.46741923540362684  0.47397960315925314  0.025390198589050117  
3.5  0.0328735705292231  0.46746252753555056  0.4740114329998243  0.02538498341546749  
3.52  0.0328029475815049  0.46750455544257535  0.4740420372336999  0.025380705454624734  
3.54  0.03273373942557575  0.4675453945927293  0.47407149084705613  0.025377352776248256  
3.56  0.03266583421973014  0.46758511185204243  0.4740998594763421  0.025374904638798823  
3.58  0.032599146060990215  0.4676237656823232  0.47412719968471295  0.02537333183837944  
3.6  0.03253361385873819  0.4676614064467271  0.4741535593541617  0.02537259713825385  
3.62  0.03246919993337227  0.46769807681127096  0.4741789781795936  0.025372655775431376  
3.64  0.032405888371550055  0.4677338122296345  0.47420348825024494  0.025373456039958855  
3.66  0.03234368317144928  0.46776864149816216  0.47422711470331946  0.02537493992172919  
3.68  0.03228260621280127  0.4678025873676687  0.4742498764344435  0.025377043818796755  
3.7  0.03222269508722197  0.4678356671987027  0.4742717868496329  0.025379699300386475  
3.72  0.03216400082460751  0.46786789364705444  0.47429285464374016  0.025382833917010794  
3.74  0.03210658555109426  0.46789927536680054  0.4743130845909352  0.025386372049382596  
3.7600000000000002  0.032050520113348455  0.46792981771868714  0.4743324783336018  0.02539023578715239  
3.7800000000000002  0.0319958817027732  0.46795952347249214  0.4743510351570204  0.025394345827927673  
3.8000000000000003  0.03194275151166616  0.46798839349280036  0.4743687527383152  0.025398622386569328  
3.8200000000000003  0.031891212451458685  0.4680164273986896  0.4743856278594282  0.025402986104423503  
3.84  0.031841346960981176  0.4680436241888048  0.4744016570752175  0.025407358947945023  
3.86  0.03179323493025661  0.46806998282448947  0.47441683732913076  0.025411665086129923  
3.88  0.03174695176269019  0.4680955027647323  0.4744311665102926  0.02541583173627326  
3.9  0.03170256659572331  0.46812018444785486  0.47444464394720015  0.02541978996784287  
3.92  0.03166014069710828  0.46814402971603347  0.47445727083461586  0.0254234754546817  
3.94  0.031619726050961756  0.4681670421799047  0.4744690505914657  0.02542682916632456  
3.96  0.03158136414472522  0.4681892275215074  0.47447998914880996  0.025429797989943378  
3.98  0.03154508496511484  0.46821059373496077  0.4744900951680721  0.02543233527527721  
4.0  0.03151090620814047  0.46823115130518916  0.47449938019081517  0.025434401295889347  
4.0200000000000005  0.031478832705309524  0.46825091332594376  0.47450785872225315  0.025435963621163377  
4.04  0.03144885606529747  0.4682698955591915  0.4745155482516024  0.02543699739463088  
4.0600000000000005  0.03142095452761691  0.46828811643867124  0.47452246921307334  0.025437485515455608  
4.08  0.031395093022245774  0.46830559702106817  0.47452864489199337  0.025437418721196925  
4.1  0.03137122342676904  0.4683223608888141  0.4745341012810551  0.025436795571299915  
4.12  0.03134928501037649  0.46833843400897696  0.474538866892102  0.025435622332099266  
4.14  0.03132920505207105  0.4683538445530286  0.4745429725291729  0.025433912765452378  
4.16  0.03131089961868001  0.4683686226825903  0.4745464510287304  0.025431687824418483  
4.18  0.03129427448674733  0.4683828003063721  0.47454933697311114  0.025428975260654095  
4.2  0.03127922619112124  0.4683964108136259  0.4745516663831604  0.025425809149377445  
4.22  0.03126564318205524  0.46840948878943506  0.47455347639604273  0.025422229338851136  
4.24  0.031253407071891504  0.46842206971706307  0.4745548049339348  0.02541828083233876  
4.26  0.031242393951927103  0.4684341896724415  0.47455569036911394  0.025414013111352995  
4.28  0.031232475759837782  0.468445885015655  0.47455617119063004  0.025409479409772867  
4.3  0.03122352167806596  0.4684571920840478  0.4745562856773738  0.02540473594901405  
4.32  0.031215399543849925  0.46846814689119454  0.4745560715819633  0.02539984114488293  
4.34  0.031207977252077898  0.4684787848356954  0.474555565829369  0.0253948547970591  
4.36  0.031201124132864067  0.4684891404233452  0.47455480423378893  0.02538983727228467  
4.38  0.03119471228665785  0.4684992470057829  0.4745538212367325  0.02538484869231656  
4.4  0.031188617860801834  0.4685091365383949  0.4745526496688104  0.025379948137524613  
4.42  0.03118272225270456  0.4685188393597429  0.4745513205372215  0.02537519287668722  
4.44  0.03117691322619537  0.4685283839943882  0.47454986284040623  0.025370637633036507  
4.46  0.03117108592914868  0.46853779698058434  0.4745483034109191  0.02536633389600588  
4.48  0.031165143802070916  0.4685471027238889  0.47454666678706925  0.0253623292873574  
4.5  0.031158999369034514  0.46855632337731845  0.47454497511346605  0.02535866698951348  
4.5200000000000005  0.031152574904081267  0.46856547874838494  0.47454324807023496  0.025355385242936578  
4.54  0.031145802967974673  0.4685745862328963  0.4745415028302647  0.02535251691834533  
4.5600000000000005  0.03113862681195767  0.4685836607752068  0.474539754043576  0.02535008916842884  
4.58  0.03113100064692178  0.46859271485418735  0.4745380138475673  0.025348123162533636  
4.6000000000000005  0.031122889778115226  0.46860175849402996  0.4745362919016972  0.025346633906599275  
4.62  0.03111427060717395  0.4686107992986952  0.474534595444914  0.02534563014936447  
4.64  0.031105130504852415  0.4686198425086628  0.4745329293740598  0.02534511437466522  
4.66  0.031095467559325927  0.4686288910784369  0.4745312963412031  0.025345082878424675  
4.68  0.03108529020632763  0.4686379457731591  0.47452969686798563  0.025345525927769785  
4.7  0.031074616748654513  0.46864700528252545  0.4745281294748043  0.025346427998607788  
4.72  0.031063474773719464  0.46865606635017804  0.4745265908227555  0.025347768086948986  
4.74  0.031051900478819915  0.46866512391661264  0.47452507586624215  0.02534952008831718  
4.76  0.031039937914651893  0.4686741712737146  0.4745235780141729  0.02535165323873191  
4.78  0.031027638158279008  0.46868320022892057  0.47452208929773676  0.02535413261000709  
4.8  0.03101505842731127  0.46869220127710887  0.4745206005427827  0.025356919651495762  
4.82  0.031002261147418046  0.4687011637783179  0.47451910154500754  0.025359972769891343  
4.84  0.030989312985513568  0.46871007613942556  0.4745175812461353  0.02536324793835708  
4.86  0.030976283861018004  0.46871892599804055  0.47451602790950653  0.025366699325986414  
4.88  0.03096324594750901  0.4687277004068591  0.47451442929351134  0.02537027993851738  
4.9  0.030950272676843565  0.46873638601686457  0.47451277282150706  0.025373942261233153  
4.92  0.030937437757468263  0.468744969257819  0.4745110457469591  0.025377638895150042  
4.94  0.03092481421813814  0.4687534365145933  0.4745092353126889  0.025381323177868526  
4.96  0.03091247348764614  0.4687617742979114  0.4745073289031696  0.025384949780861185  
4.98  0.030900484520440957  0.4687699694082829  0.47450531418906505  0.025388475275487325  
5.0  0.030888912977187342  0.46877800909193273  0.4745031792631631  0.025391858660624614  
5.0200000000000005  0.030877820468402123  0.4687858811876202  0.4745009127671044  0.02539506184550753  
5.04  0.030867263868324103  0.46879357426344787  0.4744985040083472  0.025398050082135696  
5.0600000000000005  0.030857294705123786  0.4688010777427331  0.47449594306687254  0.02540079234244471  
5.08  0.030847958632475005  0.46880838201828684  0.4744932208913285  0.02540326163632272  
5.1000000000000005  0.030839294986393605  0.4688154785543898  0.47449032938428903  0.025405435267471663  
5.12  0.03083133643011432  0.46882235997599087  0.4744872614764774  0.025407295025051485  
5.14  0.030824108688653363  0.4688290201447326  0.47448401118978384  0.02540882731000575  
5.16  0.030817630373573938  0.46883545422145484  0.4744805736890619  0.02541002319589191  
5.18  0.030811912897395557  0.46884165871502864  0.4744769453226778  0.025410878424979813  
5.2  0.03080696047602454  0.46884763151741093  0.4744731236518983  0.025411393341259105  
5.22  0.03080277021658897  0.4688533719249427  0.47446910746921833  0.02541157276284372  
5.24  0.03079933228711888  0.4688588806459978  0.4744648968058069  0.02541142579705377  
5.26  0.030796630163647108  0.4688641597952077  0.47446049292827247  0.02541096560217278  
5.28  0.0307946409495184  0.4688692128745532  0.4744558983250133  0.025410209100541065  
5.3  0.030793335761013348  0.46887404474171174  0.47445111668241124  0.02540917664822453  
5.32  0.030792680172822405  0.46887866156608954  0.47444615285116803  0.025407891667041403  
5.34  0.03079263471645034  0.4688830707729815  0.47444101280294676  0.02540638024517657  
5.36  0.030793155424251824  0.46888728097637594  0.4744357035776414  0.025404670712918444  
5.38  0.03079419441137447  0.4688913019011524  0.4744302332217155  0.025402793200027377  
5.4  0.030795700487445225  0.46889514429571516  0.47442461071846387  0.02540077918099883  
5.42  0.030797619789641247  0.46889881983622483  0.47441884591120187  0.02539866101442371  
5.44  0.030799896428919973  0.4689023410235034  0.47441294942017337  0.025396471482817456  
5.46  0.030802473141463817  0.4689057210735303  0.47440693255372524  0.025394243339387584  
5.48  0.030805291937630475  0.4689089738024211  0.47440080721432315  0.02539200886798738  
5.5  0.030808294740942193  0.4689121135068954  0.47439458580000904  0.025389799462091647  
5.5200000000000005  0.03081142400996105  0.4689151548413037  0.47438828110208286  0.025387645228139414  
5.54  0.030814623336299023  0.4689181126923584  0.47438190619976656  0.02538557461806293  
5.5600000000000005  0.030817838012497344  0.46892100205270626  0.47437547435274763  0.025383614095246015  
5.58  0.030821015564057343  0.46892383789452563  0.4743689988924518  0.025381787837570523  
5.6000000000000005  0.03082410624050933  0.4689266350443323  0.47436249311300477  0.0253801174805667  
5.62  0.030827063461048916  0.4689294080601591  0.4743559701628136  0.025378621903035147  
5.64  0.030829844210951602  0.46893217111221197  0.4743494429376832  0.025377317056836306  
5.66  0.030832409385673724  0.4689349378681752  0.47434292397646716  0.02537621584187875  
5.68  0.03083472408026617  0.4689377213841782  0.4743364253601809  0.0253753280266533  
5.7  0.03083675782245084  0.46894053400247615  0.4743299586155155  0.025374660214028885  
5.72  0.030838484748425276  0.4689433872567548  0.4743235346236501  0.025374215851380652  
5.74  0.03083988372116843  0.4689462917859699  0.4743171635352468  0.0253739952835352  
5.76  0.03084093839170924  0.4689492572574809  0.47431085469244216  0.025373995846458944  
5.78  0.030841637204472312  0.4689522923001853  0.47430461655861295  0.02537421199910382  
5.8  0.030841973348449455  0.4689554044482638  0.4742984566565979  0.025374635490377783  
5.82  0.0308419446565172  0.4689586000959858  0.47429238151601016  0.025375255557797186  
5.84  0.030841553455766234  0.4689618844639981  0.4742863966301943  0.025376059154053547  
5.86  0.030840806372185108  0.4689652615772924  0.47428050642322556  0.025377031197447837  
5.88  0.03083971409347798  0.46896873425503854  0.4742747142273307  0.02537815484194069  
5.9  0.030838291094154306  0.46897230411225904  0.47426902227097156  0.025379411762433447  
5.92  0.030836555327344622  0.4689759715732414  0.47426343167765317  0.025380782450818828  
5.94  0.03083452788803624  0.46897973589643027  0.47425794247556624  0.025382246518337828  
5.96  0.030832232652599906  0.4689835952104768  0.47425255361785484  0.025383782999836766  
5.98  0.030829695899597602  0.46898754656091907  0.4742472630133443  0.025385370655643565  
6.0  0.03082694591690992  0.46899158596694607  0.4742420675673821  0.025386988266945514  
6.0200000000000005  0.030824012600210504  0.4689957084875042  0.47423696323230885  0.025388614920799933  
6.04  0.03082092704774577  0.46899990829600624  0.47423194506701405  0.025390230281172023  
6.0600000000000005  0.030817721156245852  0.46900417876271705  0.4742270073049443  0.02539181484271527  
6.08  0.03081442722261948  0.4690085125438712  0.4742221434297074  0.025393350164375734  
6.1000000000000005  0.03081107755584319  0.4690129016765151  0.47421734625755646  0.02539481908027059  
6.12  0.030807704103189927  0.4690173376779511  0.4742126080256909  0.025396205885710572  
6.140000000000001  0.030804338094619115  0.4690218116487074  0.4742079204854849  0.025397496496662626  
6.16  0.030801009708801893  0.46902631437784614  0.4742032749995308  0.02539867858136784  
6.18  0.030797747763875775  0.46903083644948146  0.4741986626414618  0.025399741663285173  
6.2  0.030794579435615428  0.4690353683492899  0.47419407429737337  0.025400677194951957  
6.22  0.030791530005291237  0.4690399005699039  0.4741895007677683  0.02540147860278213  
6.24  0.03078862263904263  0.46904442371405364  0.4741849328688637  0.025402141303232074  
6.26  0.03078587820016717  0.46904892859434055  0.4741803615321409  0.025402662691147954  
6.28  0.030783315095269805  0.4690534063286281  0.4741757779010494  0.02540304210147438  
6.3  0.030780949154791168  0.4690578484300825  0.47417117342382525  0.025403280745834974  
6.32  0.030778793548001986  0.46906224689094395  0.47416653994139946  0.0254033816257953  
6.34  0.03077685873214018  0.46906659425922625  0.47416186976949337  0.025403349424880456  
6.36  0.030775152434974005  0.4690708837076241  0.4741571557740171  0.025403190381638067  
6.38  0.030773679669701414  0.46907510909399913  0.47415239143903287  0.025402912146229032  
6.4  0.03077244278076008  0.46907926501293945  0.4741475709265841  0.025402523623155777  
6.42  0.03077144151880331  0.46908334683798114  0.474142689127837  0.025402034802845298  
6.44  0.030770673142819453  0.46908735075423025  0.4741377417050827  0.025401456584850872  
6.46  0.030770132547128827  0.4690912737811784  0.4741327251242544  0.02540080059545701  
6.48  0.03076981241077953  0.4690951137856689  0.4741276366777087  0.02540007900243704  
6.5  0.030769703366702605  0.4690988694851101  0.47412247449721806  0.025399304329651432  
6.5200000000000005  0.03076979418784404  0.46910254044107375  0.4741172375571448  0.025398489274076202  
6.54  0.030770071987404127  0.46910612704357024  0.47411192566795807  0.025397646527706548  
6.5600000000000005  0.030770522430262934  0.4691096304864037  0.4741065394603186  0.025396788606628383  
6.58  0.030771129952643972  0.4691130527340982  0.4741010803601212  0.02539592768935085  
6.6000000000000005  0.030771877987099638  0.4691163964809371  0.4740955505549352  0.02539507546628156  
6.62  0.030772749189943337  0.46911966510282627  0.47408995295240663  0.025394243001996754  
6.640000000000001  0.030773725668351074  0.4691228626026634  0.474084291131278  0.02539344061170798  
6.66  0.030774789204462524  0.46912599355002643  0.4740785692857596  0.025392677753075476  
6.68  0.03077592147396279  0.469129063016037  0.4740727921640374  0.02539196293424799  
6.7  0.030777104256790536  0.46913207650423183  0.4740669650017659  0.025391303638750713  
6.72  0.030778319637813314  0.4691350398784051  0.47406109345146613  0.025390706267574087  
6.74  0.030779550195516377  0.46913795928829444  0.474055183508762  0.025390176098563238  
6.76  0.03078077917697898  0.4691408410940745  0.47404924143636606  0.025389717262954498  
6.78  0.030781990657644198  0.46914369179055065  0.4740432736868435  0.025389332738670372  
6.8  0.03078316968464195  0.469146517931958  0.47403728682503427  0.025389024359766272  
6.82  0.03078430240266195  0.4691493260582485  0.4740312874511589  0.025388792841212923  
6.84  0.030785376161636523  0.46915212262367495  0.47402528212543676  0.025388637818020122  
6.86  0.030786379605736894  0.4691549139284561  0.47401927729514604  0.02538855789754571  
6.88  0.0307873027434348  0.46915770605424734  0.47401327922491876  0.025388550723692373  
6.9  0.03078813699861891  0.46916050480408533  0.4740072939310521  0.025388613051583214  
6.92  0.030788875242983436  0.469163315647363  0.4740013271205158  0.025388740831222476  
6.94  0.030789511810124112  0.4691661436703602  0.473995384135283  0.02538892929857788  
6.96  0.030790042491977424  0.469168993532747  0.4739894699025224  0.025389173072486407  
6.98  0.030790464518424515  0.4691718694304039  0.4739835888910806  0.025389466255773246  
7.0  0.030790776521046698  0.46917477506481614  0.4739777450746815  0.025389802538983205  
7.0200000000000005  0.03079097848217196  0.46917771361917476  0.4739719419020105  0.02539017530515508  
7.04  0.030791071670473777  0.46918068774130045  0.47396618227393783  0.025390577734124654  
7.0600000000000005  0.030791058564493653  0.46918369953337075  0.4739604685279163  0.025391002904919413  
7.08  0.03079094276554413  0.46918675054833087  0.47395480242957366  0.02539144389489357  
7.1000000000000005  0.030790728901512517  0.469189841792844  0.47394918517135376  0.025391893874360538  
7.12  0.030790422523123744  0.4691929737365308  0.4739436173780356  0.025392346195603713  
7.140000000000001  0.030790029994247924  0.46919614632715967  0.473938099118888  0.02539279447527006  
7.16  0.030789558377835185  0.4691993590114233  0.47393262992603646  0.025393232669298355  
7.18  0.03078901531904271  0.46920261076084463  0.47392720881870387  0.025393655139671074  
7.2  0.030788408927081203  0.46920590010235647  0.473921834332794  0.025394056712433617  
7.22  0.030787747657253343  0.46920922515298313  0.47391650455530837  0.025394432726571964  
7.24  0.030787040194590304  0.46921258365808466  0.4739112171630044  0.025394779073489936  
7.26  0.03078629534040131  0.469215973032558  0.47390596946468055  0.0253950922269738  
7.28  0.030785521902963586  0.46921939040440447  0.4739007584464499  0.025395369263671135  
7.3  0.030784728593464126  0.46922283266003884  0.4738955808193342  0.025395607874244573  
7.32  0.030783923928195595  0.46922629649070985  0.47389043306853723  0.025395806365492372  
7.34  0.030783116137881057  0.4692297784394542  0.4738853115036646  0.025395963653833564  
7.36  0.030782313084877628  0.46923327494795264  0.4738802123093046  0.02539607925066653  
7.38  0.030781522188873447  0.46923678240274397  0.4738751315952693  0.02539615324020105  
7.4  0.03078075036156495  0.46924029718025273  0.4738700654459119  0.025396186250436537  
7.42  0.030780003950661165  0.4692438156900927  0.47386500996790937  0.02539617941803593  
7.44  0.030779288693439138  0.4692473344162181  0.47385996133600267  0.02539613434788011  
7.46  0.030778609679942753  0.46925084995547794  0.4738549158361498  0.025396053068141283  
7.48  0.03077797132579189  0.46925435905318647  0.4738498699056765  0.025395937981725562  
7.5  0.030777377354459682  0.46925785863542413  0.47384482017000856  0.025395791814949248  
7.5200000000000005  0.030776830788759837  0.46926134583776136  0.47383976347566426  0.02539561756430939  
7.54  0.03077633395119062  0.4692648180302146  0.47383469691922375  0.025395418442196015  
7.5600000000000005  0.030775888472685732  0.4692682728382819  0.4738296178720515  0.025395197822359526  
7.58  0.030775495309244824  0.46927170815992814  0.47382452400064773  0.025394959185915826  
7.6000000000000005  0.03077515476584527  0.4692751221785278  0.4738194132825217  0.025394706068624873  
7.62  0.030774866526971863  0.4692785133717037  0.473814284017539  0.025394442010115263  
7.640000000000001  0.030774629693061294  0.4692818805161893  0.47380913483483544  0.025394170505670888  
7.66  0.030774442822110865  0.4692852226887938  0.4738039646953191  0.025393894961130106  
7.68  0.03077430397568054  0.46928853926362024  0.47379877288995625  0.02539361865136908  
7.7  0.030774210768501422  0.4692918299057378  0.47379355903399933  0.02539334468276099  
7.72  0.030774160420895723  0.4692950945615584  0.4737883230574267  0.02539307595994392  
7.74  0.030774149813220977  0.46929833344617344  0.47378306519183777  0.025392815157125513  
7.76  0.030774175541566633  0.4693015470279322  0.47377778595415937  0.025392564694097054  
7.78  0.03077423397395237  0.4693047360106005  0.473772486127458  0.025392326717039764  
7.8  0.03077432130631052  0.46930790131343864  0.47376716673927716  0.025392103084138414  
7.82  0.03077443361757716  0.4693110440495218  0.4737618290378461  0.02539189535594633  
7.84  0.030774566923255108  0.46931416550268257  0.4737564744665909  0.02539170479037917  
7.86  0.0307747172268737  0.4693172671034219  0.4737511046372954  0.02539153234215865  
7.88  0.030774880568815607  0.46932035040416203  0.4737457213023944  0.025391378666467616  
7.9  0.030775053072049665  0.4693234170541518  0.4737403263267222  0.02539124412653886  
7.92  0.030775230984365118  0.46932646877440787  0.4737349216591751  0.025391128804844783  
7.94  0.03077541071677109  0.46932950733298123  0.4737295093045852  0.02539103251754185  
7.96  0.030775588877789514  0.4693325345208636  0.4737240912962417  0.02539095483177474  
7.98  0.030775762303433863  0.46933555212882  0.47371866966930676  0.025390895085442136  
8.0  0.03077592808273244  0.4693385619253797  0.4737132464355067  0.02539085240900571  
8.02  0.030776083578717216  0.4693415656362505  0.4737078235593101  0.02539082574891899  
8.040000000000001  0.030776226444861814  0.46934456492530635  0.4737024029358761  0.02539081389225448  
8.06  0.03077635463700857  0.4693475613773668  0.47369698637095725  0.02539081549211618  
8.08  0.030776466420877256  0.46935055648287455  0.47369157556292324  0.02539082909343287  
8.1  0.030776560375305212  0.46935355162456294  0.47368617208707053  0.025390853158750788  
8.120000000000001  0.030776635391406446  0.46935654806623867  0.4736807773822644  0.025390886093660407  
8.14  0.030776690667883903  0.4693595469436554  0.4736753927400394  0.025390926271524596  
8.16  0.030776725702762082  0.46936254925754106  0.4736700192961196  0.02539097205720208  
8.18  0.030776740281841873  0.4693655558687348  0.4736646580243948  0.025391021829494063  
8.2  0.030776734464198846  0.46936856749539313  0.47365930973330095  0.025391074002076634  
8.22  0.03077670856507333  0.46937158471218154  0.47365397506449886  0.02539112704271645  
8.24  0.030776663136508495  0.4693746079514038  0.47364865449382804  0.025391179490603225  
8.26  0.030776598946105498  0.46937763750588074  0.47364334833432054  0.025391229971675127  
8.28  0.030776516954268328  0.46938067353350627  0.47363805674118875  0.02539127721184392  
8.3  0.030776418290311535  0.46938371606331875  0.473632779718602  0.0253913200480651  
8.32  0.030776304227791703  0.469386765002877  0.4736275171280602  0.025391357437232635  
8.34  0.030776176159424417  0.46938982014684544  0.47362226869817764  0.025391388462911866  
8.36  0.03077603557192455  0.46939288118654365  0.47361703403568084  0.025391412339948946  
8.38  0.03077588402109729  0.46939594772034066  0.4736118126373772  0.025391428417031896  
8.4  0.030775723107479218  0.46939901926462474  0.47360660390292514  0.02539143617729385  
8.42  0.030775554452816465  0.4694020952652607  0.473601407148152  0.025391435237077525  
8.44  0.030775379677627293  0.46940517510927593  0.47359622161872383  0.025391425342998392  
8.46  0.0307752003800808  0.46940825813665615  0.4735910465039796  0.02539140636745285  
8.48  0.030775018116386672  0.469411343652045  0.47358588095070914  0.025391378302738198  
8.5  0.03077483438286562  0.4694144309362317  0.4735807240766934  0.02539134125395761  
8.52  0.030774650599837177  0.4694175192572415  0.4735755749838534  0.02539129543088256  
8.540000000000001  0.03077446809742914  0.4694206078809386  0.47357043277084104  0.025391241138961154  
8.56  0.030774288103386963  0.46942369608098683  0.47356529654491664  0.025391178769645712  
8.58  0.03077411173293134  0.46942678314811087  0.4735601654330232  0.025391108790221883  
8.6  0.030773939980675062  0.4694298683985232  0.4735550385919159  0.025391031733308922  
8.620000000000001  0.030773773714596202  0.4694329511814903  0.4735499152172872  0.0253909481861977  
8.64  0.030773613672028976  0.4694360308859599  0.47354479455182447  0.0253908587801794  
8.66  0.030773460457610646  0.4694391069462242  0.4735396758921174  0.025390764180012876  
8.68  0.030773314543107874  0.4694421788465908  0.4735345585944271  0.025390665073658784  
8.700000000000001  0.030773176269016104  0.4694452461250597  0.47352944207927566  0.025390562162398853  
8.72  0.030773045847816424  0.4694483083760223  0.4735243258348952  0.025390456151448425  
8.74  0.030772923368754933  0.4694513652519854  0.4735192094195106  0.02539034774114567  
8.76  0.030772808803999137  0.46945441646437697  0.4735140924625386  0.02539023761879626  
8.78  0.030772702016014078  0.4694574617834535  0.4735089746647365  0.025390126451229827  
8.8  0.03077260276599682  0.4694605010374004  0.47350385579735993  0.02539001487811687  
8.82  0.0307725107231981  0.469463534110659  0.47349873570039036  0.025389903506070333  
8.84  0.030772425474964133  0.4694665609415586  0.4734936142799677  0.02538979290355705  
8.86  0.030772346537323077  0.4694695815193459  0.4734884915050367  0.025389683596616214  
8.88  0.030772273365949985  0.4694725958806776  0.47348336740337743  0.025389576065383897  
8.9  0.03077220536734488  0.4694756041056588  0.47347824205705796  0.0253894707414015  
8.92  0.030772141910063677  0.46947860631353366  0.47347311559746885  0.02538936800568247  
8.94  0.030772082335850194  0.46948160265809175  0.47346798819997654  0.02538926818750696  
8.96  0.03077202597053067  0.4694845933228791  0.47346286007833677  0.025389171563893736  
8.98  0.030771972134532713  0.4694875785163181  0.4734577314789678  0.02538907835971079  
9.0  0.030771920152914616  0.46949055846677434  0.47345260267513206  0.025388988748366672  
9.02  0.030771869364794216  0.4694935334176934  0.47344747396118536  0.02538890285303042  
9.040000000000001  0.030771819132082316  0.4694965036228302  0.47344234564689003  0.025388820748324114  
9.06  0.030771768847443846  0.4694994693416761  0.47343721805194955  0.025388742462425402  
9.08  0.03077171794141652  0.46950243083509235  0.4734320915007763  0.025388667979530256  
9.1  0.030771665888637532  0.4695053883612675  0.4734269663175662  0.025388597242610764  
9.120000000000001  0.03077161221313833  0.469508342171955  0.47342184282174815  0.02538853015641694  
9.14  0.030771556492687455  0.46951129250911844  0.47341672132382917  0.02538846659067062  
9.16  0.030771498362164047  0.4695142396019219  0.47341160212167765  0.025388406383398152  
9.18  0.030771437515973322  0.46951718366416106  0.4734064854972582  0.02538834934435851  
9.200000000000001  0.030771373709511555  0.4695201248920879  0.4734013717138568  0.025388295258521393  
9.22  0.03077130675971222  0.4695230634626821  0.47339626101378907  0.02538824388956075  
9.24  0.03077123654470699  0.4695259995323388  0.4733911536165763  0.0253881949833209  
9.26  0.03077116300265097  0.46952893323596623  0.47338604971761616  0.025388148271232654  
9.28  0.030771086129765705  0.4695318646864817  0.47338094948729176  0.025388103473648838  
9.3  0.030771005977663638  0.46953479397470266  0.4733758530705481  0.025388060303072967  
9.32  0.030770922650023867  0.46953772116958736  0.4733707605868629  0.025388018467270925  
9.34  0.030770836298690925  0.4695406463188006  0.4733656721306062  0.025387977672237307  
9.36  0.030770747119279275  0.4695435694495991  0.4733605877717454  0.025387937625016066  
9.38  0.03077065534635949  0.4695464905699574  0.47335550755687206  0.025387898036353072  
9.4  0.030770561248313615  0.46954940966994385  0.47335043151048845  0.025387858623186106  
9.42  0.030770465121940066  0.4695523267232756  0.4733453596365336  0.025387819110955383  
9.44  0.030770367286890983  0.469555241689042  0.4733402919200925  0.025387779235735874  
9.46  0.03077026808002547  0.46955815451353455  0.4733352283292601  0.025387738746191574  
9.48  0.03077016784975376  0.4695610651321698  0.4733301688171036  0.02538769740534482  
9.5  0.030770066950453787  0.4695639734714495  0.4733251133237066  0.025387654992166046  
9.52  0.030769965737023473  0.4695668794509332  0.47332006177822517  0.02538761130298058  
9.540000000000001  0.03076986455964219  0.4695697829852022  0.4733150141009405  0.025387566152696064  
9.56  0.03076976375879878  0.46957268398574903  0.473309970205293  0.02538751937584814  
9.58  0.030769663660642006  0.46957558236281427  0.47330492999983487  0.025387470827470896  
9.6  0.030769564572702125  0.4695784780271138  0.4732998933900854  0.0253874203837869  
9.620000000000001  0.03076946678002484  0.4695813708914311  0.4732948602802714  0.02538736794272564  
9.64  0.03076937054175514  0.4695842608720979  0.47328983057494844  0.025387313424263112  
9.66  0.03076927608819487  0.4695871478902878  0.4732848041804538  0.025387256770593385  
9.68  0.030769183618358127  0.46959003187317855  0.473279781006219  0.025387197946124  
9.700000000000001  0.030769093298035316  0.4695929127549084  0.47327476096588694  0.025387136937304298  
9.72  0.030769005258376777  0.46959579047738925  0.473269743978289  0.025387073752287173  
9.74  0.030768919594989248  0.46959866499091896  0.4732647299682188  0.025387008420420826  
9.76  0.030768836367545675  0.4696015362546199  0.47325971886704826  0.025386940991583628  
9.78  0.03076875559989002  0.46960440423672273  0.4732547106131848  0.025386871535357233  
9.8  0.030768677280621194  0.46960726891465465  0.47324970515235665  0.025386800140047114  
9.82  0.030768601364131662  0.46961013027500736  0.47324470243774913  0.02538672691155367  
9.84  0.030768527772070443  0.46961298831332693  0.47323970243000746  0.025386651972105587  
9.86  0.03076845639520028  0.46961584303379056  0.47323470509711246  0.0253865754588549  
9.88  0.030768387095609393  0.4696186944487545  0.4732297104141414  0.02538649752235381  
9.9  0.030768319709239017  0.4696215425781936  0.47322471836293334  0.025386418324915224  
9.92  0.030768254048685037  0.46962438744906726  0.4732197289316748  0.025386338038874096  
9.94  0.03076818990622679  0.4696272290945928  0.4732147421144074  0.025386256844763023  
9.96  0.030768127057039626  0.4696300675534634  0.4732097579105054  0.025386174929415185  
9.98  0.0307680652625428  0.469632902869031  0.4732047763240761  0.025386092484011698  
10.0  0.03076800427383862  0.46963573508845435  0.47319979736338275  0.025386009702092614  
10.02  0.030767943835192213  0.4696385642618385  0.47319482104022603  0.02538592677754863  
10.040000000000001  0.03076788368751141  0.4696413904413649  0.47318984736933084  0.025385843902613132  
10.06  0.03076782357177948  0.4696442136804542  0.4731848763677681  0.025385761265874655  
10.08  0.030767763232398687  0.4696470340329283  0.4731799080543484  0.025385679050330213  
10.1  0.030767702420410013  0.4696498515522347  0.4731749424491078  0.025385597431501927  
10.120000000000001  0.030767640896542534  0.4696526662906917  0.47316997957278195  0.025385516575633694  
10.14  0.030767578434072258  0.4696554782988095  0.4731650194463513  0.02538543663799165  
10.16  0.03076751482144591  0.46965828762465794  0.47316006209060385  0.02538535776128677  
10.18  0.030767449864655114  0.46966109431329994  0.4731551075257784  0.02538528007423807  
10.200000000000001  0.030767383389330587  0.46966389840630285  0.47315015577124314  0.025385203690290816  
10.22  0.03076731524254122  0.4696666999413127  0.47314520684521544  0.02538512870651138  
10.24  0.030767245294283773  0.46966949895171145  0.47314026076454585  0.02538505520266587  
10.26  0.030767173438651197  0.46967229546633504  0.47313531754455396  0.025384983240500175  
10.28  0.030767099594674625  0.4696750895092829  0.4731303771988849  0.025384912863225445  
10.3  0.030767023706837336  0.4696778810997806  0.4731254397394282  0.025384844095221112  
10.32  0.030766945745262297  0.46968067025212484  0.4731205051762743  0.02538477694195461  
10.34  0.03076686570557938  0.46968345697568914  0.47311557351769473  0.025384711390123813  
10.36  0.030766783608481944  0.46968624127498426  0.473110644770158  0.025384647408019833  
10.38  0.03076669949898651  0.4696890231497898  0.47310571893838144  0.025384584946103798  
10.4  0.03076661344541111  0.4696918025953228  0.4731007960253653  0.025384523937793998  
10.42  0.030766525538091834  0.46969457960246497  0.47309587603249087  0.025384464300451944  
10.44  0.030766435887861633  0.469697354158021  0.4730909589596048  0.025384405936556366  
10.46  0.03076634462431089  0.46970012624501994  0.47308604480510946  0.025384348735048842  
10.48  0.030766251893862468  0.4697028958430325  0.47308113356606013  0.0253842925728344  
10.5  0.030766157857684277  0.4697056629285305  0.47307622523827036  0.025384237316420394  
10.52  0.03076606268946891  0.4697084274752518  0.4730713198164094  0.025384182823668246  
10.540000000000001  0.030765966573113597  0.46971118945458135  0.4730664172940968  0.025384128945639597  
10.56  0.030765869700326656  0.4697139488359444  0.47306151766398535  0.02538407552851054  
10.58  0.03076577226819379  0.4697167055871879  0.4730566209178555  0.025384022415529166  
10.6  0.030765674476734034  0.46971945967499024  0.4730517270466893  0.02538396944899405  
10.620000000000001  0.03076557652647361  0.4697222110652344  0.47304683604072884  0.025383916472222483  
10.64  0.03076547861606625  0.46972495972338674  0.4730419478895527  0.025383863331489214  
10.66  0.030765380939990497  0.46972770561486865  0.47303706258212463  0.025383809877906574  
10.68  0.03076528368634577  0.46973044870541014  0.4730321801068524  0.025383755969224698  
10.700000000000001  0.03076518703477349  0.4697331889613779  0.47302730045163316  0.025383701471524564  
10.72  0.030765091154524946  0.4697359263501018  0.4730224236038959  0.025383646260789962  
10.74  0.03076499620269312  0.46973866084015803  0.4730175495506565  0.025383590224330118  
10.76  0.030764902322630825  0.4697413924016561  0.4730126782785609  0.02538353326204309  
10.78  0.030764809642564023  0.46974412100647783  0.47300780977393436  0.025383475287499218  
10.8  0.03076471827441444  0.46974684662851  0.47300294402283555  0.025383416228834638  
10.82  0.03076462831284382  0.4697495692438518  0.4729980810111232  0.025383356029448  
10.84  0.03076453983451886  0.46975228883098546  0.4729932207245174  0.025383294648484035  
10.86  0.030764452897607528  0.46975500537093684  0.47298836314867865  0.025383232061111347  
10.88  0.030764367541502732  0.46975771884739825  0.47298350826929403  0.025383168258584218  
10.9  0.030764283786772886  0.46976042924683487  0.4729786560721573  0.025383103248094376  
10.92  0.030764201635336  0.46976313655857266  0.4729738065432891  0.025383037052417304  
10.94  0.030764121070845692  0.4697658407748376  0.47296895966902713  0.02538296970935744  
10.96  0.030764042059285804  0.46976854189081185  0.47296411543616085  0.02538290127100664  
10.98  0.030763964549754393  0.4697712399046182  0.47295927383203723  0.025382831802824135  
11.0  0.030763888475430726  0.4697739348173265  0.47295443484470095  0.025382761382555477  
11.02  0.030763813754703512  0.46977662663290753  0.4729495984630243  0.0253826900990078  
11.040000000000001  0.03076374029244626  0.4697793153581865  0.47294476467682944  0.025382618050695645  
11.06  0.030763667981422108  0.46978200100276113  0.4729399334770323  0.025382545344384732  
11.08  0.03076359670379325  0.4697846835789  0.47293510485575985  0.025382472093546327  
11.1  0.03076352633272271  0.46978736310144054  0.47293027880647986  0.025382398416753514  
11.120000000000001  0.03076345673403948  0.46979003958764376  0.47292545532411184  0.02538232443603224  
11.14  0.030763387767950692  0.4697927130570527  0.47292063440512266  0.025382250275201388  
11.16  0.030763319290778027  0.46979538353131345  0.4729158160476181  0.025382176058213867  
11.18  0.03076325115669754  0.4697980510340002  0.47291100025141697  0.025382101907527023  
11.200000000000001  0.030763183219460862  0.46980071559042214  0.47290618701810816  0.025382027942524428  
11.22  0.030763115334080587  0.469803377227403  0.47290137635107343  0.02538195427800663  
11.24  0.03076304735845925  0.4698060359730686  0.47289656825550225  0.025381881022771866  
11.26  0.030762979154943575  0.4698086918566128  0.4728917627383902  0.02538180827830454  
11.28  0.030762910591788754  0.46981134490805915  0.47288695980849027  0.025381736137586347  
11.3  0.030762841544517125  0.4698139951580092  0.47288215947625545  0.025381664684045437  
11.32  0.03076277189715906  0.46981664263740336  0.4728773617537525  0.02538159399065454  
11.34  0.030762701543361512  0.4698192873772527  0.4728725666545558  0.025381524119185574  
11.36  0.030762630387358037  0.4698219294083908  0.47286777419360065  0.025381455119632006  
11.38  0.03076255834479058  0.46982456876121964  0.47286298438703306  0.025381387029800175  
11.4  0.030762485343376562  0.469827205465461  0.47285819725202616  0.025381319875073804  
11.42  0.03076241132341906  0.46982983954990337  0.47285341280658283  0.025381253668347394  
11.44  0.030762336238157183  0.46983247104216763  0.4728486310693155  0.025381188410132552  
11.46  0.030762260053957092  0.4698350999684888  0.47284385205921275  0.02538112408882738  
11.48  0.030762182750344105  0.469837726353481  0.47283907579540485  0.025381060681141397  
11.5  0.030762104319883264  0.4698403502199576  0.4728343022969055  0.025380998152669917  
11.52  0.030762024767909502  0.46984297158872673  0.4728295315823551  0.0253809364586035  
11.540000000000001  0.030761944112118036  0.46984559047843594  0.47282476366976384  0.02538087554456486  
11.56  0.030761862382022144  0.4698482069054241  0.4728199985762645  0.02538081534754965  
11.58  0.03076177961828727  0.46985082088359115  0.4728152363178537  0.025380755796967115  
11.6  0.03076169587195564  0.4698534324243062  0.4728104769091676  0.02538069681575458  
11.620000000000001  0.03076161120357082  0.4698560415363158  0.47280572036324453  0.025380638321554624  
11.64  0.030761525682217038  0.46985864822570844  0.4728009666913238  0.02538058022793483  
11.66  0.030761439384484935  0.4698612524958738  0.47279621590265997  0.02538052244563184  
11.68  0.030761352393382364  0.46986385434752015  0.4727914680043653  0.02538046488380409  
11.700000000000001  0.030761264797198175  0.4698664537786811  0.4727867230012627  0.025380407451273377  
11.72  0.03076117668834101  0.4698690507847969  0.47278198089579343  0.025380350057739105  
11.74  0.03076108816216097  0.46987164535877984  0.47277724168792534  0.025380292614952955  
11.76  0.030760999315773484  0.4698742374911252  0.4727725053751224  0.025380235037830157  
11.78  0.03076091024689666  0.46987682717004564  0.4727677719523183  0.025380177245492738  
11.8  0.030760821052716932  0.4698794143816197  0.4727630414119456  0.02538011916222678  
11.82  0.03076073182879359  0.4698819991099838  0.4727583137439949  0.025380060718343967  
11.84  0.030760642668017105  0.46988458133751937  0.47275358893609337  0.025380001850939058  
11.86  0.030760553659628993  0.4698871610450708  0.4727488669736271  0.02537994250453429  
11.88  0.030760464888315787  0.4698897382121793  0.472744147839896  0.025379882631603443  
11.9  0.030760376433382034  0.46989231281732724  0.47273943151629333  0.02537982219297584  
11.92  0.03076028836801379  0.469894884838189  0.4727347179824984  0.025379761158114893  
11.94  0.0307602007586362  0.4698974542518927  0.4727300072167163  0.025379699505268603  
11.96  0.030760113664370176  0.4699000210352876  0.47272529919592143  0.025379637221500533  
11.98  0.030760027136592552  0.46990258516522215  0.4727205938961232  0.025379574302597054  
12.0  0.030759941218599218  0.4699051466187862  0.47271589129263997  0.025379510752858582  
12.02  0.030759855945377026  0.4699077053735971  0.4727111913603964  0.025379446584782053  
12.040000000000001  0.030759771343475625  0.46991026140804065  0.4727064940742006  0.02537938181863903  
12.06  0.030759687430988385  0.4699128147015106  0.4727017994090492  0.02537931648196248  
12.08  0.030759604217627984  0.46991536523464794  0.47269710734041953  0.02537925060894812  
12.1  0.03075952170490138  0.46991791298955005  0.4726924178445407  0.025379184239785312  
12.120000000000001  0.030759439886373547  0.469920457949957  0.47268773089867766  0.025379117419922038  
12.14  0.03075935874801619  0.4699230001014467  0.47268304648138637  0.025379050199285012  
12.16  0.030759278268634383  0.46992553943155807  0.47267836457275164  0.025378982631461214  
12.18  0.030759198420363235  0.4699280759299457  0.47267368515460684  0.025378914772855008  
12.200000000000001  0.030759119169224584  0.4699306095884693  0.47266900821073493  0.02537884668183149  
12.22  0.030759040475739043  0.4699331404012691  0.47266433372702155  0.025378778417863932  
12.24  0.030758962295578875  0.4699356683648132  0.472659661691604  0.025378710040690002  
12.26  0.030758884580258057  0.46993819347792726  0.4726549920949905  0.02537864160949294  
12.280000000000001  0.030758807277845863  0.4699407157417846  0.47265032493011283  0.02537857318211802  
12.3  0.030758730333695566  0.46994323515986813  0.4726456601923906  0.025378504814330915  
12.32  0.03075865369117918  0.4699457517379188  0.47264099787972647  0.025378436559131523  
12.34  0.03075857729242139  0.4699482654838489  0.4726363379924971  0.0253783684661271  
12.36  0.030758501079019215  0.4699507764076252  0.4726316805334972  0.025378300580972398  
12.38  0.030758424992743085  0.4699532845211586  0.47262702550784436  0.02537823294488764  
12.4  0.030758348976210003  0.4699557898381274  0.47262237292287157  0.025378165594247038  
12.42  0.030758272973522155  0.4699582923738313  0.47261772278799136  0.02537809856025448  
12.44  0.030758196930863718  0.4699607921449939  0.4726130751145167  0.0253780318686995  
12.46  0.030758120797050665  0.46996328916956537  0.4726084299154756  0.02537796553979557  
12.48  0.03075804452403  0.4699657834665139  0.47260378720539636  0.0253778995881024  
12.5  0.030757968067320368  0.46996827505560634  0.4725991470000889  0.025377834022529522  
12.52  0.030757891386395723  0.46997076395718956  0.4725945093163902  0.025377768846416404  
12.540000000000001  0.030757814445005995  0.4699732501919669  0.4725898741719264  0.025377704057690114  
12.56  0.030757737211434044  0.46997573378076585  0.47258524158485427  0.02537763964908873  
12.58  0.030757659658689308  0.46997821474431667  0.4725806115735829  0.025377575608451983  
12.6  0.030757581764637432  0.4699806931030418  0.47257598415653934  0.025377511919067165  
12.620000000000001  0.030757503512065174  0.46998316887684743  0.47257135935189  0.025377448560067115  
12.64  0.030757424888685762  0.4699856420849245  0.472566737177314  0.02537738550687266  
12.66  0.03075734588708364  0.46998811274555863  0.47256211764974443  0.025377322731667647  
12.68  0.030757266504602906  0.4699905808759724  0.47255750078516495  0.02537726020390403  
12.700000000000001  0.03075718674318319  0.4699930464921618  0.4725528865983794  0.02537719789082687  
12.72  0.03075710660914838  0.46999550960877146  0.4725482751028497  0.025377135758008058  
12.74  0.03075702611294659  0.4699979702389679  0.47254366631051303  0.025377073769886155  
12.76  0.030756945268856768  0.4700004283943604  0.4725390602316378  0.02537701189029998  
12.780000000000001  0.030756864094656586  0.4700028840849108  0.4725344568747129  0.025376950083013404  
12.8  0.03075678261126428  0.4700053373188942  0.4725298562463479  0.025376888312218755  
12.82  0.030756700842355378  0.47000778810286453  0.47252525835120984  0.025376826543014642  
12.84  0.03075661881396325  0.47001023644164863  0.47252066319197905  0.025376764741857245  
12.86  0.03075653655406766  0.4700126823383517  0.4725160707693421  0.02537670287697073  
12.88  0.030756454092177237  0.47001512579439814  0.472511481081995  0.02537664091872066  
12.9  0.030756371458909214  0.47001756680958506  0.4725068941266925  0.025376578839940777  
12.92  0.03075628868557554  0.47002000538214606  0.47250230989830266  0.025376516616214487  
12.94  0.030756205803776738  0.4700224415088452  0.47249772838989984  0.02537645422610573  
12.96  0.030756122845011273  0.4700248751850716  0.4724931495928636  0.025376391651339425  
12.98  0.030756039840301563  0.47002730640497453  0.4724885734970162  0.025376328876931593  
13.0  0.030755956819842247  0.47002973516157903  0.4724840000907576  0.025376265891266625  
13.02  0.030755873812674177  0.4700321614469209  0.4724794293612279  0.025376202686126673  
13.040000000000001  0.03075579084638648  0.4700345852522066  0.4724748612944781  0.025376139256670274  
13.06  0.03075570794684992  0.4700370065679593  0.47247029587565503  0.02537607560136492  
13.08  0.030755625137982096  0.47003942538417215  0.4724657330891849  0.025376011721877582  
13.1  0.030755542441548725  0.4700418416904721  0.4724611729189684  0.025375947622923074  
13.120000000000001  0.030755459876997984  0.47004425547627815  0.472456615348572  0.025375883312076467  
13.14  0.03075537746133302  0.47004666673094564  0.4724520603614307  0.025375818799553217  
13.16  0.03075529520901844  0.47004907544393193  0.4724475079410269  0.02537575409796215  
13.18  0.030755213131924215  0.4700514816049301  0.47244295807107256  0.02537568922203196  
13.200000000000001  0.030755131239301486  0.4700538852040151  0.47243841073569287  0.025375624188323596  
13.22  0.030755049537795103  0.47005628623175794  0.47243386591959474  0.025375559014925837  
13.24  0.030754968031484833  0.47005868467935386  0.4724293236082065  0.0253754937211419  
13.26  0.03075488672195909  0.47006108053873047  0.47242478378782454  0.02537542832717461  
13.280000000000001  0.030754805608413743  0.470063473802637  0.472420246445735  0.025375362853810323  
13.3  0.03075472468777805  0.47006586446470755  0.47241571157032075  0.025375297322107027  
13.32  0.030754643954860838  0.4700682525195488  0.472411179151146  0.025375231753095414  
13.34  0.030754563402519353  0.47007063796278165  0.4724066491790318  0.025375166167487  
13.36  0.030754483021841278  0.4700730207910756  0.47240212164610756  0.025375100585406322  
13.38  0.03075440280234185  0.4700754010021752  0.47239759654584124  0.025375035026137208  
13.4  0.030754322732170852  0.47007777859490263  0.4723930738730566  0.02537496950789402  
13.42  0.030754242798327246  0.47008015356915595  0.47238855362392795  0.02537490404761834  
13.44  0.03075416298687778  0.47008252592588284  0.4723840357959564  0.02537483866080026  
13.46  0.030754083283176567  0.47008489566705425  0.47237952038793507  0.02537477336132892  
13.48  0.03075400367208328  0.4700872627956174  0.4723750073998953  0.02537470816137238  
13.5  0.0307539241381769  0.4700896273154446  0.4723704968330413  0.025374643071287537  
13.52  0.03075384466596207  0.47009198923126283  0.4723659886896669  0.02537457809955678  
13.540000000000001  0.030753765240068086  0.47009434854858867  0.4723614829730534  0.025374513252755207  
13.56  0.030753685845433976  0.4700967052736404  0.47235697968738694  0.025374448535547198  
13.58  0.030753606467482722  0.470099059413261  0.47235247883763537  0.02537438395070755  
13.6  0.03075352709227919  0.47010141097482144  0.47234798042942727  0.025374319499169632  
13.620000000000001  0.0307534477066743  0.4701037599661323  0.4723434844689457  0.02537425518009796  
13.64  0.030753368298428636  0.4701061063953477  0.472338990962794  0.02537419099097849  
13.66  0.03075328885632135  0.47010845027086867  0.4723344999178741  0.025374126927732592  
13.68  0.03075320937023916  0.47011079160125363  0.4723300113412597  0.025374062984845756  
13.700000000000001  0.03075312983124728  0.47011313039511665  0.4723255252400766  0.02537399915551141  
13.72  0.030753050231641262  0.47011546666105053  0.4723210416213893  0.025373935431781996  
13.74  0.030752970564981125  0.4701178004075342  0.4723165604920847  0.025373871804736405  
13.76  0.0307528908261063  0.470120131642851  0.47231208185876383  0.025373808264646632  
13.780000000000001  0.030752811011135243  0.47012246037502886  0.47230760572765107  0.02537374480115018  
13.8  0.03075273111744626  0.4701247866117544  0.47230313210449454  0.025373681403425146  
13.82  0.03075265114364644  0.47012711036033206  0.4722986609945084  0.025373618060359492  
13.84  0.030752571089522073  0.47012943162761595  0.47229419240228177  0.025373554760719612  
13.86  0.030752490955980247  0.470131750419978  0.47228972633173183  0.02537349149331001  
13.88  0.030752410744976488  0.4701340667432682  0.47228526278605665  0.02537342824712768  
13.9  0.03075233045943382  0.470136380602793  0.4722808017676997  0.025373365011502294  
13.92  0.03075225010315369  0.47013869200328906  0.47227634327833  0.025373301776229713  
13.94  0.03075216968071807  0.47014100094892414  0.472271887318825  0.02537323853168671  
13.96  0.030752089197389282  0.4701433074432836  0.4722674338892735  0.025373175268937634  
13.98  0.03075200865900416  0.47014561148938455  0.4722629829889829  0.025373111979821898  
14.0  0.03075192807186738  0.4701479130896908  0.4722585346164983  0.025373048657028555  
14.02  0.030751847442643858  0.4701502122461243  0.47225408876963343  0.025372985294153376  
14.040000000000001  0.03075176677825223  0.4701525089601076  0.47224964544551257  0.02537292188574372  
14.06  0.03075168608576015  0.4701548032325773  0.4722452046406048  0.025372858427322852  
14.08  0.03075160537228446  0.47015709506404063  0.47224076635078915  0.025372794915403812  
14.1  0.030751524644894144  0.4701593844545938  0.4722363305713951  0.025372731347486133  
14.120000000000001  0.03075144391051968  0.47016167140398407  0.4722318972972777  0.02537266772203891  
14.14  0.03075136317587179  0.4701639559116539  0.47222746652287956  0.025372604038473398  
14.16  0.030751282447362485  0.4701662379767866  0.47222303824229833  0.025372540297101318  
14.18  0.030751201731037896  0.4701685175983567  0.47221861244935365  0.02537247649908374  
14.200000000000001  0.030751121032518893  0.4701707947751835  0.4722141891376668  0.025372412646371217  
14.22  0.030751040356949123  0.470173069505973  0.472209768300715  0.02537234874163363  
14.24  0.03075095970895497  0.4701753417893778  0.4722053499319139  0.02537228478818717  
14.26  0.03075087909261101  0.4701776116240372  0.47220093402467284  0.025372220789912504  
14.280000000000001  0.030750798511417023  0.470179879008623  0.4721965205724594  0.025372156751172974  
14.3  0.03075071796828511  0.47018214394188684  0.4721921095688657  0.02537209267672759  
14.32  0.03075063746553086  0.4701844064226846  0.4721877010076542  0.025372028571643453  
14.34  0.030750557004878436  0.4701866664500268  0.47218329488280364  0.025371964441209552  
14.36  0.03075047658746978  0.4701889240231017  0.47217889118856216  0.025371900290852734  
14.38  0.030750396213882474  0.4701911791413092  0.472174489919486  0.02537183612605344  
14.4  0.03075031588415433  0.47019343180427003  0.47217009107045593  0.025371771952267128  
14.42  0.030750235597812963  0.470195682011865  0.4721656946367263  0.025371707774852214  
14.44  0.03075015535391275  0.4701979297642259  0.47216130061391703  0.025371643598998732  
14.46  0.03075007515107396  0.47020017506175865  0.47215690899804785  0.025371579429666676  
14.48  0.030749994987527136  0.47020241790513945  0.47215251978554473  0.025371515271529994  
14.5  0.03074991486116061  0.47020465829532565  0.47214813297322666  0.02537145112892809  
14.52  0.03074983476956918  0.4702068962335473  0.4721437485583173  0.02537138700582305  
14.540000000000001  0.030749754710105336  0.47020913172129547  0.47213936653842187  0.02537132290576582  
14.56  0.030749674679930054  0.47021136476031894  0.47213498691152533  0.02537125883187075  
14.58  0.030749594676064706  0.47021359535260626  0.4721306096759675  0.025371194786794855  
14.6  0.030749514695441484  0.4702158235003644  0.47212623483042354  0.025371130772726683  
14.620000000000001  0.030749434734952508  0.47021804920601173  0.4721218623738663  0.025371066791382683  
14.64  0.030749354791497062  0.47022027247215054  0.4721174923055595  0.025371002844007444  
14.66  0.03074927486202728  0.4702224933015398  0.47211312462501315  0.025370938931383702  
14.68  0.030749194943588815  0.47022471169708385  0.47210875933194707  0.025370875053844614  
14.700000000000001  0.03074911503336001  0.47022692766179636  0.47210439642627394  0.02537081121129591  
14.72  0.030749035128686705  0.4702291411987768  0.4721000359080478  0.025370747403236638  
14.74  0.03074895522711291  0.47023135231119195  0.4720956777774421  0.025370683628789817  
14.76  0.030748875326407125  0.4702335610022497  0.4720913220347071  0.025370619886731602  
14.780000000000001  0.030748795424585047  0.470235767275172  0.47208696868014777  0.02537055617552737  
14.8  0.030748715519927562  0.470237971133172  0.472082617714078  0.02537049249336744  
14.82  0.030748635610993752  0.47024017257943085  0.4720782691368104  0.025370428838202945  
14.84  0.030748555696629723  0.4702423716170902  0.4720739229486109  0.025370365207786807  
14.86  0.030748475775973276  0.470244568249219  0.47206957914968106  0.025370301599711  
14.88  0.03074839584845528  0.47024676247880004  0.4720652377401421  0.025370238011444474  
14.9  0.03074831591379495  0.47024895430872604  0.4720608987200021  0.025370174440372224  
14.92  0.030748235971993297  0.470251143741775  0.47205656208915214  0.025370110883829896  
14.94  0.03074815602332217  0.4702533307806015  0.47205222784734013  0.02537004733913999  
14.96  0.0307480760683097  0.47025551542774263  0.47204789599416924  0.02536998380364391  
14.98  0.030747996107723788  0.47025769768559406  0.4720435665290883  0.02536992027473168  
15.0  0.03074791614255307  0.4702598775564247  0.4720392394513759  0.025369856749873  
15.02  0.030747836173984883  0.47026205504235524  0.47203491476015  0.02536979322663809  
15.040000000000001  0.030747756203381618  0.4702642301453791  0.4720305924543678  0.025369729702725437  
15.06  0.030747676232256993  0.4702664028673549  0.47202627253281365  0.02536966617597785  
15.08  0.03074759626224893  0.4702685732100141  0.47202195499411714  0.02536960264440063  
15.1  0.030747516295094455  0.4702707411749644  0.47201763983675  0.025369539106175766  
15.120000000000001  0.03074743633260276  0.4702729067637048  0.47201332705904575  0.025369475559673182  
15.14  0.03074735637662843  0.47027506997762897  0.4720090166591959  0.02536941200345773  
15.16  0.030747276429045737  0.4702772308180333  0.47200470863525773  0.02536934843629623  
15.18  0.03074719649172386  0.47027938928613816  0.4720004029851838  0.02536928485715856  
15.200000000000001  0.030747116566502492  0.47028154538308364  0.4719960997068173  0.02536922126521975  
15.22  0.03074703665516898  0.4702836991099577  0.4719917987979106  0.025369157659856086  
15.24  0.030746956759437585  0.47028585046780264  0.47198750025614256  0.025369094040642515  
15.26  0.030746876880930096  0.47028799945762145  0.47198320407912275  0.025369030407345654  
15.280000000000001  0.030746797021158425  0.4702901460803978  0.47197891026441313  0.02536896675991506  
15.3  0.030746717181509387  0.47029229033710435  0.47197461880952735  0.02536890309847533  
15.32  0.030746637363231338  0.4702944322287107  0.4719703297119635  0.025368839423314343  
15.34  0.03074655756742449  0.4702965717562073  0.47196604296920436  0.02536877573487146  
15.36  0.030746477795030737  0.4702987089205952  0.4719617585787257  0.025368712033724747  
15.38  0.030746398046829514  0.4703008437229139  0.47195747653801534  0.02536864832057744  
15.4  0.030746318323432557  0.4703029761642373  0.4719531968445726  0.025368584596243582  
15.42  0.03074623862528328  0.4703051062456874  0.471948919495931  0.025368520861634925  
15.44  0.03074615895265665  0.4703072339684344  0.4719446444896511  0.025368457117744065  
15.46  0.030746079305662914  0.47030935933370716  0.471940371823337  0.0253683933656336  
15.48  0.030745999684251856  0.4703114823427954  0.4719361014946402  0.025368329606418712  
15.5  0.030745920088219345  0.4703136029970493  0.47193183350126205  0.025368265841255164  
15.52  0.030745840517216183  0.4703157212978842  0.4719275678409596  0.025368202071324772  
15.540000000000001  0.03074576097075728  0.4703178372467854  0.4719233045115437  0.025368138297824014  
15.56  0.03074568144823352  0.470319950845299  0.47191904351088865  0.025368074521950175  
15.58  0.030745601948923208  0.4703220620950276  0.4719147848369225  0.02536801074488974  
15.6  0.03074552247200658  0.4703241709976429  0.4719105284876307  0.025367946967809456  
15.620000000000001  0.03074544301657919  0.4703262775548732  0.47190627446106487  0.025367883191844545  
15.64  0.030745363581665883  0.47032838176849634  0.47190202275532583  0.025367819418090593  
15.66  0.030745284166237622  0.47033048364034347  0.4718977733685715  0.025367755647594747  
15.68  0.030745204769224287  0.47033258317229226  0.47189352629901077  0.02536769188134801  
15.700000000000001  0.03074512538953164  0.4703346803662536  0.47188928154489607  0.02536762812027918  
15.72  0.030745046026055586  0.4703367752241803  0.4718850391045327  0.025367564365248774  
15.74  0.030744966677696037  0.4703388677480403  0.4718807989762562  0.025367500617045194  
15.76  0.03074488734337242  0.470340957939839  0.4718765611584476  0.02536743687637832  
15.780000000000001  0.030744808022035153  0.4703430458015887  0.4718723256495123  0.025367373143878467  
15.8  0.030744728712679463  0.4703451313353133  0.4718680924478877  0.025367309420092778  
15.82  0.030744649414356038  0.4703472145430452  0.4718638615520365  0.025367245705484587  
15.84  0.030744570126182  0.47034929542681014  0.4718596329604364  0.025367182000430224  
15.860000000000001  0.03074449084735008  0.4703513739886349  0.47185540667158893  0.025367118305221866  
15.88  0.030744411577135904  0.4703534502305312  0.47185118268400034  0.02536705462006529  
15.9  0.03074433231490637  0.47035552415449433  0.4718469609961876  0.025366990945082026  
15.92  0.030744253060123464  0.47035759576250435  0.47184274160668027  0.025366927280310706  
15.94  0.030744173812349517  0.4703596650565206  0.4718385245139985  0.025366863625709838  
15.96  0.03074409457124946  0.4703617320384703  0.47183430971667567  0.02536679998115905  
15.98  0.030744015336592552  0.4703637967102621  0.47183009721323366  0.025366736346464466  
16.0  0.030743936108252504  0.47036585907376466  0.4718258870021948  0.025366672721361345  
16.02  0.030743856886206882  0.4703679191308231  0.4718216790820776  0.025366609105518457  
16.04  0.030743777670533684  0.4703699768832482  0.47181747345139136  0.025366545498541702  
16.06  0.030743698461408675  0.4703720323328129  0.47181327010863583  0.02536648189998074  
16.080000000000002  0.03074361925910123  0.47037408548126775  0.4718090690522992  0.02536641830933423  
16.1  0.030743540063968493  0.47037613633032244  0.47180487028086704  0.025366354726054256  
16.12  0.030743460876447883  0.4703781848816595  0.4718006737928097  0.02536629114955349  
16.14  0.030743381697052142  0.470380231136929  0.4717964795865879  0.025366227579210893  
16.16  0.03074330252635985  0.4703822750977603  0.471792287660654  0.025366164014379036  
16.18  0.030743223365007875  0.4703843167657415  0.47178809801344906  0.025366100454388706  
16.2  0.03074314421368186  0.47038635614244817  0.47178391064339714  0.025366036898557986  
16.22  0.03074306507310679  0.4703883932294274  0.47177972554892084  0.025365973346197234  
16.240000000000002  0.030742985944039045  0.4703904280282065  0.47177554272842853  0.025365909796616223  
16.26  0.03074290682725551  0.4703924605403026  0.4717713621803231  0.02536584624913153  
16.28  0.030742827723544742  0.4703944907672062  0.4717671839029921  0.02536578270307171  
16.3  0.03074274863369666  0.47039651871040117  0.4717630078948204  0.025365719157785092  
16.32  0.03074266955849428  0.4703985443713611  0.4717588341541795  0.025365655612645057  
16.34  0.030742590498704817  0.4704005677515542  0.4717546626794315  0.025365592067055565  
16.36  0.030742511455070544  0.47040258885244873  0.4717504934689418  0.025365528520458296  
16.38  0.030742432428301266  0.4704046076754936  0.47174632652105747  0.02536546497233548  
16.4  0.03074235341906714  0.4704066242221569  0.4717421618341239  0.0253654014222168  
16.42  0.030742274427991254  0.4704086384938969  0.4717379994064822  0.025365337869681606  
16.44  0.030742195455644026  0.47041065049218367  0.47173383923646095  0.025365274314363292  
16.46  0.030742116502537636  0.4704126602184871  0.47172968132239235  0.025365210755953327  
16.48  0.030742037569121944  0.47041466767428997  0.47172552566259596  0.0253651471942025  
16.5  0.030741958655780183  0.47041667286108607  0.4717213722553924  0.025365083628923316  
16.52  0.030741879762826326  0.47041867578036956  0.4717172210990947  0.025365020059989776  
16.54  0.030741800890503462  0.47042067643365565  0.47171307219201386  0.02536495648733983  
16.56  0.030741722038982074  0.47042267482246947  0.4717089255324607  0.02536489291097476  
16.580000000000002  0.030741643208359516  0.4704246709483452  0.4717047811187381  0.025364829330956833  
16.6  0.030741564398661526  0.4704266648128388  0.4717006389491516  0.025364765747409024  
16.62  0.030741485609842308  0.4704286564175145  0.4716964990220058  0.025364702160512346  
16.64  0.03074140684178707  0.47043064576395016  0.47169236133559966  0.025364638570503157  
16.66  0.030741328094314617  0.47043263285374204  0.4716882258882396  0.02536457497766984  
16.68  0.030741249367181367  0.4704346176884959  0.4716840926782246  0.025364511382348198  
16.7  0.030741170660084804  0.4704366002698365  0.4716799617038708  0.025364447784917577  
16.72  0.030741091972667514  0.47043858059939425  0.47167583296348  0.025364384185795577  
16.740000000000002  0.03074101330452327  0.4704405586788201  0.471671706455363  0.025364320585432514  
16.76  0.03074093465520189  0.47044253450977463  0.47166758217783783  0.02536425698430608  
16.78  0.030740856024215165  0.47044450809392674  0.4716634601292275  0.02536419338291612  
16.8  0.030740777411042804  0.47044647943296125  0.4716593403078623  0.0253641297817763  
16.82  0.030740698815138155  0.4704484485285637  0.47165522271207383  0.025364066181410447  
16.84  0.030740620235936145  0.4704504153824406  0.47165110734020654  0.025364002582344232  
16.86  0.030740541672857388  0.47045237999629363  0.4716469941906123  0.025363938985100535  
16.88  0.030740463125316524  0.470454342371845  0.47164288326165665  0.025363875390193056  
16.9  0.03074038459272723  0.47045630251081344  0.4716387745517059  0.025363811798119053  
16.92  0.03074030607450864  0.4704582604149257  0.47163466805914656  0.02536374820935495  
16.94  0.030740227570090813  0.470460216085909  0.47163056378236745  0.025363684624351436  
16.96  0.03074014907892128  0.4704621695254943  0.47162646171977446  0.02536362104352782  
16.98  0.030740070600468513  0.47046412073542027  0.47162236186978584  0.02536355746726781  
17.0  0.030739992134228233  0.4704660697174225  0.4716182642308301  0.025363493895916384  
17.02  0.03073991367972697  0.47046801647323483  0.4716141688013482  0.025363430329775102  
17.04  0.03073983523652507  0.4704699610045884  0.4716100755797887  0.02536336676910031  
17.06  0.030739756804222  0.470471903313219  0.47160598456461783  0.025363303214100828  
17.080000000000002  0.03073967838245687  0.47047384340085446  0.47160189575431183  0.025363239664937504  
17.1  0.03073959997091224  0.47047578126922174  0.47159780914735705  0.025363176121720392  
17.12  0.030739521569314376  0.4704777169200407  0.4715937247422467  0.025363112584510208  
17.14  0.030739443177435988  0.4704796503550242  0.47158964253748314  0.02536304905331909  
17.16  0.030739364795094842  0.4704815815758861  0.47158556253158873  0.025362985528110494  
17.18  0.030739286422154205  0.4704835105843225  0.47158148472307415  0.025362922008801577  
17.2  0.030739208058523745  0.4704854373820336  0.4715774091104702  0.02536285849526651  
17.22  0.030739129704156373  0.4704873619707047  0.47157333569230914  0.025362794987337546  
17.240000000000002  0.030739051359046636  0.4704892843520129  0.47156926446711916  0.02536273148481001  
17.26  0.030738973023230597  0.4704912045276291  0.4715651954334473  0.02536266798744614  
17.28  0.03073889469678143  0.470493122499213  0.4715611285898234  0.025362604494977892  
17.3  0.030738816379806633  0.4704950382684167  0.4715570639347911  0.02536254100711279  
17.32  0.030738738072445877  0.47049695183687856  0.47155300146688467  0.0253624775235388  
17.34  0.03073865977486625  0.47049886320622925  0.4715489411846349  0.025362414043928475  
17.36  0.03073858148725967  0.4705007723780906  0.4715448830865743  0.02536235056794482  
17.38  0.030738503209837627  0.4705026793540729  0.47154082717122353  0.025362287095246374  
17.400000000000002  0.030738424942828024  0.47050458413577534  0.47153677343709666  0.025362223625491155  
17.42  0.030738346686470595  0.47050648672479345  0.4715327218827095  0.025362160158343267  
17.44  0.03073826844101268  0.4705083871227013  0.47152867250656016  0.02536209669347779  
17.46  0.030738190206705165  0.4705102853310735  0.47152462530713857  0.02536203323058458  
17.48  0.030738111983798482  0.4705121813514726  0.4715205802829277  0.025361969769372068  
17.5  0.030738033772538254  0.47051407518545296  0.47151653743239896  0.025361906309573284  
17.52  0.030737955573161457  0.4705159668345598  0.4715124967540135  0.02536184285094754  
17.54  0.030737877385893765  0.4705178563003335  0.47150845824622295  0.02536177939328487  
17.56  0.030737799210944935  0.4705197435843021  0.47150442190746655  0.025361715936407826  
17.580000000000002  0.03073772104850566  0.4705216286879981  0.4715003877361732  0.0253616524801741  
17.6  0.030737642898745532  0.47052351161293327  0.4714963557307627  0.025361589024478937  
17.62  0.03073756476181078  0.47052539236062896  0.471492325889642  0.02536152556925578  
17.64  0.030737486637820898  0.4705272709325914  0.4714882982112137  0.02536146211447593  
17.66  0.030737408526868015  0.47052914733033324  0.4714842726938725  0.025361398660150452  
17.68  0.03073733042901498  0.4705310215553595  0.47148024933600285  0.025361335206327915  
17.7  0.030737252344294815  0.47053289360917666  0.4714762281359839  0.025361271753095285  
17.72  0.030737174272709732  0.4705347634932859  0.47147220909219045  0.02536120830057527  
17.740000000000002  0.03073709621423072  0.4705366312091901  0.471468192202994  0.02536114484892408  
17.76  0.030737018168798806  0.4705384967583981  0.47146417746676555  0.025361081398331774  
17.78  0.03073694013632438  0.47054036014241524  0.4714601648818687  0.02536101794901572  
17.8  0.03073686211668901  0.4705422213627532  0.4714561544466777  0.025360954501219703  
17.82  0.030736784109745827  0.47054408042092577  0.47145214615956044  0.02536089105521116  
17.84  0.030736706115321432  0.47054593731844646  0.47144814001888774  0.025360827611276452  
17.86  0.030736628133217956  0.4705477920568413  0.4714441360230411  0.025360764169717477  
17.88  0.03073655016321501  0.4705496446376362  0.47144013417040326  0.025360700730847993  
17.900000000000002  0.030736472205071107  0.470551495062361  0.471436134459367  0.025360637294989608  
17.92  0.03073639425852766  0.4705533433325585  0.4714321368883308  0.025360573862467567  
17.94  0.030736316323310295  0.47055518944976965  0.4714281414557025  0.025360510433607302  
17.96  0.030736238399132452  0.4705570334155454  0.4714241481598994  0.025360447008730014  
17.98  0.030736160485697245  0.4705588752314416  0.47142015699935363  0.025360383588149085  
18.0  0.03073608258270131  0.47056071489902207  0.4714161679725073  0.025360320172167168  
18.02  0.03073600468983682  0.4705625524198545  0.4714121810778106  0.025360256761072876  
18.04  0.03073592680679473  0.47056438779551946  0.4714081963137312  0.02536019335513715  
18.06  0.030735848933267158  0.47056622102759543  0.4714042136787507  0.025360129954610424  
18.080000000000002  0.03073577106895062  0.47056805211766944  0.47140023317135804  0.02536006655972115  
18.1  0.03073569321354805  0.47056988106733677  0.4713962547900576  0.025360003170674186  
18.12  0.030735615366771253  0.4705717078781946  0.47139227853337073  0.025359939787647136  
18.14  0.030735537528343203  0.4705735325518395  0.4713883043998211  0.025359876410790422  
18.16  0.030735459698000477  0.4705753550898824  0.47138433238794886  0.025359813040227604  
18.18  0.030735381875493815  0.4705771754939288  0.47138036249630555  0.025359749676051865  
18.2  0.03073530406059115  0.4705789937655885  0.4713763947234539  0.025359686318329428  
18.22  0.030735226253077785  0.4705808099064729  0.4713724290679588  0.02535962296709747  
18.240000000000002  0.030735148452757998  0.4705826239181933  0.47136846552839895  0.025359559622366117  
18.26  0.030735070659455802  0.47058443580236275  0.4713645041033568  0.025359496284118488  
18.28  0.03073499287301533  0.4705862455605954  0.47136054479142836  0.025359432952312994  
18.3  0.030734915093301167  0.4705880531944957  0.4713565875912027  0.025359369626884763  
18.32  0.030734837320199  0.4705898587056772  0.47135263250128084  0.025359306307747142  
18.34  0.03073475955361368  0.47059166209574305  0.47134867952025755  0.025359242994794324  
18.36  0.03073468179347075  0.4705934633662902  0.4713447286467366  0.02535917968790401  
18.38  0.03073460403971514  0.47059526251891676  0.47134077987931605  0.025359116386939003  
18.400000000000002  0.030734526292309546  0.47059705955521247  0.47133683321659453  0.025359053091749777  
18.42  0.030734448551234247  0.47059885447676425  0.4713328886571695  0.02535898980217957  
18.44  0.030734370816485067  0.47060064728515155  0.471328946199633  0.025358926518064755  
18.46  0.030734293088072833  0.47060243798194373  0.4713250058425703  0.02535886323923754  
18.48  0.030734215366022093  0.4706042265687089  0.4713210675845686  0.02535879996553033  
18.5  0.030734137650368056  0.4706060130470071  0.47131713142420073  0.025358736696777257  
18.52  0.030734059941156185  0.47060779741838554  0.47131319736003346  0.025358673432817315  
18.54  0.030733982238439282  0.47060957968438605  0.47130926539062756  0.025358610173495912  
18.56  0.03073390454227741  0.47061135984654956  0.47130533551453696  0.025358546918668005  
18.580000000000002  0.030733826852734434  0.47061313790640164  0.47130140773031043  0.025358483668200694  
18.6  0.030733749169877225  0.4706149138654641  0.471297482036483  0.025358420421973324  
18.62  0.030733671493773287  0.47061668772524884  0.47129355843157883  0.02535835717988062  
18.64  0.03073359382448987  0.47061845948726244  0.4712896369141227  0.025358293941833095  
18.66  0.03073351616209107  0.47062022915300455  0.4712857174826206  0.025358230707758604  
18.68  0.030733438506637647  0.4706219967239685  0.4712818001355776  0.025358167477603426  
18.7  0.03073336085818459  0.47062376220164087  0.47127788487149297  0.02535810425133293  
18.72  0.03073328321678056  0.4706255255875031  0.47127397168885565  0.025358041028930987  
18.740000000000002  0.030733205582466144  0.47062728688303457  0.4712700605861472  0.025357977810400518  
18.76  0.030733127955272475  0.47062904608970285  0.47126615156184687  0.02535791459576437  
18.78  0.030733050335222164  0.4706308032089819  0.4712622446144277  0.02535785138506234  
18.8  0.030732972722325974  0.47063255824233596  0.47125833974235654  0.025357788178353075  
18.82  0.030732895116584304  0.47063431119122673  0.47125443694409924  0.025357724975711187  
18.84  0.03073281751798566  0.4706360620571173  0.4712505362181174  0.025357661777228514  
18.86  0.030732739926506818  0.47063781084146317  0.47124663756287344  0.025357598583010118  
18.88  0.030732662342112714  0.47063955754572917  0.47124274097683133  0.025357535393175094  
18.900000000000002  0.030732584764756453  0.4706413021713714  0.47123884645844516  0.025357472207852456  
18.92  0.03073250719437945  0.4706430447198509  0.4712349540061818  0.025357409027182826  
18.94  0.030732429630911825  0.47064478519262704  0.471231063618505  0.02535734585131487  
18.96  0.030732352074272804  0.4706465235911615  0.47122717529387964  0.02535728268040236  
18.98  0.03073227452437112  0.4706482599169233  0.471223289030782  0.025357219514604765  
19.0  0.030732196981106533  0.4706499941713755  0.47121940482768443  0.02535715635408423  
19.02  0.0307321194443691  0.47065172635599173  0.47121552268306943  0.02535709319900364  
19.04  0.030732041914041303  0.47065345647223766  0.4712116425954181  0.025357030049525643  
19.06  0.030731964389998867  0.4706551845215969  0.4712077645632253  0.025356966905810407  
19.080000000000002  0.03073188687211111  0.47065691050554637  0.4712038885849898  0.025356903768014062  
19.1  0.030731809360242248  0.4706586344255712  0.4712000146592133  0.025356840636287407  
19.12  0.030731731854251917  0.4706603562831586  0.4711961427844112  0.025356777510774704  
19.14  0.030731654353997783  0.470662076079801  0.4711922729590996  0.0253567143916124  
19.16  0.030731576859334864  0.4706637938169927  0.47118840518180066  0.025356651278928444  
19.18  0.030731499370117314  0.47066550949623454  0.47118453945105127  0.025356588172840137  
19.2  0.030731421886199036  0.4706672231190301  0.4711806757653864  0.025356525073454154  
19.22  0.030731344407435465  0.470668934686885  0.47117681412335505  0.025356461980867172  
19.240000000000002  0.030731266933683356  0.4706706442013076  0.4711729545235072  0.025356398895163404  
19.26  0.030731189464802352  0.4706723516638128  0.4711690969644051  0.025356335816415894  
19.28  0.030731112000655675  0.47067405707591753  0.4711652414446063  0.025356272744685562  
19.3  0.030731034541110484  0.470675760439142  0.4711613879626809  0.025356209680021474  
19.32  0.03073095708603877  0.4706774617550009  0.47115753651720577  0.025356146622461002  
19.34  0.030730879635318006  0.47067916102501955  0.47115368710675487  0.025356083572030955  
19.36  0.030730802188831386  0.4706808582507225  0.47114983972990915  0.0253560205287473  
19.38  0.03073072474646789  0.47068255343363413  0.47114599438525445  0.025355957492615912  
19.400000000000002  0.03073064730812351  0.4706842465752807  0.4711421510713757  0.02535589446363349  
19.42  0.030730569873700066  0.4706859376771848  0.47113830978686155  0.025355831441787813  
19.44  0.030730492443106824  0.470687626740874  0.47113447053030105  0.025355768427059597  
19.46  0.030730415016258825  0.47068931376787204  0.4711306333002814  0.025355705419422163  
19.48  0.03073033759307891  0.4706909987597031  0.4711267980953957  0.025355642418843267  
19.5  0.030730260173495578  0.47069268171789336  0.47112296491423  0.025355579425286323  
19.52  0.030730182757443995  0.4706943626439555  0.4711191337553724  0.025355516438710264  
19.54  0.030730105344865057  0.4706960415394155  0.47111530461741224  0.025355453459072474  
19.56  0.03073002793570576  0.47069771840578783  0.47111147749893284  0.025355390486327428  
19.580000000000002  0.030729950529918053  0.4706993932445856  0.47110765239851804  0.025355327520429273  
19.6  0.030729873127459038  0.47070106605732137  0.4711038293147467  0.02535526456133156  
19.62  0.03072979572829028  0.47070273684550523  0.47110000824619774  0.025355201608991098  
19.64  0.030729718332377576  0.4707044056106411  0.4710961891914467  0.02535513866336362  
19.66  0.03072964093968993  0.4707060723542331  0.4710923721490655  0.025355075724408885  
19.68  0.030729563550199734  0.47070773707777874  0.47108855711762093  0.025355012792089505  
19.7  0.03072948616388176  0.47070939978277815  0.47108474409567963  0.025354949866371893  
19.72  0.030729408780712723  0.47071106047072564  0.471080933081807  0.025354886947226714  
19.740000000000002  0.030729331400671057  0.47071271914310625  0.47107712407456065  0.02535482403462894  
19.76  0.030729254023736358  0.4707143758014107  0.471073317072498  0.025354761128558022  
19.78  0.030729176649888987  0.47071603044712085  0.47106951207417225  0.025354698228999287  
19.8  0.030729099279109242  0.4707176830817204  0.4710657090781398  0.025354635335942413  
19.82  0.030729021911377365  0.4707193337066862  0.47106190808294235  0.02535457244938238  
19.84  0.030728944546673676  0.4707209823234938  0.4710581090871383  0.025354509569319537  
19.86  0.03072886718497727  0.470722628933616  0.4710543120892662  0.025354446695758655  
19.88  0.030728789826266322  0.47072427353852137  0.47105051708787404  0.0253543838287095  
19.900000000000002  0.030728712470517342  0.47072591613967735  0.4710467240815048  0.025354320968185955  
19.92  0.030728635117706942  0.47072755673855693  0.47104293306870504  0.02535425811420635  
19.94  0.03072855776780831  0.4707291953366178  0.4710391440480162  0.02535419526679228  
19.96  0.03072848042079415  0.4707308319353218  0.47103535701798255  0.02535413242596864  
19.98  0.03072840307663512  0.4707324665361321  0.47103157197714907  0.02535406959176244  
20.0  0.03072832573530053  0.47073409914050807  0.47102778892406116  0.025354006764203862  
