0  1.0  0.0  0.0  0.0  
0.02  0.998623836671835  0.0005952194304325547  0.000778060478332572  4.333206028426233e-07  
0.04  0.9938753575349182  0.002855482468196639  0.003258084824044612  8.624919335517782e-06  
0.06  0.9860198119946118  0.006668076900998616  0.007264268448266033  4.539218057392504e-05  
0.08  0.9754468669465376  0.011822077876664151  0.01259047460139596  0.0001381299260926696  
0.1  0.9624958358567415  0.018132398753680095  0.01905469275047803  0.0003146216184992175  
0.12  0.9474701449118609  0.025434088934995828  0.026494178111876775  0.0005991363533253666  
0.14  0.9306447152091674  0.03357953525344348  0.03476307569698889  0.0010102222486945388  
0.16  0.9122699346292359  0.04243685933467668  0.04373101920004201  0.001559735931520126  
0.18  0.8925741450921442  0.05188869004510263  0.053281987423471476  0.002252727473593883  
0.2  0.871765577744857  0.06183095984040191  0.063313129630875  0.003087883719179559  
0.22  0.8500341237950537  0.07217162544452008  0.07373349418202661  0.00405830818917681  
0.24  0.8275530610802151  0.0828293268859487  0.08446269008030462  0.00515247387596972  
0.26  0.8044807314926791  0.09373204141091986  0.09542954400323467  0.006355235047249421  
0.28  0.780962122374268  0.10481579308504506  0.10657081600432361  0.007648820402954851  
0.3  0.7571303034044268  0.11602346729448917  0.11783002324536691  0.009013757829362345  
0.32  0.7331076834983046  0.12730376290258283  0.1291564036793103  0.010429701588445675  
0.34  0.7090070704666827  0.13861029840816946  0.14050403514615514  0.01187614754863322  
0.36  0.6849325326287022  0.1499008749267901  0.15183111153099474  0.013333032347082217  
0.38  0.6609800749161733  0.16113688885726243  0.1630993679823286  0.014781219462682332  
0.4  0.6372381504303329  0.17228288025211083  0.17427364082802108  0.01620287942343202  
0.42  0.613788033425626  0.1833061991966501  0.18532154397752135  0.017581773994438887  
0.44  0.590704082018559  0.19417677062682767  0.1962132422021737  0.01890345541969829  
0.46  0.5680539181597117  0.2048669381077372  0.20692130170181597  0.020155392089571893  
0.48  0.5458985502948962  0.21535136812793118  0.2174205997292369  0.021327031707689546  
0.5  0.5242924623503772  0.22560699819668414  0.2276882767645111  0.02240981228774708  
0.52  0.503283687889628  0.23561301423699776  0.23770371682705588  0.023397130317901114  
0.54  0.48291388550182174  0.2453508451039776  0.24744854393219315  0.02428427446257383  
0.56  0.4632184279639009  0.2548041642744578  0.25690662452838214  0.025068332111152582  
0.58  0.44422651415529607  0.2639588908796706  0.2660640687190447  0.025748075063017628  
0.6  0.4259613100269472  0.2728031842016462  0.2749092248642041  0.026323829733859248  
0.62  0.4084401221625529  0.2813274274552737  0.2834326629085168  0.026797336462866157  
0.64  0.39167460551351724  0.28952419818177655  0.2916271439767305  0.02717160172570109  
0.66  0.3756710049444408  0.29738822375323176  0.29948757499505446  0.027450746459897445  
0.68  0.3604304287525206  0.30491632148212705  0.307010947868813  0.02763985317874029  
0.7000000000000001  0.34594915137505156  0.3121073235907283  0.3141962634869779  0.027744814098198175  
0.72  0.33221894204990365  0.3189619878576937  0.32104444145038036  0.027772182161439844  
0.74  0.31922741545084427  0.32548289517929585  0.32755821680066266  0.027729026563655286  
0.76  0.3069583991123862  0.33167433558544696  0.3337420253251931  0.027622794102833526  
0.78  0.2953923129979887  0.3375421844747615  0.3396018791924022  0.02746117743739172  
0.8  0.2845065571820184  0.34309377091191473  0.34514523475640624  0.027251991162758418  
0.8200000000000001  0.2742759031895156  0.34833773982303634  0.3503808543838647  0.02700305647150213  
0.84  0.2646728846366444  0.3532839098843608  0.3553186640900479  0.0267220950375949  
0.86  0.2556681831812551  0.35794312883650375  0.35996960869183303  0.026416632642391677  
0.88  0.24723100610500515  0.3623271278597215  0.36434550611595923  0.02609391290559065  
0.9  0.23932945227852173  0.36644837654058376  0.3684589023993958  0.025760821351899905  
0.92  0.23193086357458487  0.37031993984050326  0.3723229287845949  0.02542381994195017  
0.9400000000000001  0.225002159147071  0.3739553383262385  0.3759511621526545  0.025088892104446658  
0.96  0.218510150440254  0.3773684127727035  0.37935748990300755  0.024761498199448485  
0.98  0.21242183523010516  0.38057319412869844  0.38255598025729864  0.024446541230307837  
1.0  0.20670466925697364  0.3835837797127594  0.3855607588499308  0.02414834251662573  
1.02  0.20132681414745646  0.3864142163934993  0.3883858923654315  0.023870626939743893  
1.04  0.19625736085276194  0.3890783914005446  0.3910452798484511  0.023616517285191874  
1.06  0.19146652833707659  0.3915899312860923  0.39355255219471047  0.0233885371319824  
1.08  0.18692583721437753  0.39396210944571786  0.3959209802353694  0.023188621674063093  
1.1  0.1826082582618883  0.39620776251646966  0.39816339172248627  0.023018135798529505  
1.12  0.1784883361825652  0.39833921587735105  0.40029209743071814  0.022877898685733044  
1.1400000000000001  0.1745422891665112  0.40036821839206377  0.4023188265057665  0.02276821415406978  
1.16  0.1707480849349102  0.40230588644881005  0.4042546711039296  0.02268890594742009  
1.18  0.16708549412459184  0.4041626572683796  0.406110040290177  0.022639357146401185  
1.2  0.1635361220498562  0.4059482513748259  0.4078946230921489  0.02261855287853167  
1.22  0.16008342002234585  0.4076716440506092  0.40961736053497505  0.022625125510713003  
1.24  0.15671267751529291  0.4093410455323678  0.4112864264114591  0.02265740152589311  
1.26  0.1534109965519196  0.41096388964330993  0.41290921647854356  0.02271344931180864  
1.28  0.15016724977697696  0.41254683050189744  0.4144923457141919  0.022791127124640508  
1.3  0.14697202373746823  0.41409574689360595  0.4160416532165583  0.02288813053459721  
1.32  0.1438175489466045  0.41561575384259314  0.41756221427897977  0.023002038712294386  
1.34  0.14069761833242078  0.41711122087487257  0.41905835913080064  0.023130358973068626  
1.36  0.13760749568442912  0.4185857964266773  0.4205336977947296  0.023270569059832644  
1.3800000000000001  0.13454381571172766  0.42004243781944633  0.42199115047845404  0.0234201567120477  
1.4000000000000001  0.13150447731514306  0.42148344619464806  0.4234329828925206  0.023576656137198632  
1.42  0.12848853164075513  0.4229105057851831  0.4248608458668959  0.023737681071699462  
1.44  0.12549606642984795  0.42432472688882533  0.4262758186246191  0.023900954190426336  
1.46  0.12252808812508456  0.4257266918979578  0.4276784550645275  0.024064332695041376  
1.48  0.11958640311790197  0.42711650373854926  0.42906883240804583  0.024225829977661005  
1.5  0.11667349945202549  0.4284938360810908  0.4304466015749782  0.024383633319161404  
1.52  0.1137924302452997  0.4298579846921053  0.4318110386576946  0.024536117645651136  
1.54  0.11094669998295144  0.4312079193026443  0.4331610968743446  0.024681855428221756  
1.56  0.1081401547101795  0.4325423354046833  0.4344954584123276  0.02481962286155702  
1.58  0.10537687704476868  0.43385970542870267  0.43581258560709474  0.024948402500556334  
1.6  0.10266108683109909  0.4351583287844596  0.4371107709344961  0.02506738257560071  
1.62  0.09999704815615622  0.4364363802735015  0.4383881853309155  0.025175953244238193  
1.6400000000000001  0.09738898333996464  0.4376919564203484  0.4396429243964518  0.025273700066902865  
1.6600000000000001  0.09484099439722671  0.43892311931661987  0.4408730520819961  0.02536039501623228  
1.68  0.0923569923485324  0.440127937623302  0.44207664151005693  0.02543598534473354  
1.7  0.08994063464730036  0.44130452442818957  0.44325181263000024  0.025500580644669257  
1.72  0.08759527088238522  0.44245107170806136  0.4443967664604591  0.02555443843738158  
1.74  0.08532389681030063  0.4435658811981139  0.44550981572449905  0.02559794862716404  
1.76  0.08312911667852647  0.44464739152368665  0.44658941173550026  0.02563161714772796  
1.78  0.08101311371851688  0.4456942015007441  0.44763416744335643  0.025656049117685695  
1.8  0.07897762858727962  0.4467050895624208  0.44864287660112756  0.025671931805557647  
1.82  0.07702394545586752  0.44767902931737386  0.4496145290609561  0.02568001768511814  
1.84  0.07515288537992107  0.44861520129214616  0.450548322254245  0.025681107839255743  
1.86  0.07336480652792059  0.4495130009530489  0.45144366895437144  0.025676035945469227  
1.8800000000000001  0.0716596107884514  0.4503720431431687  0.45230020146043176  0.02566565304911592  
1.9000000000000001  0.07003675623083537  0.4511921631065895  0.45311777237685313  0.02565081330219049  
1.92  0.06849527485699235  0.4519734143044283  0.45389645219625646  0.025632360816203938  
1.94  0.06703379505536251  0.4527160632557092  0.45463652392124343  0.025611117748304203  
1.96  0.06565056814914104  0.4534205816601846  0.45533847498471886  0.025587873710494362  
1.98  0.06434349842090026  0.45408763607984604  0.45600298674794243  0.025563376563243256  
2.0  0.06311017599388014  0.45471807547112175  0.4566309218701885  0.02553832462736193  
2.02  0.061947911956143895  0.45531291687033165  0.4572233098538834  0.025513360322186214  
2.04  0.060853775126725775  0.4558733295410729  0.45778133107496105  0.02548906521412296  
2.06  0.059824629882101805  0.45640061789349423  0.4583062996096547  0.025465956437793195  
2.08  0.058857174485381906  0.45689620348346  0.4587996451670429  0.02544448443157597  
2.1  0.057947979385985525  0.4573616063980894  0.4592628944317552  0.025425031910075804  
2.12  0.057093524988732415  0.45779842632554907  0.4596976521110626  0.02540791398199291  
2.14  0.0562902384412476  0.4582083235801243  0.46010558196143314  0.025393379315764512  
2.16  0.05553452903580533  0.45859300033597544  0.46048838805018405  0.025381612248213652  
2.18  0.05482282185683855  0.45895418231349394  0.4608477964924529  0.025372735720851688  
2.2  0.054151589348565426  0.4592936011429398  0.46118553788486194  0.025366814922027983  
2.22  0.05351738052642534  0.4596129776058653  0.46150333063431853  0.025363861511616046  
2.24  0.052916847605284846  0.45991400592984316  0.46180286535542864  0.025363838306139082  
2.2600000000000002  0.052346769865734666  0.4601983392866819  0.4620857904844341  0.025366664305335723  
2.2800000000000002  0.051804074626960336  0.460467576618341  0.46235369923161745  0.025372219945875695  
2.3000000000000003  0.051285855239994675  0.4607232508887008  0.4626081179680266  0.02538035247426659  
2.32  0.05078938605806261  0.4609668188334979  0.46285049611660384  0.025390881338608135  
2.34  0.050312134381325806  0.46119965225548926  0.4630821975925222  0.025403603507628714  
2.36  0.049851769412595705  0.4614230308877608  0.4633044938132682  0.025418298635087613  
2.38  0.04940616829920491  0.4616381368250606  0.46351855827574456  0.025434733997978267  
2.4  0.048973419372601266  0.46184605050125055  0.46372546267594184  0.025452669147720496  
2.42  0.04855182272767641  0.46204774817069283  0.46392617452660795  0.025471860224495716  
2.44  0.048139888306718566  0.4622441008325345  0.46412155620997686  0.025492063895735637  
2.46  0.04773633167109081  0.4624358745201109  0.46431236538628967  0.02551304089034573  
2.48  0.04734006766097971  0.4626237318631618  0.46449925666470704  0.025534559110316518  
2.5  0.04695020215995118  0.4628082348184628  0.4646827844313617  0.02555639631081678  
2.52  0.04656602219378891  0.462989848454764  0.4648634067198138  0.025578342348519124  
2.54  0.04618698459952106  0.4631689456704827  0.46504149000194694  0.0256002010057139  
2.56  0.04581270350176655  0.4633458127174568  0.4652173147724268  0.025621791404715988  
2.58  0.045442936836306284  0.46352065540078746  0.46539108179653216  0.025642949033220955  
2.6  0.04507757216350935  0.46369360582340285  0.4655629188897801  0.025663526406637778  
2.62  0.04471661200322586  0.46386472954474195  0.4657328880986007  0.025683393397779992  
2.64  0.044360158907794316  0.46403403302526364  0.4659009931543542  0.02570243726756821  
2.66  0.044008400483052795  0.4642014712330119  0.4660671870774571  0.025720562432515397  
2.68  0.04366159455777621  0.4643669552942771  0.4662313798143415  0.025737690005930354  
2.7  0.0433200546863272  0.4645303600777132  0.4663934457972257  0.025753757149977633  
2.72  0.04298413615189711  0.4646915316096048  0.466553231325393  0.025768716275138843  
2.74  0.042654222619827764  0.46485029422742197  0.4667105616760391  0.025782534122201602  
2.7600000000000002  0.04233071357190514  0.46500645738904084  0.4668652478632687  0.02579519075990779  
2.7800000000000002  0.04201401263334967  0.4651598220656936  0.4670170929745269  0.025806678528887454  
2.8000000000000003  0.04170451688496867  0.46531018665786456  0.4671658980248926  0.025817000959577202  
2.82  0.041402607233746246  0.4654573523846196  0.46731146728093786  0.025826171688666917  
2.84  0.041108639896094  0.46560112810814136  0.4674536130170976  0.025834213395112483  
2.86  0.0408229390292876  0.4657413345664074  0.46759215967860746  0.025841156773179025  
2.88  0.04054579052861277  0.46587780799772593  0.46772694743591536  0.02584703955628379  
2.9  0.04027743699066448  0.4660104031513049  0.4678578351257646  0.025851905601793464  
2.92  0.040018073827287295  0.4661389956878461  0.46798470258387526  0.025855804043446135  
2.94  0.039767846499870675  0.466263483983185  0.4681074523830528  0.025858788514818837  
2.96  0.039526848830243086  0.4663837903563909  0.4682260109988272  0.025860916444346526  
2.98  0.03929512233235072  0.466499861750941  0.4683403294318222  0.025862248419843824  
3.0  0.039072656498371085  0.46661166990397046  0.4684503833223794  0.02586284761833874  
3.02  0.03885938996399476  0.4667192110439058  0.46855617259826177  0.025862779295316343  
3.04  0.03865521247032571  0.4668225051610942  0.4686577207005058  0.025862110326122838  
3.06  0.038459967534168395  0.46692159489938084  0.46875507343578343  0.025860908791352777  
3.08  0.038273455734333196  0.46701654411901605  0.46884829750602064  0.025859243597448442  
3.1  0.03809543851894432  0.4671074361827702  0.46893747876739084  0.025857184123532544  
3.12  0.03792564243755244  0.46719437201767305  0.46902272027127984  0.025854799885627038  
3.14  0.03776376370204491  0.4672774680045926  0.4691041401394941  0.025852160209849595  
3.16  0.03760947298188265  0.46735685374670594  0.46918186932478345  0.0258493339069503  
3.18  0.03746242034193268  0.46743266976621484  0.46925604930585496  0.02584638894156343  
3.2  0.03732224023503762  0.4675050651759757  0.46932682976340906  0.025843392090773097  
3.22  0.037188556466343455  0.467574195369809  0.4693943662805671  0.025840408588040358  
3.24  0.03706098705218167  0.4676402197714361  0.4694588181073909  0.025837501750074546  
3.2600000000000002  0.03693914890283513  0.4677032996780442  0.46952034602494186  0.025834732585898527  
3.2800000000000002  0.03682266226568685  0.4677635962299995  0.46957911034004374  0.02583215938904501  
3.3000000000000003  0.03671115487293998  0.467821268533642  0.4696352690369469  0.02582983731550264  
3.3200000000000003  0.03660426574611763  0.4678764719592031  0.4696889761074587  0.025827817951685695  
3.34  0.036501648617786764  0.46792935663109264  0.4697403800760395  0.02582614887813655  
3.36  0.036402974939207015  0.4679800661230357  0.46978962273168196  0.025824873235939922  
3.38  0.03630793645077831  0.4680287363659697  0.4698368380737946  0.025824029303817317  
3.4  0.036216247300130684  0.4680754947722564  0.46988215147491014  0.02582365009453937  
3.42  0.03612764570039505  0.46812045957571286  0.4699256790590721  0.025823762979724902  
3.44  0.03604189512853569  0.4681637393832284  0.4699675272910201  0.025824389352195273  
3.46  0.0359587850705437  0.468205432930302  0.47000779276786986  0.02582554433493531  
3.48  0.035878131326736666  0.46824562902980044  0.4700465622020724  0.025827236545338878  
3.5  0.03579977589629641  0.4682844067005193  0.47008391258177373  0.02582946792282487  
3.52  0.03572358646548667  0.4683218354598813  0.47011991149252647  0.025832233627083107  
3.54  0.035649455528653666  0.46835797576325494  0.47015461758253  0.02583552201318923  
3.56  0.03557729917512048  0.46839287957090947  0.47018808115222027  0.025839314688625742  
3.58  0.035507055578420536  0.4684265910226518  0.47022034484811276  0.02584358665584821  
3.6  0.03543868322691519  0.4684591471996131  0.47025144444028744  0.025848306542538325  
3.62  0.03537215893675963  0.46849057895248664  0.4702814096627069  0.02585343692007238  
3.64  0.03530747568937509  0.46852091177568433  0.47031026509596363  0.025858934709066347  
3.66  0.035244640336111355  0.46855016670748384  0.4703380310724851  0.02586475166916991  
3.68  0.03518367121265926  0.46857836123710406  0.47036472458527495  0.025870834968610253  
3.7  0.03512459570503426  0.46860551020076235  0.4703903601824305  0.0258771278273637  
3.72  0.03506744780765106  0.4686316266502101  0.4704149508311031  0.025883570226295186  
3.74  0.035012265712191425  0.4686567226787996  0.47043850873621645  0.025890099673197792  
3.7600000000000002  0.03495908946367958  0.46868081019192787  0.47046104610101636  0.025896652015407452  
3.7800000000000002  0.03490795871747907  0.46870390161053543  0.4704825758184987  0.02590316228757612  
3.8000000000000003  0.03485891062787239  0.4687260104983881  0.4705031120846288  0.02590956558232563  
3.8200000000000003  0.03481197789553569  0.4687471521057479  0.47052267092634237  0.025915797930819502  
3.84  0.034767186997626265  0.4687673438241371  0.47054127063931445  0.025921797179893083  
3.86  0.03472455662044418  0.46878660554888035  0.4705589321324324  0.02592750385217986  
3.88  0.03468409631074563  0.46880495994786925  0.4705756791778086  0.02593286197577937  
3.9  0.03464580535785686  0.4688224326370126  0.47059153856699865  0.02593781987032319  
3.92  0.03460967191479887  0.46883905226428413  0.4706065401757203  0.025942330876875957  
3.94  0.03457567236275129  0.46885485050603787  0.47062071694097185  0.025946354019913423  
3.96  0.03454377091940465  0.46886986198043773  0.4706341047557412  0.025949854590627534  
3.98  0.03451391948811574  0.46888412408428853  0.47064674228781356  0.025952804642012044  
4.0  0.034486057741345263  0.46889767676041894  0.4706586707300916  0.025955183387562895  
4.0200000000000005  0.0344601134286442  0.46891056220370153  0.4706699334907652  0.025956977496947774  
4.04  0.0344360028965188  0.4689228245144489  0.4706805758322215  0.025958181283660706  
4.0600000000000005  0.03441363180486045  0.46893450930838965  0.470690644468141  0.02595879678140126  
4.08  0.034392896022299654  0.468945663292662  0.47070018712831435  0.02595883370772622  
4.1  0.03437368268086925  0.46895633381740404  0.4707092521009365  0.025958309315355227  
4.12  0.0343558713687277  0.4689665684124484  0.4707178877618989  0.025957248133308537  
4.14  0.03433933543843407  0.4689764143183541  0.47072614210035413  0.025955681601851313  
4.16  0.034323943407369814  0.46898591802068823  0.4707340622494422  0.025953647606904776  
4.18  0.03430956042636322  0.4689951247959028  0.47074169403043276  0.02595118992121723  
4.2  0.03429604979239462  0.46900407827659446  0.47074908151793565  0.025948357561029423  
4.22  0.03428327448141516  0.4690128200431285  0.4707562666329901  0.02594520406833808  
4.24  0.034271098677798394  0.4690213892478523  0.4707632887701413  0.02594178672998398  
4.26  0.034259389277732546  0.46902982227722156  0.4707701844636068  0.02593816574577775  
4.28  0.034248017344940464  0.46903815245627634  0.4707769870968124  0.02593440335861845  
4.3  0.034236859498445536  0.46904640979890067  0.4707837266585786  0.025930562960103844  
4.32  0.0342257992136783  0.4690546208064225  0.4707904295483759  0.025926708185428856  
4.34  0.03421472801998722  0.4690628083161708  0.470797118432051  0.02592290201146309  
4.36  0.03420354657956657  0.4690709914006629  0.4708038121486315  0.025919205871735695  
4.38  0.03419216563490031  0.4690791853172736  0.4708105256678651  0.025915678801687606  
4.4  0.03418050681401547  0.4690874015074307  0.47081727009745306  0.025912376626953917  
4.42  0.03416850328510708  0.4690956476436237  0.47082405273809397  0.025909351206662618  
4.44  0.034156100254411126  0.4691039277218224  0.47083087718387506  0.025906649742746393  
4.46  0.03414325530352636  0.46911224219637243  0.47083774346493473  0.025904314165115315  
4.48  0.0341299385647016  0.46912058815384067  0.47084464822880584  0.025902380601257748  
4.5  0.03411613273487302  0.46912895952193273  0.47085158495642354  0.025900878937404833  
4.5200000000000005  0.034101832931394106  0.4691373473092013  0.47085854420851975  0.02589983247688695  
4.54  0.03408704639443317  0.46914573987105535  0.47086551389781905  0.02589925769972994  
4.5600000000000005  0.0340717920429125  0.4691541231974266  0.47087247958239875  0.025899164125902006  
4.58  0.03405609989268556  0.4691624812172972  0.4708794247754825  0.025899554282969434  
4.6000000000000005  0.034040010347307886  0.4691707961154143  0.4708863312669171  0.025900423777297853  
4.62  0.03402357337319746  0.46917904865645627  0.47089317945162307  0.02590176146630191  
4.64  0.034006847572212194  0.4691872185122062  0.47089994866051005  0.02590354972773708  
4.66  0.03398989916570656  0.469195284587342  0.4709066174895605  0.025905764820565252  
4.68  0.03397280090497196  0.46920322533981484  0.4709131641229769  0.025908377330590846  
4.7  0.03395563092362869  0.46921101909208934  0.4709195666466654  0.02591135269284213  
4.72  0.033938471547996146  0.469218644329853  0.4709258033487058  0.025914651781592822  
4.74  0.03392140808170871  0.4692260799852854  0.4709318530037441  0.02591823155797332  
4.76  0.033904527580809626  0.46923330570243177  0.4709376951387848  0.025922045764336214  
4.78  0.03388791763514032  0.4692403020826507  0.47094331027833075  0.02592604565393273  
4.8  0.03387166517101866  0.4692470509085768  0.47094868016715297  0.025930180744049347  
4.82  0.03385585528911458  0.46925353534533004  0.470953787969586  0.025934399580570176  
4.84  0.033840570150403454  0.4692597401179808  0.4709586184444812  0.025938650502024926  
4.86  0.03382588792238491  0.4692656516644321  0.47096315809529193  0.02594288239150863  
4.88  0.033811881797317964  0.46927125826319593  0.4709673952949408  0.025947045405408535  
4.9  0.033798619093644094  0.46927655013567715  0.470971320385344  0.02595109166857617  
4.92  0.03378616045069983  0.4692815195230874  0.470974925751711  0.02595497592636418  
4.94  0.03377455912525166  0.4692861607383149  0.4709782058719198  0.02595865614481084  
4.96  0.03376386039657074  0.46929047019352715  0.4709811573417023  0.025962094051175666  
4.98  0.033754101084951214  0.46929444640449836  0.4709837788765587  0.025965255608013844  
5.0  0.03374530918686591  0.469298089972972  0.470986071291632  0.025968111415088493  
5.0200000000000005  0.0337375036283555  0.4693014035484243  0.47098803746096335  0.025970637034563718  
5.04  0.03373069413673481  0.469304391770867  0.4709896822577302  0.025972813236186637  
5.0600000000000005  0.03372488122924308  0.46930706119629223  0.4709910124770559  0.025974626160423463  
5.08  0.033720056315879036  0.469309420206476  0.47099203674318135  0.025976067398831  
5.1000000000000005  0.033716201912338456  0.4693114789048695  0.47099276540271817  0.02597713399222765  
5.12  0.0337132919577314  0.46931324900027876  0.4709932104057135  0.02597782834849799  
5.14  0.03371129223061213  0.4693147436800123  0.47099338517626366  0.02597815808305655  
5.16  0.03371016085581039  0.46931597747417036  0.47099330447433446  0.02597813578613496  
5.18  0.033709848893629435  0.4693169661126713  0.47099298425043246  0.025977778722087508  
5.2  0.033710301002172476  0.46931772637650937  0.4709924414946692  0.025977108466839493  
5.22  0.033711456162895795  0.4693182759448068  0.4709916940817366  0.025976150490416496  
5.24  0.03371324845895295  0.46931863323900286  0.47099076061316864  0.02597493369216715  
5.26  0.03371560789551093  0.4693188172655323  0.47098966025828337  0.02597348989684511  
5.28  0.0337184612509808  0.46931884745822805  0.47098841259500585  0.025971853320099582  
5.3  0.03372173294800432  0.46931874352165676  0.47098703745176185  0.025970060012200914  
5.32  0.033725345933087375  0.4693185252764628  0.47098555475158416  0.025968147288915184  
5.34  0.0337292225539561  0.4693182125077064  0.4709839843593791  0.02596615315842555  
5.36  0.033733285424022985  0.46931782481719836  0.4709823459333987  0.025964115753021277  
5.38  0.03373745826379481  0.46931738148063945  0.47098065878168355  0.025962072773973454  
5.4  0.03374166670960638  0.4693169013104406  0.47097894172443916  0.025960060957588186  
5.42  0.03374583908071695  0.4693164025248865  0.4709772129629623  0.025958115569898924  
5.44  0.0337499070965662  0.46931590262441414  0.4709754899559203  0.025956269936806692  
5.46  0.03375380653680661  0.46931541827562345  0.47097378930359246  0.025954555015755956  
5.48  0.03375747783763241  0.46931496520357485  0.47097212664067745  0.025952999014227044  
5.5  0.033760866618881835  0.4693145580930003  0.47097051653823113  0.025951627059468595  
5.5200000000000005  0.033763924137379844  0.4693142104988865  0.4709689724152242  0.025950460922975337  
5.54  0.03376660766301733  0.4693139347669402  0.47096750646018726  0.02594951880229623  
5.5600000000000005  0.03376888077510155  0.4693137419643095  0.4709661295633446  0.025948815161794227  
5.58  0.03377071357755657  0.46931364182099694  0.4709648512596294  0.025948360633051275  
5.6000000000000005  0.03377208283257965  0.4693136426822609  0.4709636796828043  0.025948161974668545  
5.62  0.03377297201337042  0.4693137514722816  0.4709626215310427  0.02594822209033181  
5.64  0.03377337127752097  0.4693139736693326  0.4709616820440492  0.025948540103143028  
5.66  0.03377327736358173  0.46931431329256196  0.4709608649919234  0.025949111483454725  
5.68  0.03377269341418198  0.46931477290049733  0.47096017267573825  0.025949928226677296  
5.7  0.033771628729890486  0.46931535360127935  0.47095960593989616  0.025950979076904426  
5.72  0.03377009845872296  0.46931605507449686  0.47095916419611433  0.02595224979162314  
5.74  0.03376812322684529  0.4693168756044975  0.4709588454588757  0.025953723442275183  
5.76  0.033765728716577285  0.46931781212494333  0.4709586463921401  0.02595538074507719  
5.78  0.03376294519826314  0.46931886027421316  0.47095856236693945  0.02595720041618613  
5.8  0.03375980702294127  0.4693200144612626  0.470958587529455  0.02595915954513764  
5.82  0.033756352083018935  0.46932126794143947  0.4709587148790623  0.025961233980389156  
5.84  0.03375262124832765  0.4693226129016097  0.4709589363557096  0.025963398720793042  
5.86  0.03374865778501085  0.46932404055397275  0.47095924293592994  0.02596562830695376  
5.88  0.033744506764670924  0.46932554123775116  0.47095962473668673  0.02596789720658462  
5.9  0.03374021447109372  0.4693271045279774  0.47096007112616467  0.025970180188264146  
5.92  0.033735827811665495  0.46932871935041853  0.4709605708405579  0.025972452678343912  
5.94  0.03373139374031824  0.4693303741016926  0.4709611121058461  0.025974691096162388  
5.96  0.03372695869848875  0.4693320567735209  0.4709616827634439  0.025976873163233622  
5.98  0.03372256808016027  0.4693337550799784  0.47096227039857363  0.025978978182601847  
6.0  0.033718265726581466  0.4693354565865683  0.47096286247019553  0.0259809872851552  
6.0200000000000005  0.033714093455727456  0.46933714883988814  0.4709634464412242  0.02598288364030734  
6.04  0.03371009063100008  0.46933881949662165  0.47096400990776766  0.02598465262909734  
6.0600000000000005  0.0337062937730546  0.4693404564505245  0.4709645407260994  0.02598628197841254  
6.08  0.03370273621799808  0.4693420479561296  0.4709650271360714  0.025987761855677288  
6.1000000000000005  0.03369944782455086  0.4693435827478813  0.4709654578797076  0.025989084924007096  
6.12  0.03369645473208751  0.4693450501533805  0.4709658223136902  0.025990246358397386  
6.140000000000001  0.033693779170798764  0.4693464401995921  0.47096611051460796  0.025991243824133013  
6.16  0.033691439324544804  0.4693477437108124  0.4709663133757848  0.025992077419124657  
6.18  0.03368944924631869  0.4693489523973351  0.4709664226946856  0.02599274958236356  
6.2  0.03368781882559329  0.4693500589338721  0.4709664312499271  0.02599326497112918  
6.22  0.03368655380622979  0.4693510570268318  0.4709663328670972  0.025993630309980535  
6.24  0.03368565585304372  0.46935194146974424  0.47096612247264974  0.025993854214838793  
6.26  0.03368512266460297  0.46935270818625646  0.4709657961353133  0.02599394699577122  
6.28  0.03368494812934218  0.4693533542602224  0.4709653510946176  0.025993920442229826  
6.3  0.03368512252164678  0.46935387795263206  0.47096478577625966  0.025993787594652033  
6.32  0.033685632734180807  0.46935427870527024  0.47096409979420684  0.025993562506357693  
6.34  0.03368646254241081  0.46935455713110313  0.47096329393957664  0.025993259999693513  
6.36  0.03368759289701041  0.46935471499169107  0.4709623701565806  0.025992895420280465  
6.38  0.03368900223962734  0.46935475516198055  0.4709613315058201  0.02599248439311598  
6.4  0.03369066683735201  0.46935468158306226  0.4709601821155212  0.02599204258409247  
6.42  0.03369256113113981  0.46935449920359884  0.47095892712136905  0.025991585470268936  
6.44  0.03369465809342762  0.46935421391084875  0.47095757259577475  0.025991128121945806  
6.46  0.03369692959022218  0.46935383245226175  0.4709561254675614  0.02599068499927875  
6.48  0.03369934674306226  0.4693533623487531  0.4709545934331539  0.0259902697658092  
6.5  0.03370188028641557  0.46935281180087557  0.47095298486051657  0.025989895120936912  
6.5200000000000005  0.033704500916311136  0.4693521895891522  0.4709513086871118  0.025989572652989047  
6.54  0.03370717962627619  0.4693515049698102  0.47094957431321166  0.02598931271419639  
6.5600000000000005  0.03370988802696294  0.4693507675672916  0.47094779149190175  0.025989124318533424  
6.58  0.03371259864619714  0.46934998726486604  0.4709459702171243  0.02598901506300824  
6.6000000000000005  0.033715285206559094  0.4693491740945745  0.47094412061113794  0.025988991072649584  
6.62  0.03371792287799908  0.4693483381279083  0.4709422528126375  0.025989056969083765  
6.640000000000001  0.03372048850340078  0.4693474893683827  0.47094037686687507  0.025989215862256655  
6.66  0.03372296079542978  0.4693466376472536  0.47093850261899484  0.02598946936452925  
6.68  0.033725320503423785  0.46934579252348185  0.4709366396117473  0.025989817626096375  
6.7  0.033727550549501495  0.4693449631890401  0.47093479698868906  0.025990259390370148  
6.72  0.033729636133482926  0.4693441583804766  0.4709329834038959  0.025990792067763474  
6.74  0.03373156480661018  0.46934338629769695  0.47093120693910673  0.025991411826062343  
6.76  0.03373332651444356  0.4693426545306765  0.4709294750291207  0.025992113695410567  
6.78  0.033734913609671985  0.4693419699947863  0.47092779439616916  0.025992891685793412  
6.8  0.03373632083590874  0.46934133887534685  0.4709261709938494  0.025993738914776673  
6.82  0.03373754528386558  0.46934076658176915  0.4709246099610895  0.02599464774322258  
6.84  0.03373858632157103  0.4693402577116538  0.47092311558650124  0.025995609916633862  
6.86  0.033739445500551524  0.4693398160250066  0.4709216912833143  0.025996616709819936  
6.88  0.03374012644011201  0.4693394444286919  0.4709203395749746  0.02599765907258871  
6.9  0.03374063469203316  0.46933914497100854  0.47091906209136025  0.025998727774269915  
6.92  0.033740977588144004  0.46933891884623447  0.47091785957542964  0.02599981354495922  
6.94  0.033741164073347436  0.46933876640887384  0.4709167318999447  0.026000907211521387  
6.96  0.033741204526742924  0.46933868719716787  0.4709156780939265  0.026001999826543987  
6.98  0.0337411105735354  0.4693386799653616  0.47091469637820166  0.02600308278862078  
7.0  0.03374089489042085  0.46933874272409787  0.4709137842094162  0.026004147952547112  
7.0200000000000005  0.033740571007108686  0.46933887278828984  0.4709129383318059  0.02600518772820997  
7.04  0.033740153106574876  0.4693390668316148  0.4709121548358392  0.026006195167197918  
7.0600000000000005  0.0337396558265323  0.4693393209468363  0.47091142922286705  0.026007164036360417  
7.08  0.03373909406447543  0.4693396307110921  0.47091075647485986  0.02600808887776967  
7.1000000000000005  0.03373848278849429  0.4693399912551985  0.47091013112826335  0.026008965054757277  
7.12  0.03373783685587183  0.4693403973360954  0.4709095473509775  0.02600978878390309  
7.140000000000001  0.0337371708412884  0.46934084341149257  0.47090899902149924  0.026010557153057445  
7.16  0.03373649887625682  0.4693413237158018  0.47090847980921857  0.026011268125691763  
7.18  0.033735834501204064  0.469341832336426  0.47090798325490385  0.026011920532054377  
7.2  0.0337351905314049  0.4693423632895193  0.47090750285037386  0.026012514047810745  
7.22  0.03373457893775393  0.4693429105942926  0.4709070321164796  0.02601304916099927  
7.24  0.03373401074314483  0.4693434683450457  0.4709065646784265  0.026013527128295695  
7.26  0.033733495934999885  0.4693440307800988  0.47090609433763897  0.02601394992170145  
7.28  0.033733043394279544  0.4693445923468541  0.4709056151393609  0.026014320166873373  
7.3  0.03373266084107891  0.46934514776230646  0.4709051214352819  0.026014641074394166  
7.32  0.033732354796713125  0.469345692068361  0.47090460794056554  0.02601491636533875  
7.34  0.03373213056199542  0.4693462206814565  0.47090406978471855  0.026015150192509474  
7.36  0.03373199221122114  0.46934672943597483  0.47090350255587093  0.026015347058750273  
7.38  0.033731942601202373  0.4693472146211506  0.4709029023381067  0.026015511733695883  
7.4  0.033731983394541  0.4693476730111345  0.47090226574155347  0.026015649170313147  
7.42  0.03373211509618907  0.4693481018880965  0.4709015899251298  0.026015764422516123  
7.44  0.033732337102226874  0.46934849905822407  0.4709008726118385  0.026015862565072437  
7.46  0.03373264775969076  0.4693488628606803  0.4709001120966397  0.026015948616932176  
7.48  0.03373304443619599  0.4693491921695938  0.4708993072470934  0.026016027469002785  
7.5  0.03373352359804349  0.4693494863892631  0.47089845749687465  0.026016103817286456  
7.5200000000000005  0.03373408089545462  0.4693497454428553  0.47089756283255585  0.026016182102157857  
7.54  0.03373471125355074  0.46934996975494764  0.47089662377402053  0.026016266454452673  
7.5600000000000005  0.03373540896768796  0.4693501602283241  0.4708956413488944  0.026016360648865096  
7.58  0.033736167801769634  0.46935031821552137  0.47089461706160857  0.026016468065039357  
7.6000000000000005  0.033736981088176174  0.46935044548565874  0.4708935528576238  0.026016591656579425  
7.62  0.033737841828000235  0.46935054418714034  0.4708924510834489  0.026016733928065406  
7.640000000000001  0.033738742790326647  0.4693506168069083  0.4708913144431477  0.026016896920035046  
7.66  0.03373967660936403  0.46935066612684345  0.47089014595201356  0.026017082201749423  
7.68  0.03374063587831772  0.46935069517805506  0.47088894888814253  0.02601729087145506  
7.7  0.03374161323898809  0.46935070719373745  0.4708877267426207  0.0260175235637393  
7.72  0.03374260146617765  0.46935070556126596  0.47088648316904813  0.026017780463488904  
7.74  0.03374359354610524  0.46935069377424526  0.47088522193308696  0.02601806132588019  
7.76  0.03374458274813887  0.46935067538512387  0.4708839468627248  0.026018365501761162  
7.78  0.03374556268928538  0.469350653959026  0.4708826617998322  0.02601869196775214  
7.8  0.033746527390995935  0.4693506330293693  0.47088137055367013  0.026019039360330645  
7.82  0.03374747132797119  0.46935061605578365  0.47088007685680133  0.026019406013176184  
7.84  0.033748389468771664  0.46935060638481574  0.4708787843239308  0.026019789997010472  
7.86  0.033749277308160644  0.4693506072138408  0.4708774964140694  0.02602018916120169  
7.88  0.033750130891217325  0.46935062155848317  0.4708762163963153  0.02602060117639942  
7.9  0.033750946829368474  0.46935065222390193  0.4708749473196026  0.026021023577497877  
7.92  0.03375172230858366  0.46935070178008526  0.4708736919865715  0.02602145380626627  
7.94  0.033752455090066115  0.46935077254135343  0.47087245293169827  0.026021889253022096  
7.96  0.03375314350384657  0.46935086655011304  0.47087123240380796  0.026022327296775404  
7.98  0.03375378643575377  0.469350985564899  0.47087003235294866  0.02602276534332844  
8.0  0.033754383308298615  0.4693511310526828  0.47086885442161514  0.026023200860876016  
8.02  0.03375493405605116  0.469351304185307  0.4708676999402202  0.02602363141271251  
8.040000000000001  0.033755439096136354  0.46935150583993984  0.47086656992666603  0.026024054686723478  
8.06  0.033755899294500666  0.4693517366032949  0.47086546508981014  0.026024468521404248  
8.08  0.03375631592861869  0.4693519967794459  0.47086438583662094  0.02602487092822122  
8.1  0.033756690647318906  0.46935228640087184  0.47086333228270705  0.026025260110193932  
8.120000000000001  0.033757025428405654  0.4693526052424782  0.4708623042659349  0.026025634476648924  
8.14  0.033757322534747426  0.4693529528382129  0.47086130136277426  0.026025992654154537  
8.16  0.033757584469480156  0.469353328499913  0.4708603229070728  0.026026333493709485  
8.18  0.033757813930950106  0.46935373133804137  0.4708593680108271  0.026026656074312288  
8.2  0.033758013767992326  0.4693541602838522  0.4708584355865933  0.026026959703077005  
8.22  0.03375818693609559  0.46935461411266294  0.47085752437118505  0.026027243912124777  
8.24  0.0337583364549666  0.4693550914678192  0.4708566329502298  0.02602750845250256  
8.26  0.03375846536795727  0.4693555908849501  0.47085575978324884  0.02602775328540901  
8.28  0.033758576703765045  0.46935611081621054  0.4708549032288961  0.026027978571042474  
8.3  0.03375867344076538  0.469356649654097  0.47085406156998677  0.02602818465539461  
8.32  0.03375875847427773  0.4693572057545835  0.4708532330380513  0.026028372055318535  
8.34  0.033758834587009706  0.46935777745926444  0.47085241583706394  0.026028541442221907  
8.36  0.03375890442286972  0.46935836311623297  0.4708516081661168  0.026028693624695887  
8.38  0.03375897046427608  0.4693589610994964  0.47085080824077935  0.026028829530434092  
8.4  0.03375903501304704  0.46935956982673865  0.4708500143129545  0.026028950187726732  
8.42  0.03375910017489001  0.46936018777528193  0.47084922468905016  0.026029056706844366  
8.44  0.03375916784747209  0.4693608134961238  0.47084843774634433  0.02602915026157181  
8.46  0.033759239711996764  0.469361445626009  0.47084765194739353  0.026029232071145315  
8.48  0.033759317228178015  0.4693620828974546  0.47084686585248237  0.026029303382817785  
8.5  0.033759401632457366  0.46936272414675245  0.47084607812999024  0.02602936545525081  
8.52  0.03375949393928059  0.4693633683199831  0.4708452875647483  0.02602941954289712  
8.540000000000001  0.03375959494521898  0.4693640144770551  0.47084449306434184  0.026029466881521728  
8.56  0.03375970523569338  0.469364661793903  0.470843693663429  0.026029508674972373  
8.58  0.033759825194040645  0.4693653095629045  0.4708428885261338  0.026029546083280952  
8.6  0.03375995501264455  0.46936595719167384  0.47084207694664504  0.026029580212171322  
8.620000000000001  0.03376009470584268  0.4693666042003434  0.4708412583480758  0.026029612103989075  
8.64  0.0337602441243108  0.46936725021751285  0.47084043227976347  0.026029642730073004  
8.66  0.03376040297062853  0.46936789497500353  0.4708395984131484  0.02602967298455778  
8.68  0.03376057081572742  0.4693685383016132  0.47083875653638174  0.026029703679560486  
8.700000000000001  0.033760747115934936  0.46936918011602524  0.47083790654785185  0.02602973554170686  
8.72  0.033760931230334024  0.46936982041903885  0.47083704844877455  0.026029769209937072  
8.74  0.03376112243817974  0.4693704592853139  0.47083618233505914  0.026029805234485785  
8.76  0.03376131995612435  0.4693710968547725  0.47083530838858995  0.026029844076976293  
8.78  0.03376152295502467  0.46937173332381044  0.47083442686809857  0.026029886111509214  
8.8  0.033761730576125484  0.46937236893650086  0.47083353809979805  0.026029931626656268  
8.82  0.03376194194643318  0.46937300397590226  0.4708326424679168  0.026029980828250813  
8.84  0.03376215619310911  0.4693736387556154  0.470831740405247  0.026030033842854704  
8.86  0.033762372456739194  0.46937427361171186  0.47083083238392653  0.02603009072180771  
8.88  0.03376258990335555  0.46937490889515104  0.47082991890647496  0.02603015144573184  
8.9  0.033762807735110735  0.46937554496478007  0.47082900049726845  0.026030215929397863  
8.92  0.03376302519952848  0.46937618218097243  0.47082807769451446  0.026030284026846925  
8.94  0.033763241597281675  0.4693768208999945  0.4708271510428164  0.026030355536683016  
8.96  0.033763456288471556  0.4693774614691363  0.4708262210863849  0.026030430207441533  
8.98  0.033763668697411583  0.46937810422263687  0.4708252883629565  0.026030507742979866  
9.0  0.03376387831593817  0.4693787494783906  0.47082435339842177  0.02603058780780775  
9.02  0.03376408470529752  0.4693793975354703  0.4708234167021938  0.026030670032326578  
9.040000000000001  0.03376428749667785  0.46938004867238503  0.4708224787633061  0.026030754017928173  
9.06  0.033764486390473684  0.4693807031460805  0.4708215400472248  0.026030839341925363  
9.08  0.033764681154390255  0.4693813611916074  0.47082060099332584  0.026030925562296168  
9.1  0.033764871620504275  0.4693820230223834  0.4708196620130143  0.0260310122222421  
9.120000000000001  0.0337650576814146  0.46938268883099205  0.4708187234884201  0.026031098854543425  
9.14  0.033765239285623805  0.46938335879040277  0.47081778577161754  0.026031184985738167  
9.16  0.033765416432296025  0.4693840330555415  0.470816849184287  0.026031270140128255  
9.18  0.03376558916554427  0.4693847117651043  0.47081591401776596  0.026031353843636397  
9.200000000000001  0.03376575756839533  0.46938539504349586  0.4708149805333976  0.026031435627542458  
9.22  0.033765921756582926  0.4693860830028017  0.47081404896312545  0.026031515032120874  
9.24  0.03376608187230667  0.46938677574471865  0.47081311951025506  0.026031591610206982  
9.26  0.033766238078091405  0.46938747336230097  0.4708121923502974  0.026031664930727397  
9.28  0.0337663905508631  0.46938817594147825  0.47081126763190106  0.026031734582194987  
9.3  0.03376653947634498  0.46938888356228015  0.47081034547772  0.026031800176195916  
9.32  0.033766685043859525  0.4693895962996959  0.47080942598530623  0.02603186135085802  
9.34  0.033766827441600186  0.4693903142241631  0.47080850922789746  0.026031917774289096  
9.36  0.033766966852421594  0.469391037401667  0.4708075952551505  0.026031969147956198  
9.38  0.03376710345017494  0.46939176589346876  0.47080668409380877  0.0260320152099543  
9.4  0.033767237396597184  0.46939249975549713  0.4708057757483248  0.026032055738109586  
9.42  0.03376736883875108  0.4693932390374509  0.4708048702014572  0.026032090552841926  
9.44  0.03376749790699276  0.46939398378166014  0.470803967414883  0.026032119519704303  
9.46  0.033767624713438166  0.46939473402182  0.47080306732989463  0.02603214255151584  
9.48  0.03376774935088903  0.469395489781625  0.47080216986818557  0.026032159609997288  
9.5  0.03376787189218994  0.46939625107340294  0.47080127493279245  0.026032170706842935  
9.52  0.03376799238999111  0.4693970178968373  0.47080038240918964  0.026032175904148573  
9.540000000000001  0.03376811087690866  0.4693977902378179  0.4707994921665433  0.026032175314155637  
9.56  0.03376822736607666  0.46939856806746566  0.47079860405909557  0.026032169098273876  
9.58  0.03376834185208238  0.4693993513414059  0.470797717927678  0.02603215746537161  
9.6  0.033768454312256696  0.469400139999282  0.47079683360134317  0.02603214066933944  
9.620000000000001  0.03376856470827804  0.4694009339645625  0.47079595089909076  0.02603211900596119  
9.64  0.03376867298802937  0.4694017331445921  0.4707950696317302  0.026032092809129624  
9.66  0.033768779087658185  0.46940253743095905  0.47079418960384944  0.02603206244647166  
9.68  0.03376888293378012  0.4694033467001111  0.47079331061588214  0.026032028314449  
9.700000000000001  0.03376898444578378  0.46940416081423625  0.47079243246624725  0.026031990833020126  
9.72  0.03376908353819893  0.4694049796223966  0.47079155495356056  0.026031950439957905  
9.74  0.03376918012309221  0.46940580296184636  0.4707906778788429  0.02603190758490656  
9.76  0.03376927411245883  0.46940663065956995  0.47078980104767354  0.026031862723297654  
9.78  0.03376936542057961  0.4694074625339375  0.47078892427231694  0.026031816310216935  
9.8  0.0337694539663161  0.4694082983964854  0.4707880473737068  0.02603176879433768  
9.82  0.033769539675310066  0.46940913805375134  0.47078717018333155  0.026031720612020835  
9.84  0.03376962248206423  0.4694099813091336  0.47078629254489596  0.026031672181680593  
9.86  0.033769702331875776  0.46941082796473543  0.4707854143158357  0.02603162389850936  
9.88  0.033769779182597714  0.4694116778231606  0.4707845353685836  0.026031576129650416  
9.9  0.03376985300620587  0.46941253068921235  0.4707836555916327  0.02603152920988371  
9.92  0.03376992379015058  0.46941338637145397  0.470782774890322  0.0260314834378975  
9.94  0.03376999153847532  0.469414244683644  0.47078189318739283  0.026031439073194846  
9.96  0.033770056272687074  0.46941510544597126  0.4707810104232983  0.026031396333674343  
9.98  0.03377011803236734  0.46941596848612743  0.4707801265562519  0.026031355393909134  
10.0  0.033770176875512314  0.4694168336401396  0.47077924156203477  0.026031316384142883  
10.02  0.033770232878599996  0.46941770075301004  0.4707783554335905  0.026031279390001664  
10.040000000000001  0.0337702861363794  0.4694185696791473  0.4707774681803946  0.026031244452907987  
10.06  0.03377033676138517  0.46941944028257104  0.4707765798276255  0.026031211571177562  
10.08  0.03377038488318439  0.4694203124369044  0.4707756904151854  0.026031180701767426  
10.1  0.03377043064736182  0.4694211860251794  0.4707747999965549  0.026031151762621975  
10.120000000000001  0.033770474214259716  0.4694220609394679  0.4707739086375351  0.026031124635574047  
10.14  0.033770515757488455  0.46942293708031646  0.47077301641488467  0.026031099169734076  
10.16  0.03377055546222654  0.46942381435608516  0.4707721234149087  0.02603107518530407  
10.18  0.0337705935233373  0.4694246926821088  0.47077122973197694  0.026031052477742282  
10.200000000000001  0.03377063014332415  0.4694255719798009  0.4707703354670424  0.026031030822201557  
10.22  0.033770665530157375  0.46942645217566376  0.470769440726175  0.026031009978166816  
10.24  0.03377069989500111  0.4694273332002434  0.47076854561910075  0.026030989694207012  
10.26  0.03377073344987539  0.4694282149870812  0.4707676502578298  0.026030969712770316  
10.28  0.03377076640528498  0.4694290974716382  0.47076675475531  0.026030949774938937  
10.3  0.03377079896785368  0.4694299805902618  0.47076585922421105  0.026030929625072866  
10.32  0.03377083133799443  0.4694308642791853  0.4707649637757793  0.02603090901527428  
10.34  0.03377086370765446  0.46943174847358843  0.4707640685188176  0.02603088770960673  
10.36  0.033770896258167024  0.4694326331067332  0.47076317355877567  0.026030865488008165  
10.38  0.033770929158241404  0.4694335181092109  0.47076227899696205  0.026030842149850564  
10.4  0.03377096256212351  0.46943440340826537  0.47076138492988856  0.026030817517104787  
10.42  0.03377099660795343  0.4694352889272668  0.47076049144874027  0.02603079143706114  
10.44  0.033771031416343196  0.469436174585264  0.47075959863894556  0.02603076378459205  
10.46  0.03377106708920026  0.46943706029670373  0.470758706579884  0.02603073446393183  
10.48  0.033771103708808946  0.46943794597124777  0.4707578153447062  0.026030703409954243  
10.5  0.0337711413371862  0.46943883151373356  0.4707569250002245  0.02603067058895492  
10.52  0.03377118001571876  0.4694397168242426  0.4707560356069278  0.026030635998934643  
10.540000000000001  0.03377121976508777  0.46944060179831715  0.47075514721905415  0.026030599669398143  
10.56  0.03377126058547825  0.4694414863272459  0.4707542598847508  0.026030561660682416  
10.58  0.03377130245707045  0.4694423702984921  0.4707533736462805  0.026030522062843463  
10.6  0.03377134534080363  0.4694432535962011  0.47075248854027474  0.02603048099412925  
10.620000000000001  0.03377138917939822  0.469444136101779  0.4707516045980359  0.026030438599071677  
10.64  0.033771433898621  0.46944501769457153  0.4707507218458477  0.026030395046243892  
10.66  0.033771479408771135  0.4694458982525719  0.4707498403053098  0.026030350525714965  
10.68  0.033771525606366606  0.46944677765318704  0.47074895999368654  0.026030305246264377  
10.700000000000001  0.03377157237600197  0.46944765577404035  0.47074808092423176  0.026030259432388365  
10.72  0.03377161959235259  0.46944853249378266  0.47074720310651375  0.026030213321161344  
10.74  0.03377166712229425  0.4694494076929077  0.4707463265467383  0.026030167158992108  
10.76  0.03377171482710713  0.4694502812545449  0.47074545124800454  0.026030121198337162  
10.78  0.03377176256473603  0.46945115306525065  0.4707445772105867  0.02603007569441167  
10.8  0.033771810192070886  0.4694520230157348  0.47074370443212793  0.026030030901947856  
10.82  0.033771857567219545  0.46945289100155907  0.4707428329078463  0.026029987072047237  
10.84  0.03377190455174067  0.4694537569237574  0.47074196263067564  0.026029944449172088  
10.86  0.03377195101280828  0.46945462068939664  0.4707410935913782  0.026029903268308577  
10.88  0.03377199682527789  0.4694554822120493  0.47074022577863506  0.026029863752342394  
10.9  0.03377204187362925  0.469456341412194  0.47073935917908366  0.026029826109671715  
10.92  0.03377208605376112  0.46945719821751736  0.4707384937773508  0.026029790532091198  
10.94  0.03377212927461335  0.46945805256311973  0.47073762955602594  0.02602975719295559  
10.96  0.033772171459601714  0.46945890439164295  0.4707367664956719  0.026029726245656713  
10.98  0.03377221254784421  0.4694597536532857  0.47073590457476067  0.026029697822401752  
11.0  0.033772252495169026  0.4694606003057479  0.470735043769641  0.026029672033323334  
11.02  0.03377229127489012  0.46946144431405434  0.47073418405449197  0.026029648965906413  
11.040000000000001  0.03377232887834799  0.4694622856503437  0.4707333254012716  0.02602962868473271  
11.06  0.03377236531520808  0.4694631242935161  0.47073246777967703  0.026029611231540885  
11.08  0.033772400613520125  0.46946396022885556  0.4707316111571243  0.026029596625582574  
11.1  0.033772434819538094  0.4694647934475826  0.47073075549874616  0.02602958486426844  
11.120000000000001  0.033772467997309444  0.46946562394633623  0.4707299007673838  0.02602957592407752  
11.14  0.033772500228041555  0.469466451726617  0.47072904692364437  0.026029569761712487  
11.16  0.03377253160925737  0.46946727679418043  0.47072819392594056  0.026029566315477513  
11.18  0.03377256225375566  0.46946809915844484  0.4707273417305982  0.02602956550685113  
11.200000000000001  0.0337725922883906  0.4694689188318355  0.4707264902919478  0.0260295672422267  
11.22  0.03377262185269146  0.46946973582915286  0.47072563956248215  0.02602957141478889  
11.24  0.033772651097341115  0.4694705501669416  0.4707247894930163  0.026029577906503155  
11.26  0.03377268018253722  0.4694713618628667  0.4707239400328917  0.026029586590178785  
11.28  0.03377270927625613  0.4694721709351248  0.4707230911301705  0.026029597331579498  
11.3  0.03377273855244556  0.4694729774018843  0.4707222427318917  0.026029609991555697  
11.32  0.03377276818916776  0.4694737812807721  0.47072139478432196  0.02602962442815968  
11.34  0.03377279836672024  0.4694745825884131  0.47072054723321116  0.026029640498725866  
11.36  0.03377282926575312  0.4694753813400019  0.470719700024079  0.026029658061879506  
11.38  0.033772861065412926  0.4694761775489863  0.47071885310250583  0.026029676979458325  
11.4  0.033772893941527375  0.4694769712267571  0.470718006414405  0.0260296971183187  
11.42  0.033772928064859  0.46947776238246375  0.47071715990632396  0.026029718352009155  
11.44  0.03377296359944536  0.46947855102285996  0.470716313525711  0.02602974056228888  
11.46  0.033773000701041805  0.4694793371522394  0.4707154672211961  0.026029763640479035  
11.48  0.033773039515688226  0.46948012077243756  0.4707146209428372  0.026029787488639388  
11.5  0.03377308017840885  0.46948090188291874  0.47071377464236225  0.026029812020545638  
11.52  0.033773122812063475  0.46948168048090355  0.4707129282734076  0.026029837162481268  
11.540000000000001  0.033773167526356514  0.46948245656158794  0.47071208179170254  0.02602986285381832  
11.56  0.033773214417013336  0.4694832301183951  0.47071123515523755  0.02602988904740325  
11.58  0.033773263565129864  0.4694840011433089  0.47071038832442336  0.02602991570974116  
11.6  0.03377331503670008  0.46948476962722974  0.47070954126222064  0.026029942820981127  
11.620000000000001  0.0337733688823209  0.46948553556038203  0.470708693934201  0.02602997037471686  
11.64  0.033773425137075805  0.4694862989327531  0.47070784630863727  0.026029998377600217  
11.66  0.03377348382059187  0.46948705973455584  0.47070699835652047  0.026030026848794605  
11.68  0.033773544937267454  0.4694878179567093  0.47070615005156746  0.026030055819263067  
11.700000000000001  0.033773608476662206  0.46948857359132373  0.4707053013701893  0.026030085330923314  
11.72  0.03377367441404053  0.4694893266321899  0.4707044522914342  0.026030115435668626  
11.74  0.03377374271105894  0.4694900770752517  0.47070360279690665  0.0260301461942881  
11.76  0.03377381331658565  0.4694908249190726  0.470702752870662  0.026030177675295443  
11.78  0.03377388616763819  0.4694915701652649  0.4707019024990675  0.026030209953684963  
11.8  0.03377396119042516  0.4694923128189082  0.47070105167065873  0.026030243109638175  
11.82  0.033774038301478855  0.46949305288890547  0.47070020037595434  0.026030277227198372  
11.84  0.03377411740886049  0.46949379038831135  0.47069934860727786  0.02603031239293073  
11.86  0.03377419841342317  0.4694945253346039  0.47069849635853905  0.026030348694590897  
11.88  0.033774281210117316  0.46949525774990986  0.4706976436250278  0.026030386219813347  
11.9  0.033774365689320726  0.46949598766117256  0.4706967904031811  0.026030425054847862  
11.92  0.033774451738176746  0.46949671510024293  0.4706959366903482  0.026030465283345346  
11.94  0.03377453924192758  0.4694974401039404  0.4706950824845616  0.02603050698522189  
11.96  0.03377462808522403  0.46949816271402145  0.4706942277842815  0.026030550235606638  
11.98  0.03377471815339955  0.46949888297712217  0.47069337258816524  0.026030595103884325  
12.0  0.03377480933369349  0.46949960094460114  0.4706925168948266  0.02603064165284759  
12.02  0.033774901516412825  0.46950031667235287  0.4706916607025957  0.026030689937966416  
12.040000000000001  0.03377499459601883  0.4695010302205571  0.47069080400930235  0.02603074000677544  
12.06  0.03377508847212983  0.4695017416533735  0.4706899468120512  0.026030791898392396  
12.08  0.03377518305043047  0.4695024510386049  0.470689089107017  0.026030845643161545  
12.1  0.03377527824348093  0.46950315844730156  0.4706882308892544  0.026030901262430916  
12.120000000000001  0.03377537397141828  0.46950386395333527  0.4706873721524998  0.026030958768456836  
12.14  0.03377547016254629  0.46950456763294346  0.47068651288902075  0.02603101816443045  
12.16  0.03377556675381228  0.46950526956426086  0.47068565308946037  0.026031079444637447  
12.18  0.03377566369116539  0.4695059698268136  0.47068479274270286  0.02603114259471731  
12.200000000000001  0.033775760929800364  0.46950666850102707  0.4706839318357584  0.026031207592045576  
12.22  0.033775858434283226  0.46950736566770584  0.4706830703536676  0.02603127440620746  
12.24  0.033775956178566165  0.46950806140754736  0.47068220827943164  0.026031342999559844  
12.26  0.03377605414589226  0.4695087558006368  0.4706813455939476  0.026031413327878748  
12.280000000000001  0.0337761523285942  0.469509448925976  0.4706804822759764  0.026031485341068094  
12.3  0.03377625072779693  0.4695101408610327  0.4706796183021349  0.026031558983923297  
12.32  0.03377634935302605  0.4695108316813132  0.4706787536468825  0.02603163419694458  
12.34  0.03377644822173229  0.46951152145998004  0.47067788828257107  0.026031710917168292  
12.36  0.0337765473587417  0.4695122102674955  0.4706770221794813  0.026031789079025952  
12.38  0.033776646795637584  0.46951289817131436  0.4706761553058823  0.0260318686152026  
12.4  0.03377674657008529  0.46951358523562176  0.4706752876281369  0.026031949457486613  
12.42  0.03377684672510997  0.46951427152111785  0.47067441911079255  0.026032031537602057  
12.44  0.03377694730833692  0.46951495708485175  0.47067354971670666  0.026032114788008747  
12.46  0.03377704837120309  0.4695156419801094  0.47067267940719565  0.0260321991426624  
12.48  0.0337771499681535  0.4695163262563541  0.47067180814219306  0.02603228453772323  
12.5  0.03377725215582828  0.46951700995920354  0.47067093588041015  0.026032370912207763  
12.52  0.03377735499225353  0.4695176931304858  0.470670062579535  0.0260324582085705  
12.540000000000001  0.033777458536042686  0.4695183758083104  0.4706691881964302  0.026032546373216357  
12.56  0.03377756284561876  0.46951905802721444  0.47066831268734083  0.026032635356936472  
12.58  0.033777667978466076  0.4695197398183251  0.4706674360081243  0.026032725115260124  
12.6  0.033777773990417294  0.4695204212095844  0.47066655811445773  0.026032815608722188  
12.620000000000001  0.03377788093498479  0.46952110222598986  0.4706656789621033  0.026032906803050343  
12.64  0.03377798886274049  0.4695217828898882  0.47066479850711845  0.026032998669258088  
12.66  0.033778097820751335  0.4695224632212641  0.47066391670613317  0.0260330911836596  
12.68  0.03377820785207331  0.4695231432380801  0.47066303351658484  0.02603318432779845  
12.700000000000001  0.03377831899530503  0.4695238229566157  0.4706621488969659  0.026033278088291156  
12.72  0.0337784312842065  0.4695245023918343  0.4706612628070974  0.026033372456598234  
12.74  0.03377854474738095  0.46952518155774087  0.4706603752083663  0.02603346742871841  
12.76  0.033778659408018816  0.46952586046774647  0.47065948606400604  0.026033563004812837  
12.780000000000001  0.03377877528370453  0.4695265391350467  0.47065859533935006  0.026033659188768522  
12.8  0.0337788923862803  0.4695272175729825  0.4706577030020928  0.02603375598770462  
12.82  0.033779010721768095  0.4695278957953971  0.47065680902255036  0.026033853411432866  
12.84  0.0337791302903441  0.4695285738169868  0.47065591337392043  0.026033951471882543  
12.86  0.033779251086363475  0.4695292516536243  0.4706550160325296  0.026034050182496035  
12.88  0.03377937309843419  0.46952992932266474  0.4706541169780666  0.026034149557609316  
12.9  0.03377949630953779  0.46953060684324854  0.4706532161938043  0.026034249611837024  
12.92  0.03377962069719472  0.4695312842365257  0.47065231366677507  0.026034350359459186  
12.94  0.03377974623367544  0.46953196152589327  0.4706514093879552  0.026034451813837536  
12.96  0.03377987288625347  0.4695326387371597  0.47065050335234926  0.02603455398686542  
12.98  0.03378000061750083  0.4695333158986897  0.47064959555911623  0.026034656888460583  
13.0  0.033780129385622464  0.46953399304148286  0.4706486860115602  0.026034760526110798  
13.02  0.033780259144827254  0.4695346701992101  0.47064777471712815  0.02603486490448269  
13.040000000000001  0.0337803898457313  0.46953534740820313  0.4706468616873584  0.026034970025092936  
13.06  0.03378052143578845  0.4695360247074019  0.4706459469377556  0.026035075886045908  
13.08  0.033780653859742375  0.4695367021382595  0.47064503048763034  0.026035182481839433  
13.1  0.03378078706009341  0.4695373797445786  0.47064411235991077  0.02603528980323958  
13.120000000000001  0.033780920977575214  0.4695380575723561  0.4706431925809093  0.026035397837220687  
13.14  0.03378105555163007  0.4695387356695508  0.47064227118004226  0.026035506566960624  
13.16  0.033781190720881885  0.469539414085862  0.4706413481895574  0.02603561597190228  
13.18  0.03378132642359369  0.4695400928724587  0.47064042364421194  0.026035726027860938  
13.200000000000001  0.03378146259810937  0.4695407720817116  0.4706394975809551  0.02603583670718111  
13.22  0.03378159918327004  0.46954145176691187  0.4706385700385951  0.026035947978934288  
13.24  0.03378173611880192  0.4695421319819733  0.47063764105746725  0.02603605980915137  
13.26  0.03378187334567184  0.469542812781148  0.47063671067910356  0.026036172161088066  
13.280000000000001  0.03378201080640637  0.4695434942187461  0.47063577894591074  0.026036284995509335  
13.3  0.03378214844537346  0.46954417634885415  0.470634845900856  0.026036398271000506  
13.32  0.033782286209023495  0.4695448592250772  0.4706339115871749  0.026036511944285894  
13.34  0.03378242404609105  0.4695455429002733  0.4706329760480818  0.026036625970560955  
13.36  0.033782561907755235  0.469546227426339  0.4706320393265074  0.026036740303828312  
13.38  0.033782699747762726  0.46954691285397526  0.47063110146486614  0.026036854897233175  
13.4  0.03378283752251075  0.4695475992324973  0.47063016250482526  0.026036969703396706  
13.42  0.03378297519109509  0.4695482866096623  0.47062922248711675  0.026037084674744672  
13.44  0.03378311271532325  0.46954897503150417  0.47062828145135654  0.02603719976381957  
13.46  0.0337832500596964  0.4695496645422039  0.47062733943590856  0.026037314923586203  
13.48  0.03378338719136238  0.4695503551839675  0.47062639647774834  0.02603743010771481  
13.5  0.03378352408004157  0.4695510469969431  0.47062545261236827  0.026037545270843784  
13.52  0.03378366069792976  0.4695517400191425  0.47062450787371624  0.026037660368823715  
13.540000000000001  0.03378379701958041  0.46955243428638543  0.4706235622941362  0.02603777535893249  
13.56  0.03378393302176878  0.46955312983228426  0.47062261590435195  0.026037890200063973  
13.58  0.033784068683340926  0.46955382668821377  0.4706216687334742  0.02603800485288555  
13.6  0.03378420398505195  0.46955452488332866  0.47062072080902295  0.026038119279968297  
13.620000000000001  0.03378433890939435  0.46955522444457753  0.4706197721569811  0.026038233445884233  
13.64  0.03378447344042041  0.46955592539675833  0.47061882280186096  0.026038347317271584  
13.66  0.03378460756356231  0.46955662776255236  0.4706178727668049  0.026038460862866108  
13.68  0.033784741265451265  0.46955733156260776  0.47061692207369943  0.026038574053508495  
13.700000000000001  0.03378487453373919  0.46955803681561437  0.4706159707432761  0.02603868686211664  
13.72  0.03378500735692632  0.4695587435383835  0.47061501879527723  0.026038799263633564  
13.74  0.03378513972419471  0.4695594517459622  0.47061406624859037  0.02603891123494881  
13.76  0.033785271625252106  0.4695601614517114  0.4706131131213961  0.02603902275480139  
13.780000000000001  0.03378540305018472  0.4695608726674209  0.4706121594313511  0.02603913380366399  
13.8  0.03378553398932179  0.4695615854034119  0.47061120519572436  0.026039244363604813  
13.82  0.03378566443311252  0.4695622996686416  0.47061025043158894  0.026039354418147104  
13.84  0.03378579437201315  0.4695630154708024  0.47060929515597044  0.026039463952113467  
13.86  0.033785923796389145  0.4695637328163983  0.47060833938602414  0.02603957295147256  
13.88  0.033786052696427864  0.46956445171084543  0.4706073831391917  0.026039681403176158  
13.9  0.03378618106206543  0.46956517215852783  0.47060642643336476  0.026039789295009164  
13.92  0.03378630888292454  0.4695658941628621  0.4706054692870292  0.02603989661543695  
13.94  0.0337864361482634  0.46956661772634617  0.4706045117194216  0.026040003353470224  
13.96  0.03378656284693659  0.4695673428505823  0.4706035537506558  0.026040109498531992  
13.98  0.03378668896736419  0.4695680695363046  0.47060259540184846  0.02604021504034267  
14.0  0.03378681449751183  0.4695687977833876  0.4706016366952495  0.026040319968815125  
14.02  0.03378693942487851  0.46956952759085374  0.47060067765431635  0.02604042427396541  
14.040000000000001  0.033787063736492776  0.4695702589568581  0.470599718303825  0.02604052794583592  
14.06  0.03378718741891682  0.4695709918786851  0.4705987586699156  0.02604063097443114  
14.08  0.033787310458259084  0.4695717263527339  0.47059779878016034  0.02604073334966949  
14.1  0.03378743284019316  0.46957246237450967  0.47059683866359264  0.026040835061344508  
14.120000000000001  0.033787554549984625  0.4695731999385976  0.4705958783507168  0.026040936099100156  
14.14  0.0337876755725234  0.46957393903866185  0.47059491787349916  0.02604103645241621  
14.16  0.03378779589236274  0.4695746796674297  0.47059395726534825  0.026041136110602228  
14.18  0.033787915493764954  0.4695754218166885  0.4705929965610727  0.026041235062797607  
14.200000000000001  0.03378803436074919  0.46957616547730946  0.4705920357968086  0.026041333297986257  
14.22  0.033788152477145755  0.4695769106392343  0.47059107500994596  0.026041430805008065  
14.24  0.03378826982665237  0.46957765729150736  0.4705901142390218  0.026041527572578185  
14.26  0.033788386392892396  0.46957840542231627  0.47058915352362235  0.026041623589310052  
14.280000000000001  0.03378850215947573  0.46957915501901315  0.47058819290425064  0.026041718843737585  
14.3  0.033788617110058775  0.46957990606817973  0.4705872324221968  0.026041813324342203  
14.32  0.03378873122840491  0.4695806585556797  0.4705862721193865  0.026041907019572978  
14.34  0.03378884449844253  0.46958141246673785  0.47058531203823306  0.026041999917870533  
14.36  0.03378895690432268  0.46958216778600326  0.4705843522214881  0.02604209200768512  
14.38  0.03378906843047114  0.4695829244976523  0.47058339271207933  0.026042183277493604  
14.4  0.033789179061640376  0.46958368258546407  0.47058243355295826  0.026042273715812636  
14.42  0.03378928878295325  0.4695844420329401  0.4705814747869412  0.026042363311207177  
14.44  0.03378939757994568  0.46958520282339156  0.47058051645657506  0.026042452052297067  
14.46  0.03378950543860139  0.46958596494004395  0.47057955860397505  0.026042539927757777  
14.48  0.03378961234538355  0.46958672836615367  0.4705786012706919  0.02604262692631991  
14.5  0.03378971828725883  0.46958749308510184  0.4705776444976003  0.02604271303676436  
14.52  0.03378982325171676  0.46958825908051205  0.4705766883247765  0.02604279824791519  
14.540000000000001  0.03378992722678296  0.4695890263363354  0.4705757327913875  0.02604288254863083  
14.56  0.03379003020102702  0.46958979483694474  0.4705747779356063  0.026042965927792327  
14.58  0.033790132163564406  0.4695905645672286  0.470573823794548  0.02604304837429788  
14.6  0.033790233104052894  0.4695913355126544  0.470572870404181  0.02604312987704829  
14.620000000000001  0.03379033301268444  0.46959210765934767  0.4705719177992967  0.026043210424939876  
14.64  0.03379043188017158  0.4695928809941307  0.4705709660134678  0.026043290006860988  
14.66  0.033790529697730755  0.4695936555045765  0.47057001507904184  0.026043368611685963  
14.68  0.03379062645706015  0.4695944311790361  0.4705690650271098  0.026043446228276815  
14.700000000000001  0.03379072215031593  0.4695952080066416  0.4705681158875237  0.026043522845491374  
14.72  0.03379081677008359  0.46959598597731644  0.47056716768891865  0.026043598452188923  
14.74  0.033790910309348325  0.4695967650817562  0.47056622045873664  0.026043673037250664  
14.76  0.033791002761464586  0.4695975453113964  0.4705652742232584  0.026043746589601048  
14.780000000000001  0.033791094120121164  0.4695983266583827  0.47056432900766254  0.02604381909823242  
14.8  0.03379118437930876  0.46959910911549685  0.4705633848360725  0.026043890552244167  
14.82  0.03379127353328666  0.46959989267609914  0.47056244173162576  0.026043960940880455  
14.84  0.03379136157654841  0.4696006773340494  0.4705614997165366  0.026044030253575094  
14.86  0.03379144850379024  0.46960146308361395  0.47056055881216746  0.026044098480003906  
14.88  0.033791534309880196  0.46960224991936644  0.4705596190390989  0.026044165610141768  
14.9  0.033791618989828784  0.4696030378360811  0.470558680417217  0.02604423163432201  
14.92  0.033791702538762125  0.4696038268286224  0.4705577429657678  0.026044296543297776  
14.94  0.03379178495189748  0.4696046168918329  0.4705568067034571  0.026044360328309885  
14.96  0.033791866224521995  0.46960540802041034  0.4705558716485019  0.02604442298115132  
14.98  0.033791946351974696  0.46960620020879656  0.4705549378187051  0.02604448449423587  
15.0  0.03379202532963069  0.4696069934510587  0.470554005231528  0.026044544860662915  
15.02  0.03379210315288969  0.4696077877407728  0.47055307390414075  0.026044604074280532  
15.040000000000001  0.03379217981716805  0.469608583070925  0.4705521438534842  0.026044662129747615  
15.06  0.03379225531789275  0.46960937943379644  0.4705512150963231  0.02604471902258677  
15.08  0.03379232965050186  0.469610176820884  0.4705502876492815  0.026044774749237273  
15.1  0.03379240281044491  0.4696109752228122  0.47054936152889104  0.02604482930709963  
15.120000000000001  0.03379247479318907  0.4696117746292486  0.4705484367516125  0.026044882694570455  
15.14  0.03379254559422729  0.46961257502885667  0.4705475133338691  0.026044934911070985  
15.16  0.03379261520908912  0.46961337640923245  0.4705465912920583  0.026044985957070915  
15.18  0.03379268363335553  0.46961417875687533  0.47054567064257685  0.02604503583409658  
15.200000000000001  0.0337927508626755  0.4696149820571502  0.47054475140182844  0.026045084544735687  
15.22  0.03379281689278375  0.4696157862942805  0.47054383358621155  0.0260451320926285  
15.24  0.03379288171952256  0.46961659145133516  0.47054291721213054  0.02604517848245357  
15.26  0.03379294533886405  0.46961739751025217  0.4705420022959868  0.026045223719902467  
15.280000000000001  0.033793007746934056  0.4696182044518505  0.47054108885416923  0.02604526781164491  
15.3  0.03379306894003693  0.469619012255851  0.47054017690303895  0.026045310765291624  
15.32  0.033793128914681614  0.46961982090092935  0.47053926645892047  0.026045352589340858  
15.34  0.03379318766760684  0.46962063036474694  0.4705383575380714  0.026045393293128265  
15.36  0.03379324519580748  0.46962144062402056  0.4705374501566776  0.026045432886766338  
15.38  0.03379330149655953  0.46962225165456634  0.4705365443308193  0.02604547138107733  
15.4  0.03379335656744414  0.4696230634313662  0.4705356400764708  0.026045508787529037  
15.42  0.03379341040637097  0.46962387592863647  0.4705347374094685  0.026045545118161366  
15.44  0.033793463011597566  0.4696246891198986  0.47053383634549784  0.02604558038551603  
15.46  0.03379351438174828  0.46962550297803235  0.47053293690007814  0.02604561460256415  
15.48  0.03379356451582867  0.46962631747536265  0.47053203908855656  0.026045647782634105  
15.5  0.03379361341323716  0.46962713258371885  0.4705311429261029  0.026045679939338467  
15.52  0.03379366107377141  0.46962794827450205  0.47053024842769403  0.02604571108650453  
15.540000000000001  0.033793707497631366  0.46962876451874785  0.4705293556081232  0.02604574123810409  
15.56  0.033793752685417296  0.46962958128720084  0.47052846448200797  0.026045770408189013  
15.58  0.03379379663812159  0.46963039855035216  0.4705275750637959  0.02604579861082398  
15.6  0.03379383935711649  0.46963121627852933  0.47052668736778597  0.02604582586002017  
15.620000000000001  0.033793880844134636  0.469632034441931  0.4705258014081462  0.026045852169676552  
15.64  0.0337939211012455  0.46963285301070223  0.47052491719894746  0.026045877553514635  
15.66  0.033793960130826514  0.4696336719549873  0.4705240347541964  0.02604590202501416  
15.68  0.03379399793552674  0.4696344912449868  0.470523154087871  0.02604592559735161  
15.700000000000001  0.03379403451822829  0.46963531085102717  0.47052227521395573  0.02604594828333349  
15.72  0.033794069882000316  0.4696361307436259  0.47052139814650434  0.026045970095328507  
15.74  0.03379410403005127  0.46963695089355334  0.47052052289967167  0.02604599104519727  
15.76  0.033794136965675896  0.46963777127191436  0.47051964948778413  0.026046011144221715  
15.780000000000001  0.03379416869220087  0.46963859185022927  0.4705187779253645  0.026046030403027796  
15.8  0.03379419921292663  0.46963941260049824  0.4705179082272175  0.0260460488315091  
15.82  0.03379422853107173  0.4696402334953116  0.470517040408446  0.026046066438755438  
15.84  0.033794256649715936  0.46964105450790894  0.47051617448451266  0.026046083232977475  
15.860000000000001  0.03379428357174972  0.4696418756122832  0.4705153104712681  0.026046099221436213  
15.88  0.03379430929982694  0.46964269678325177  0.4705144483849831  0.02604611441038576  
15.9  0.03379433383632776  0.46964351799653703  0.47051358824236006  0.02604612880502143  
15.92  0.03379435718333397  0.46964433922882143  0.4705127300605186  0.02604614240944778  
15.94  0.0337943793426184  0.4696451604578095  0.4705118738569831  0.02604615522665962  
15.96  0.033794400315653714  0.4696459816622555  0.4705110196496207  0.02604616725855115  
15.98  0.03379442010364298  0.4696468028219748  0.4705101674565861  0.0260461785059491  
16.0  0.033794438707574  0.46964762391783615  0.47050931729619516  0.02604618896867139  
16.02  0.03379445612830242  0.46964844493171354  0.4705084691868005  0.026046198645623405  
16.04  0.03379447236666302  0.46964926584642636  0.47050762314663047  0.026046207534920495  
16.06  0.033794487423610686  0.46965008664563845  0.4705067791935725  0.02604621563404685  
16.080000000000002  0.03379450130039335  0.469650907313724  0.4705059373449511  0.02604622294004632  
16.1  0.03379451399875301  0.4696517278356165  0.4705050976172599  0.026046229449744808  
16.12  0.03379452552115666  0.4696525481966218  0.4705042600258684  0.02604623515999535  
16.14  0.03379453587105128  0.4696533683822052  0.4705034245847084  0.02604624006795109  
16.16  0.033794545053142194  0.46965418837775486  0.47050259130592503  0.026046244171353608  
16.18  0.033794553073688643  0.46965500816836075  0.47050176019954376  0.026046247468834854  
16.2  0.0337945599408117  0.4696558277385362  0.4705009312730904  0.02604624996022212  
16.22  0.033794565664809824  0.4696566470719684  0.4705001045312437  0.02604625164684272  
16.240000000000002  0.033794570258475154  0.46965746615127585  0.470499279975477  0.02604625253181711  
16.26  0.03379457373740218  0.46965828495774403  0.47049845760371717  0.02604625262033394  
16.28  0.033794576120286905  0.4696591034711034  0.4704976374100157  0.026046251919899913  
16.3  0.03379457742920487  0.46965992166933707  0.4704968193842737  0.02604625044055877  
16.32  0.03379457768986467  0.4696607395284935  0.47049600351196785  0.026046248195063994  
16.34  0.033794576931831216  0.4696615570225484  0.47049518977395954  0.026046245199011542  
16.36  0.03379457518871287  0.4696623741233066  0.47049437814631584  0.02604624147092003  
16.38  0.03379457249830678  0.46966319080033897  0.4704935686001961  0.026046237032252225  
16.4  0.033794568902702105  0.46966400702098043  0.47049276110180716  0.026046231907380517  
16.42  0.03379456444833329  0.4696648227503553  0.4704919556123866  0.026046226123491976  
16.44  0.03379455918598816  0.46966563795148475  0.47049115208828174  0.026046219710434148  
16.46  0.033794553170762756  0.4696664525853997  0.47049035048106064  0.026046212700501756  
16.48  0.033794546461967716  0.46966726661133745  0.4704895507377019  0.026046205128166574  
16.5  0.03379453912298453  0.46966807998696275  0.47048875280081676  0.026046197029756885  
16.52  0.03379453122107472  0.469668892668639  0.470487956608959  0.026046188443096235  
16.54  0.03379452282713922  0.4696697046117243  0.470487162096954  0.026046179407095676  
16.56  0.033794514015436115  0.46967051577089364  0.4704863691962828  0.02604616996132552  
16.580000000000002  0.033794504863253166  0.46967132610050155  0.4704855778355255  0.02604616014556502  
16.6  0.033794495450540384  0.46967213555492443  0.47048478794082044  0.02604614999934569  
16.62  0.033794485859503856  0.46967294408893306  0.47048399943635577  0.02604613956149881  
16.64  0.03379447617416052  0.4696737516580351  0.47048321224491146  0.02604612886972226  
16.66  0.033794466479859245  0.4696745582188088  0.47048242628839365  0.026046117960176928  
16.68  0.033794456862765644  0.46967536372920177  0.470481641488422  0.026046106867129  
16.7  0.03379444740931646  0.4696761681487971  0.4704808577669113  0.026046095622647272  
16.72  0.03379443820564282  0.46967697143902964  0.4704800750466773  0.02604608425636398  
16.740000000000002  0.03379442933696639  0.46967777356333335  0.47047929325203247  0.026046072795312954  
16.76  0.03379442088697505  0.4696785744872536  0.4704785123094035  0.026046061263842086  
16.78  0.03379441293718092  0.4696793741784923  0.4704777321479375  0.026046049683606336  
16.8  0.03379440556626862  0.46968017260689726  0.4704769527000922  0.02604603807363447  
16.82  0.03379439884943978  0.4696809697444118  0.4704761739022004  0.026046026450464107  
16.84  0.0337943928577647  0.46968176556499186  0.470475395695013  0.02604601482832874  
16.86  0.03379438765754604  0.46968256004451964  0.4704746180241989  0.026046003219396194  
16.88  0.03379438330970462  0.4696833531606986  0.4704738408407984  0.026045991634026027  
16.9  0.03379437986919501  0.46968414489296645  0.47047306410160433  0.02604598008104665  
16.92  0.03379437738445978  0.46968493522244104  0.47047228776949757  0.02604596856803008  
16.94  0.0337943758969338  0.469685724131912  0.4704715118136918  0.02604595710155696  
16.96  0.03379437544060292  0.4696865116058509  0.4704707362099017  0.026045945687460693  
16.98  0.0337943760416333  0.4696872976304963  0.47046996094044313  0.026045934331045708  
17.0  0.033794377718075  0.46968808219394625  0.47046918599419807  0.02604592303727589  
17.02  0.03379438047965436  0.469688865286332  0.47046841136653933  0.026045911810933915  
17.04  0.033794384327659285  0.4696896468999701  0.47046763705913636  0.026045900656751428  
17.06  0.0337943892549267  0.4696904270295691  0.47046686307965657  0.026045889579511677  
17.080000000000002  0.033794395245938205  0.4696912056724281  0.4704660894414022  0.026045878584131803  
17.1  0.0337944022770226  0.46969198282861935  0.4704653161628585  0.026045867675725844  
17.12  0.0337944103166716  0.4696927585011683  0.47046454326715076  0.026045856859651974  
17.14  0.033794419325960556  0.4696935326961777  0.4704637707814434  0.026045846141552347  
17.16  0.03379442925907545  0.46969430542294216  0.4704629987362901  0.02604583552738197  
17.18  0.03379444006393502  0.469695076694008  0.4704622271649283  0.026045825023435967  
17.2  0.03379445168290002  0.4696958465251629  0.47046145610253803  0.026045814636371307  
17.22  0.03379446405355948  0.4696966149353875  0.4704606855855031  0.026045804373229484  
17.240000000000002  0.03379447710958157  0.4696973819467479  0.4704599156506242  0.026045794241454052  
17.26  0.033794490781614034  0.46969814758423983  0.4704591463343942  0.026045784248910915  
17.28  0.03379450499821881  0.46969891187555196  0.4704583776722362  0.026045774403901933  
17.3  0.03379451968683108  0.46969967485082204  0.4704576096978218  0.026045764715178974  
17.32  0.03379453477472126  0.46970043654232335  0.4704568424423879  0.026045755191953783  
17.34  0.03379455018994859  0.46970119698410395  0.47045607593414224  0.026045745843899397  
17.36  0.03379456586229281  0.46970195621162214  0.4704553101976979  0.0260457366811501  
17.38  0.03379458172414893  0.46970271426135113  0.47045454525359887  0.026045727714292363  
17.400000000000002  0.03379459771137291  0.4697034711703542  0.47045378111789926  0.026045718954347135  
17.42  0.033794613764069246  0.4697042269758664  0.47045301780181403  0.026045710412747596  
17.44  0.03379462982730728  0.4697049817148759  0.47045225531146784  0.026045702101310117  
17.46  0.03379464585176214  0.4697057354237067  0.47045149364769706  0.026045694032196955  
17.48  0.0337946617942704  0.4697064881376085  0.4704507328059453  0.0260456862178747  
17.5  0.03379467761829741  0.46970723989039437  0.4704499727762054  0.026045678671068453  
17.52  0.03379469329431221  0.4697079907140619  0.47044921354307556  0.026045671404715455  
17.54  0.03379470880006614  0.4697087406384763  0.47044845508584165  0.026045664431911912  
17.56  0.03379472412077768  0.4697094896910749  0.47044769737864117  0.0260456577658684  
17.580000000000002  0.03379473924922075  0.4697102378966112  0.4704469403906652  0.026045651419860445  
17.6  0.03379475418571992  0.469710985276944  0.4704461840864454  0.026045645407186083  
17.62  0.03379476893805346  0.4697117318508463  0.47044542842614606  0.026045639741126097  
17.64  0.033794783521271604  0.4697124776338935  0.47044467336592233  0.02604563443490608  
17.66  0.03379479795742691  0.46971322263837173  0.47044391885829345  0.02604562950167053  
17.68  0.0337948122752304  0.4697139668732452  0.47044316485255044  0.0260456249544528  
17.7  0.033794826509631906  0.46971471034415974  0.47044241129519937  0.026045620806154524  
17.72  0.0337948407013345  0.46971545305351925  0.47044165813039884  0.02604561706952377  
17.740000000000002  0.03379485489624797  0.4697161950005734  0.4704409053004082  0.026045613757137216  
17.76  0.03379486914488912  0.46971693618158233  0.4704401527460757  0.02604561088137746  
17.78  0.033794883501735644  0.46971767659001157  0.47043940040729243  0.026045608454411725  
17.8  0.03379489802454103  0.46971841621677873  0.47043864822346526  0.026045606488165195  
17.82  0.03379491277362135  0.46971915505053996  0.470437896133979  0.026045604994287378  
17.84  0.03379492781111735  0.46971989307800743  0.47043714407865644  0.026045603984114114  
17.86  0.03379494320024689  0.46972063028429767  0.4704363919981852  0.026045603468620226  
17.88  0.03379495900455104  0.46972136665333086  0.4704356398345532  0.026045603458365152  
17.900000000000002  0.03379497528714797  0.4697221021682253  0.4704348875314525  0.026045603963432116  
17.92  0.03379499210999932  0.4697228368117162  0.4704341350346444  0.026045604993359926  
17.94  0.03379500953320373  0.4697235705665998  0.4704333822923171  0.0260456065570715  
17.96  0.03379502761432031  0.4697243034161654  0.47043262925540497  0.026045608662794782  
17.98  0.03379504640773459  0.4697250353446212  0.4704318758778581  0.026045611317989957  
18.0  0.03379506596407503  0.469725766337512  0.4704311221168905  0.026045614529272138  
18.02  0.033795086329684795  0.469726496382133  0.47043036793317594  0.026045618302339507  
18.04  0.033795107546157416  0.4697272254678768  0.4704296132910067  0.02604562264191172  
18.06  0.033795129649941046  0.469727953586594  0.47042885815840185  0.0260456275516727  
18.080000000000002  0.033795152672015966  0.46972868073288904  0.4704281025071745  0.02604563303423194  
18.1  0.033795176637648354  0.4697294069043735  0.47042734631295297  0.026045639091091623  
18.12  0.03379520156622301  0.46973013210187436  0.470426589555143  0.02604564572263654  
18.14  0.03379522747115519  0.46973085632958345  0.4704258322168631  0.026045652928137476  
18.16  0.03379525435988208  0.46973157959516604  0.47042507428483216  0.02604566070577414  
18.18  0.03379528223393142  0.4697323019098092  0.4704243157492136  0.026045669052675687  
18.2  0.033795311089065326  0.46973302328818944  0.47042355660342333  0.026045677964979943  
18.22  0.03379534091549553  0.4697337437484248  0.4704227968439186  0.026045687437907823  
18.240000000000002  0.03379537169816522  0.4697344633119425  0.47042203646992947  0.026045697465857325  
18.26  0.03379540341709218  0.469735182003299  0.47042127548319523  0.026045708042509327  
18.28  0.03379543604776557  0.46973589984997083  0.470420513887674  0.026045719160947042  
18.3  0.033795469561592385  0.46973661688207213  0.4704197516892226  0.026045730813785063  
18.32  0.03379550392638102  0.46973733313204974  0.47041898889529454  0.026045742993306902  
18.34  0.03379553910686041  0.4697380486343527  0.4704182255146186  0.026045755691606626  
18.36  0.03379557506522117  0.46973876342505533  0.4704174615568786  0.02604576890073134  
18.38  0.03379561176167352  0.4697394775414675  0.47041669703241323  0.026045782612822782  
18.400000000000002  0.03379564915501348  0.46974019102172615  0.47041593195190173  0.02604579682025604  
18.42  0.033795687203187756  0.4697409039043903  0.47041516632610225  0.026045811515770696  
18.44  0.033795725863852245  0.46974161622800964  0.47041440016557734  0.02604582669258952  
18.46  0.03379576509491388  0.4697423280307244  0.4704136334804599  0.026045842344527677  
18.48  0.033795804855051015  0.46974303934986067  0.47041286628023876  0.026045858466085668  
18.5  0.033795845104206086  0.4697437502215439  0.47041209857357713  0.02604587505252839  
18.52  0.0337958858040427  0.4697444606803318  0.47041133036816507  0.02604589209994184  
18.54  0.03379592691836538  0.46974517075888333  0.4704105616705824  0.02604590960527505  
18.56  0.03379596841349483  0.46974588048764904  0.4704097924862238  0.026045927566358932  
18.580000000000002  0.0337960102585972  0.469746589894599  0.4704090228192408  0.02604594598190624  
18.6  0.03379605242596428  0.4697472990049876  0.47040825267250436  0.026045964851489557  
18.62  0.033796094891242724  0.469748007841158  0.47040748204762606  0.02604598417550396  
18.64  0.033796137633609925  0.46974871642239213  0.4704067109449876  0.026046003955104004  
18.66  0.03379618063590003  0.4697494247647984  0.4704059393637944  0.026046024192130514  
18.68  0.033796223884676665  0.4697501328812424  0.4704051673021941  0.026046044889014533  
18.7  0.03379626737025603  0.4697508407813243  0.47040439475735407  0.026046066048672722  
18.72  0.033796311086680304  0.4697515484713738  0.4704036217256095  0.02604608767438391  
18.740000000000002  0.03379635503164736  0.4697522559545292  0.4704028482026191  0.026046109769664316  
18.76  0.03379639920639533  0.4697529632308049  0.4704020741835062  0.026046132338126426  
18.78  0.03379644361555061  0.4697536702972239  0.47040129966305344  0.026046155383338123  
18.8  0.033796488266938714  0.4697543771479703  0.4704005246358754  0.026046178908678896  
18.82  0.03379653317136508  0.4697550837745548  0.47039974909660526  0.0260462029171937  
18.84  0.03379657834236942  0.4697557901660308  0.4703989730400745  0.026046227411453442  
18.86  0.03379662379596012  0.4697564963092179  0.4703981964615087  0.0260462523934139  
18.88  0.03379666955033104  0.4697572021889185  0.4703974193566963  0.02604627786428887  
18.900000000000002  0.03379671562556707  0.4697579077881671  0.47039664172216683  0.026046303824427356  
18.92  0.033796762043344204  0.4697586130884868  0.4703958635553437  0.02604633027320555  
18.94  0.03379680882662774  0.4697593180701277  0.4703950848547113  0.026046357208929415  
18.96  0.03379685599937327  0.4697600227123211  0.4703943056199307  0.02604638462874936  
18.98  0.03379690358623737  0.46976072699350996  0.47039352585197486  0.026046412528594718  
19.0  0.033796951612298155  0.46976143089157923  0.47039274555322674  0.026046440903119902  
19.02  0.03379700010279364  0.4697621343840661  0.470391964727573  0.026046469745667537  
19.04  0.03379704908287935  0.46976283744834646  0.4703911833804656  0.02604649904825103  
19.06  0.03379709857741005  0.4697635400618173  0.47039040151898837  0.026046528801545298  
19.080000000000002  0.03379714861074537  0.4697642422020315  0.47038961915187094  0.026046558994901024  
19.1  0.03379719920658514  0.4697649438468256  0.4703888362895322  0.026046589616369995  
19.12  0.033797250387835875  0.4697656449744134  0.4703880529440624  0.026046620652742915  
19.14  0.033797302176507  0.4697663455634465  0.4703872691292229  0.026046652089599488  
19.16  0.03379735459364216  0.4697670455930429  0.47038648486041507  0.02604668391137174  
19.18  0.03379740765928225  0.4697677450428162  0.4703857001546416  0.026046716101412164  
19.2  0.03379746139246255  0.46976844389281996  0.4703849150304585  0.026046748642068976  
19.22  0.03379751581124344  0.4697691421235091  0.47038412950792674  0.02604678151477235  
19.240000000000002  0.03379757093277367  0.46976983971564923  0.4703833436085441  0.026046814700110926  
19.26  0.033797626773384416  0.46977053665021384  0.4703825573551697  0.02604684817791841  
19.28  0.033797683348711784  0.4697712329082344  0.47038177077197  0.026046881927357532  
19.3  0.03379774067384917  0.4697719284706549  0.4703809838843508  0.026046915926993205  
19.32  0.03379779876352262  0.46977262331813774  0.4703801967188807  0.026046950154864964  
19.34  0.033797857632289006  0.46977331743086304  0.4703794093032469  0.026046984588548056  
19.36  0.033797917294752386  0.4697740107883285  0.4703786216661823  0.026047019205205336  
19.38  0.03379797776579534  0.46977470336910426  0.47037783383745074  0.026047053981627783  
19.400000000000002  0.03379803906082183  0.46977539515059774  0.47037704584779044  0.026047088894253227  
19.42  0.0337981011960058  0.4697760861088343  0.47037625772891056  0.026047123919179977  
19.44  0.033798164188540286  0.46977677621819297  0.47037546951348486  0.026047159032156573  
19.46  0.03379822805688355  0.46977746545119015  0.4703746812351726  0.026047194208552834  
19.48  0.03379829282099165  0.4697781537782555  0.47037389292864135  0.02604722942331554  
19.5  0.033798358502536895  0.46977884116751567  0.47037310462963194  0.02604726465089958  
19.52  0.03379842512509866  0.4697795275846313  0.4703723163750229  0.02604729986518315  
19.54  0.03379849271432249  0.4697802129926465  0.4703715282029387  0.02604733503935752  
19.56  0.03379856129803606  0.469780897351868  0.47037074015285923  0.026047370145800452  
19.580000000000002  0.03379863090631429  0.46978158061983216  0.47036995226577194  0.02604740515592829  
19.6  0.0337987015714811  0.46978226275126517  0.4703691645843278  0.026047440040028857  
19.62  0.033798773328038774  0.4697829436981959  0.47036837715303187  0.026047474767073524  
19.64  0.03379884621251188  0.46978362341007057  0.47036759001845596  0.026047509304521543  
19.66  0.03379892026319521  0.46978430183400416  0.47036680322946167  0.02604754361810294  
19.68  0.03379899551979402  0.46978497891511206  0.47036601683745616  0.026047577671595844  
19.7  0.03379907202294464  0.4697856545969627  0.47036523089664906  0.02604761142659611  
19.72  0.033799149813609354  0.4697863288221272  0.47036444546432904  0.026047644842286652  
19.740000000000002  0.03379922893233455  0.4697870015328892  0.4703636606011373  0.026047677875210135  
19.76  0.03379930941837191  0.4697876726720333  0.47036287637134455  0.026047710479056536  
19.78  0.03379939130866103  0.4697883421838063  0.4703620928431378  0.026047742604471024  
19.8  0.03379947463668107  0.46978901001496465  0.47036131008885973  0.026047774198890854  
19.82  0.033799559431180015  0.4697896761159296  0.47036052818523283  0.026047805206426723  
19.84  0.033799645714806745  0.4697903404420414  0.4703597472135655  0.026047835567798223  
19.86  0.03379973350266462  0.4697910029548662  0.47035896725986404  0.02604786522033922  
19.88  0.03379982280082622  0.4697916636235142  0.4703581884149186  0.02604789409808426  
19.900000000000002  0.033799913604846875  0.4697923224259742  0.4703574107742802  0.026047922131954625  
19.92  0.03380000589832221  0.4697929793503394  0.4703566344381595  0.026047949250054474  
19.94  0.03380009965154256  0.4697936343959652  0.47035585951120523  0.026047975378095462  
19.96  0.03380019482029394  0.46979428757445146  0.47035508610216625  0.026048000439951993  
19.98  0.03380029134485422  0.4697949389104068  0.47035431432341024  0.02604802435836332  
20.0  0.03380038914923949  0.469795588441969  0.4703535442903349  0.026048047055785645  
