0  1.0  0.0  0.0  0.0  
0.02  0.9986564700208564  0.0005420522272266586  0.0007845024183165894  7.317839323860584e-07  
0.04  0.9940194467687304  0.002696046514968007  0.003259896029592021  7.833949868757901e-06  
0.06  0.986262127008783  0.006418028402934947  0.007260517397896591  4.253275733857647e-05  
0.08  0.9757776006730887  0.011493344915879921  0.012579986560570109  0.00013227015870322112  
0.1  0.9629071651170534  0.01773462257006688  0.01903631008473204  0.00030507465030579984  
0.12  0.9479553209196825  0.02497549473330141  0.026466969836570892  0.0005853484123628826  
0.14  0.9311974982502902  0.03306741912030166  0.034726541565024936  0.0009916336857986527  
0.16  0.9128843046479947  0.041877873794072935  0.043685123496169966  0.0015357533625285874  
0.18  0.8932441513832494  0.051288991641745434  0.053227133092236006  0.0022227421979209225  
0.2  0.8724852797664656  0.06119629780985041  0.06325008118698404  0.0030513307900334355  
0.22  0.8507975840565771  0.07150736713116072  0.07366332983266868  0.0040146910656750035  
0.24  0.8283543518226324  0.08214047866529907  0.0843868121176063  0.00510133237669471  
0.26  0.8053139376128766  0.09302330028071532  0.0953496500138908  0.006296122340113889  
0.28  0.7818213297789244  0.10409155307567607  0.10648884892406661  0.007581345257754524  
0.3  0.7580095695014291  0.11528777197192445  0.11774812073155475  0.008937718620041259  
0.32  0.7340010232777731  0.12656030493472245  0.12907681560684156  0.01034518876357603  
0.34  0.709908489103347  0.13786241586076572  0.14042903486319955  0.011783579975367811  
0.36  0.6858360979071276  0.14915154534550118  0.15176293510027153  0.013233149719365032  
0.38  0.6618800158307474  0.16038872104075158  0.16304016153664716  0.014675040205115727  
0.4  0.6381289703447651  0.17153811557318524  0.17422541044202158  0.016091638549297755  
0.42  0.6146646257633426  0.18256671684755787  0.1852861032817107  0.017466861600168925  
0.44  0.5915618345650658  0.19344408798905116  0.19619216124515254  0.01878636726805245  
0.46  0.5688887940928584  0.20414220953931772  0.20691586502167458  0.020037693835486297  
0.48  0.5467071415932925  0.21463538958299266  0.2174317774634388  0.021210332366922945  
0.5  0.5250720200661675  0.2249002172221698  0.22771670908900565  0.022295741763289547  
0.52  0.5040321296731343  0.23491554449262225  0.23774971233306208  0.023287318206682242  
0.54  0.4836297798726617  0.24466249079207378  0.24751209074930475  0.02418032923273577  
0.56  0.463900958948078  0.2541244545638346  0.25698741240044415  0.024971820231965546  
0.58  0.4448754304988663  0.26328712151794986  0.2661615200272643  0.025660500021852852  
0.6  0.4265768627214129  0.27213846400609093  0.275022532308192  0.026246610957576126  
0.62  0.4090229938324689  0.28066872791614766  0.28356083235288987  0.02673178806793337  
0.64  0.3922258348142979  0.2888704045782901  0.29176904098832424  0.027118911078364838  
0.66  0.37619190883560066  0.29673818624191894  0.2996419734751532  0.02741195268935721  
0.68  0.3609225252712472  0.3042689046143792  0.30717657925940006  0.02761582600552158  
0.7000000000000001  0.34641408516813005  0.3114614527519413  0.3143718651465953  0.027736233593055395  
0.72  0.33265841423488896  0.31831669122827666  0.32122880281252814  0.02777952023717366  
0.74  0.3196431189202301  0.3248373399422706  0.32775022196154313  0.027752531030221527  
0.76  0.30735196084786814  0.33102785719047956  0.33394069087510136  0.027662476034014054  
0.78  0.2957652447789471  0.33689430776773377  0.3398063863644421  0.027516802454712372  
0.8  0.28486021534335315  0.342444221897686  0.3453549551487044  0.027323075042628018  
0.8200000000000001  0.2746114579426948  0.347686446725988  0.3505953685646542  0.027088865806301106  
0.84  0.26499129926046966  0.3526309920339052  0.3555377723576227  0.02682165627306426  
0.86  0.25597020234962714  0.3572888724529776  0.3601933331582748  0.026528758972412525  
0.88  0.2475171501846025  0.3616719508087393  0.3645740836147809  0.026217263353958974  
0.9  0.23960001102889564  0.3657927908778014  0.36869277059326994  0.025893992379875847  
0.92  0.2321858817579953  0.369664526845725  0.3725627142911928  0.02556543509346194  
0.9400000000000001  0.22524141174323392  0.3733007460747596  0.37619768222271716  0.025237645461032014  
0.96  0.21873311397671585  0.3767153725717522  0.37961177020328263  0.02491614215619711  
0.98  0.2126276670123337  0.3799225428310802  0.382819278067015  0.02460584362872767  
1.0  0.20689220471637193  0.38293647567283023  0.38583457636133855  0.024311042940687318  
1.02  0.20149458668816958  0.38577134231538784  0.3886719703936328  0.02403540889705016  
1.04  0.1964036425345095  0.38844114289766296  0.3913455706302573  0.023782000213747646  
1.06  0.1915893856966713  0.3909595948379752  0.3938691751479263  0.02355328533069553  
1.08  0.18702319373196558  0.39334003778865284  0.3962561661279639  0.02335116510511391  
1.1  0.18267795024206673  0.39559535917891153  0.39851942025479975  0.023176997927806264  
1.12  0.178528141294539  0.39773794045503164  0.4006712321078722  0.023031626381029083  
1.1400000000000001  0.17454991552889126  0.39977960864313805  0.4027232507780177  0.022915402582510465  
1.16  0.17072115921195755  0.4017315679588002  0.4046864331360531  0.022828212276216987  
1.18  0.16702161146553357  0.40360431690787213  0.4065710195984904  0.022769521481576693  
1.2  0.1634329032665337  0.40540755598069095  0.4083865302044037  0.022738552336098037  
1.22  0.15993848062101618  0.4071501237576392  0.4101417240069039  0.022734403582133387  
1.24  0.15652366947148397  0.40884006681273727  0.41184457431161225  0.022755701276115564  
1.26  0.1531756420925518  0.4104846936699474  0.413502311136218  0.022800686478332634  
1.28  0.14988338647339103  0.4120905576938388  0.4151213743545915  0.022867358372970995  
1.3  0.14663765715675353  0.4136634367234575  0.41670739748121405  0.022953541720646165  
1.32  0.14343090001071074  0.41520832863708185  0.4182652199573654  0.023056947606202347  
1.34  0.14025716254219725  0.4167294625300139  0.41979891161988536  0.023175225491544722  
1.36  0.13711199339574567  0.4182303223991179  0.42131180526130996  0.02330600675086941  
1.3800000000000001  0.1339923330899377  0.4197136806602745  0.4228065356097774  0.02344694111043172  
1.4000000000000001  0.13089639787950522  0.4211816392187575  0.4242850835117413  0.02359572734786023  
1.42  0.12782355866491643  0.42263567612225195  0.42574882416293386  0.023750139370510407  
1.44  0.12477421688175541  0.42407669610898213  0.4271985782443474  0.023908048547144567  
1.46  0.12174967921865519  0.4255050836365  0.42863466490254404  0.024067442915002544  
1.48  0.11875203282995758  0.42692075724246115  0.43005695566056823  0.024226443649486586  
1.5  0.1157840224387277  0.42832322433502906  0.4314649285481221  0.024383318997136548  
1.52  0.11284893030489204  0.429711635709185  0.4328577220289819  0.02453649573483091  
1.54  0.10995046059366509  0.43108483945333914  0.4342341879628095  0.024684568266514932  
1.56  0.10709263456620345  0.4324414333468724  0.4355929376445608  0.024826305410990956  
1.58  0.10427969150311567  0.43377981541710925  0.43693238551241836  0.02496065361416354  
1.6  0.10151598503983938  0.43509823477613396  0.4382508033596229  0.025086736936276197  
1.62  0.09880588609420576  0.436394839167091  0.43954637161148835  0.025203855124545718  
1.6400000000000001  0.09615369669538525  0.4376677196774038  0.44081722461946377  0.02531147971478048  
1.6600000000000001  0.09356357286916808  0.4389149526220563  0.4420614919439179  0.025409248024317432  
1.68  0.09103945586837899  0.4401346384023593  0.44327733629583826  0.02549695516583918  
1.7  0.08858501162176094  0.44132493713531307  0.44446298821108393  0.0255745443291104  
1.72  0.08620357838372113  0.4424841008645907  0.4456167773832837  0.02564209561230187  
1.74  0.08389812253144593  0.44361050219935566  0.4467371605679177  0.0256998136909493  
1.76  0.08167120238516715  0.44470265927303465  0.44782274599836885  0.02574801460755144  
1.78  0.07952493987281345  0.4457592569627115  0.4488723142860356  0.025787111954057834  
1.8  0.07746099982897056  0.44677916435176424  0.4498848357857047  0.02581760270853256  
1.82  0.07548057671436353  0.4477614484531105  0.4508594843778035  0.025840052978946274  
1.84  0.07358438858385284  0.4487053842404698  0.45179564752677437  0.025855083903301098  
1.86  0.07177267821465837  0.44961046107319985  0.4526929323835197  0.02586335794488394  
1.8800000000000001  0.0700452213470522  0.4504763856342611  0.4535511676643207  0.02586556578333893  
1.9000000000000001  0.0684013419142139  0.45130308144723635  0.45437040108206805  0.025862414091655316  
1.92  0.06683993388011096  0.4520906852849796  0.45515089235383316  0.025854614261371093  
1.94  0.0653594888373316  0.4528395407131487  0.45589310228647056  0.025842872152651915  
1.96  0.06395812806735064  0.45355018904053085  0.45659767888431524  0.025827878958829247  
1.98  0.06263363753858617  0.4542233580067383  0.4572654416600739  0.025810303193194602  
2.0  0.06138350443871417  0.45485994854984707  0.4578973652321805  0.025790783778850784  
2.02  0.060204954240711164  0.45546101999827543  0.4584945629159439  0.025769924206368835  
2.04  0.05909498772234022  0.45602777401882455  0.45905827057502724  0.025748287722457717  
2.06  0.05805041759823626  0.4565615376312921  0.459589830677629  0.025726393522052807  
2.08  0.057067904809532805  0.45706374555984935  0.46009067637398776  0.025704713913314765  
2.1  0.056143994612924374  0.4575359221637338  0.46056231549959964  0.025683672407308226  
2.12  0.05527515198594436  0.457979663198345  0.4610063145035056  0.025663642683045426  
2.14  0.05445779609613472  0.45839661763729606  0.4614242823648798  0.025644948368462178  
2.16  0.05368833361714353  0.4587884697769375  0.4618178546479198  0.02562786356395477  
2.18  0.052963190559294195  0.45915692184119483  0.4621886778867728  0.02561261402489517  
2.2  0.05227884230233466  0.4595036772872503  0.46253839449985457  0.025599378912910583  
2.22  0.05163184155057183  0.45983042499340065  0.462868628424769  0.025588293023426145  
2.24  0.05101884396810991  0.4601388244904511  0.4631809716467903  0.025579449398545298  
2.2600000000000002  0.05043663129364132  0.46043049237440115  0.4634769717710865  0.02557290223620446  
2.2800000000000002  0.04988213177896762  0.46070699001443577  0.4637581207644019  0.025568670011536607  
2.3000000000000003  0.04935243783848665  0.46096981264521847  0.4640258449668814  0.02556673873336413  
2.32  0.048844820840149406  0.4612203799070753  0.46428149644879135  0.0255670652664858  
2.34  0.04835674301126193  0.4614600278730622  0.46452634576100493  0.02556958065849562  
2.36  0.04788586647361127  0.4616900025777413  0.46476157610267443  0.025574193418396493  
2.38  0.04743005946068985  0.4619114550398124  0.4649882789054807  0.025580792702913028  
2.4  0.046987399804822166  0.4621254377499058  0.46520745081153947  0.02558925137460293  
2.42  0.046556175813463135  0.4623329025761274  0.4654199920016511  0.025599428903453552  
2.44  0.04613488468164129  0.4625347000233292  0.46562670581251836  0.025611174090607387  
2.46  0.04572222861127635  0.4627315797677725  0.46582829956576877  0.02562432759930696  
2.48  0.04531710882770496  0.462924192376479  0.46602538651844794  0.025638724283938104  
2.5  0.04491861769916694  0.4631130921105498  0.4662184888342746  0.025654195313109914  
2.52  0.04452602917637091  0.4632987407039689  0.46640804146707726  0.025670570086911364  
2.54  0.04413878777658691  0.4634815120038039  0.46659439684263393  0.025687677951864975  
2.56  0.04375649634030591  0.46366169735460977  0.46677783022180747  0.02570534971978658  
2.58  0.043378902788409106  0.4638395116090299  0.4669585456264468  0.025723418998996512  
2.6  0.04300588610429895  0.46401509964803617  0.46713668221025134  0.025741723347478214  
2.62  0.042637441758936946  0.464188543298116  0.4673123209587118  0.025760105257084866  
2.64  0.042273666787642654  0.4643598685379908  0.467485491603615  0.02577841297907393  
2.66  0.04191474471683265  0.46452905289384033  0.46765617964170453  0.025796501202205224  
2.68  0.04156093052765518  0.46469603292867373  0.4678243333518502  0.025814231593378804  
2.7  0.041212535833218565  0.46486071173675675  0.4679898707088258  0.025831473211092523  
2.72  0.040869914438519894  0.46502296635559226  0.46815268609606325  0.025848102804008483  
2.74  0.040533448448313615  0.46518265500504274  0.46831265672437483  0.025864005010400377  
2.7600000000000002  0.04020353508776832  0.46533962405514134  0.46846964866875734  0.025879072479714226  
2.7800000000000002  0.03988057440137128  0.4654937146129676  0.4686235224415974  0.025893205944487012  
2.8000000000000003  0.03956495799244072  0.4656447686090581  0.46877413802900025  0.025906314278163627  
2.82  0.03925705895316114  0.46579263426145046  0.468921359328645  0.025918314579713445  
2.84  0.03895722310919568  0.46593717080581687  0.4690650579428139  0.025929132326859842  
2.86  0.0386657616630965  0.4660782524059064  0.469205116299888  0.025938701634147174  
2.88  0.03838294526968533  0.46621577119657537  0.469341430101362  0.025946965639015898  
2.9  0.03810899952149317  0.46634963945588087  0.4694739101180649  0.02595387701953447  
2.92  0.03784410177454713  0.46647979094403214  0.4696024833844675  0.025959398624604287  
2.94  0.03758837921177297  0.4666061814790488  0.46972709386003625  0.02596350417637674  
2.96  0.03734190802301717  0.46672878883829677  0.46984770263937303  0.025966178989801986  
2.98  0.03710471357427588  0.46684761208308145  0.4699642877981408  0.025967420647968267  
3.0  0.03687677144071347  0.4669626704026256  0.47007684395916355  0.025967239574110908  
3.02  0.03665800918501902  0.4670740015689016  0.47018538165378393  0.02596565945020842  
3.04  0.036448308771462753  0.4671816600881095  0.47028992653953683  0.025962717444827064  
3.06  0.03624750951466105  0.46728571513105205  0.4703905185184938  0.025958464225972196  
3.08  0.03605541146977231  0.46738624832356146  0.4704872107836012  0.02595296374597194  
3.1  0.03587177917762474  0.46748335147801473  0.47058006880523184  0.02594629279399433  
3.12  0.035696345684249994  0.4675771243452699  0.4706691692593026  0.025938540318068012  
3.14  0.035528816759459486  0.4676676724606087  0.47075459889328963  0.02592980652316498  
3.16  0.03536887524344368  0.4677551051464383  0.47083645332801854  0.02592020175587335  
3.18  0.03521618545403878  0.46783953371885006  0.4709148357997004  0.025909845190045955  
3.2  0.035070397590749425  0.46792106992699983  0.47098985585618486  0.02589886333197681  
3.22  0.03493115207540663  0.46799982463597467  0.47106162803041673  0.02588738836830218  
3.24  0.03479808377398592  0.4680759067478968  0.4711302705201853  0.025875556384895696  
3.2600000000000002  0.034670826049791964  0.46814942234403073  0.47119590390519334  0.025863505490085273  
3.2800000000000002  0.03454901460474769  0.46822047402296946  0.47125864992992844  0.025851373880025535  
3.3000000000000003  0.03443229107244784  0.46828916040652957  0.4713186303754268  0.02583929788728852  
3.3200000000000003  0.0343203063333968  0.46835557578473686  0.47137596603575593  0.025827410055226537  
3.34  0.03421272352901236  0.46841980987369125  0.4714307758079649  0.02581583728011413  
3.36  0.034109220756270126  0.46848194766371537  0.4714831758980482  0.025804699060583025  
3.38  0.034009493429274576  0.46854206933964737  0.4715332791408877  0.025794105889732875  
3.4  0.033913256297728844  0.46860025025957724  0.47158119442921625  0.02578415781998431  
3.42  0.033820245115442175  0.4686565609823966  0.47162702624524827  0.02577494322479764  
3.44  0.033730217954961755  0.4687110673378329  0.47167087428811477  0.025766537775170198  
3.46  0.03364295616734691  0.4687638305352815  0.4717128331906648  0.025759003642841786  
3.48  0.03355826498917178  0.4688149073094427  0.4717529923196914  0.025752388936478264  
3.5  0.03347597380213153  0.46886435010175054  0.4717914356543036  0.02574672737205057  
3.52  0.03339593605414463  0.46891220727691096  0.4718282417377203  0.02574203817413637  
3.54  0.033318028854509  0.4689585233736266  0.4718634836979674  0.025738326201030618  
3.56  0.03324215225944091  0.4690033393880573  0.47189722933306977  0.025735582283244574  
3.58  0.033168228268016756  0.4690466930876759  0.4719295412561703  0.02573378376224078  
3.6  0.03309619955210274  0.4690886193523025  0.4719604770955755  0.025732895213930337  
3.62  0.033026027947119084  0.46912915053809373  0.4719900897443792  0.025732869339594358  
3.64  0.03295769273336768  0.4691683168594365  0.47201842765379415  0.025733648005347297  
3.66  0.032891188740076904  0.4692061467829408  0.47204553516379305  0.025735163410071007  
3.68  0.032826524306192914  0.4692426674271235  0.4720714528643636  0.025737339360829344  
3.7  0.032763719133250345  0.46927790496113364  0.4720962179802591  0.025740092634136187  
3.72  0.03270280206635771  0.469311884995596  0.47211986477201956  0.02574333440107822  
3.74  0.03264380883942211  0.46934463295882917  0.4721424249459811  0.025746971694162693  
3.7600000000000002  0.03258677982023277  0.46937617445195545  0.4721639280660989  0.025750908893885285  
3.7800000000000002  0.032531757789940476  0.4694065355768328  0.4721844019606522  0.02575504921337399  
3.8000000000000003  0.03247878578986462  0.46943574323147835  0.47220387311732026  0.025759296160071554  
3.8200000000000003  0.032427905066452364  0.46946382536826586  0.47222236706060094  0.025763554954250187  
3.84  0.03237915314269961  0.46949081121117736  0.47223990870612764  0.025767733885228912  
3.86  0.03233256204144747  0.4695167314292078  0.47225652268720836  0.025771745587446018  
3.88  0.03228815668278462  0.46954161826402757  0.47227223364954685  0.02577550822004422  
3.9  0.03224595347436526  0.46956550561091637  0.4722870665109408  0.02577894653531639  
3.92  0.03220595910987956  0.4695884290529779  0.4723010466835464  0.025781992823243415  
3.94  0.0321681695872107  0.46961042584945056  0.472314200256994  0.02578458772137386  
3.96  0.03213256945409986  0.46963153487983983  0.4723265541414809  0.025786680881439462  
3.98  0.032099131285419136  0.4696517965463041  0.47233813617064885  0.025788231486343297  
4.0  0.032067815392532395  0.4696712526373818  0.47234897516477814  0.02578920861341819  
4.0200000000000005  0.03203856976171444  0.4696899461567583  0.47235910095541483  0.025789591442167015  
4.04  0.03201133021528406  0.46970792112114007  0.47236854437316866  0.025789369307004623  
4.0600000000000005  0.031986020786001206  0.4697252223317903  0.4723773372008637  0.025788541597771365  
4.08  0.03196255429242988  0.46974189512435566  0.4723855120946527  0.025787117512985635  
4.1  0.03194083310041661  0.4697579851019112  0.4723931024760552  0.02578511567287621  
4.12  0.03192075005358328  0.46977353785610193  0.4724001423981478  0.025782563601163593  
4.14  0.031902189553809995  0.4697885986812166  0.4724066663893405  0.025779497086333567  
4.16  0.03188502877110793  0.469803212285956  0.47241270927831225  0.025775959434694413  
4.18  0.03186913896104815  0.46981742250739555  0.47241830600376195  0.025772000628879035  
4.2  0.03185438686703735  0.46983127203141206  0.47242349141264905  0.02576767640655965  
4.22  0.03184063618420936  0.46984480212354174  0.4724283000505632  0.025763047275020264  
4.24  0.031827749061518945  0.46985805237383343  0.47243276594779193  0.025758177477849996  
4.26  0.031815587618783815  0.4698710604588838  0.4724369224045315  0.025753133930381245  
4.28  0.03180401545590114  0.4698838619238695  0.47244080177848763  0.025747985140587598  
4.3  0.03179289913224177  0.46989648998688754  0.47244443527799  0.025742800132010957  
4.32  0.031782109595292256  0.46990897536754045  0.4724478527634795  0.025737647384866166  
4.34  0.03177152353893009  0.46992134614122755  0.4724510825599632  0.02573259381082861  
4.36  0.03176102467326258  0.46993362762023305  0.47245415128285195  0.025727703776144455  
4.38  0.03175050488971176  0.46994584226223435  0.4724570836792481  0.025723038186626315  
4.4  0.031739865306941444  0.46995800960653034  0.4724599024865504  0.025718653646828776  
4.42  0.03172901718528113  0.4699701462378838  0.4724626283098646  0.02571460170429637  
4.44  0.03171788269945637  0.469982265777583  0.47246527951955514  0.0257109281882041  
4.46  0.03170639556167525  0.4699943789009985  0.47246787216990876  0.025707672650064402  
4.48  0.031694501489392346  0.47000649338066725  0.4724704199396232  0.02570486791242432  
4.5  0.03168215851435532  0.47001861415369517  0.4724729340945913  0.02570253972969551  
4.5200000000000005  0.031669337131803005  0.47003074341205764  0.47247542347320487  0.025700706563442064  
4.54  0.03165602029089051  0.47004288071427447  0.47247789449411626  0.0256993794726585  
4.5600000000000005  0.0316422032295477  0.4700550231166822  0.4724803511861982  0.025698562117797107  
4.58  0.031627893159007756  0.47006716532256376  0.4724827952402219  0.025698250875612977  
4.6000000000000005  0.03161310880513128  0.47007929984722485  0.4724852260815305  0.025698435060265507  
4.62  0.03159787981540164  0.4700914171970602  0.47248764096285734  0.02569909724463415  
4.64  0.03158224604204591  0.47010350606069634  0.47249003507619086  0.025700213674410534  
4.66  0.03156625671312432  0.47011555351018686  0.4724924016824608  0.025701754766319876  
4.68  0.03154996950463635  0.4701275452103529  0.4724947322576929  0.02570368568076864  
4.7  0.03153344952766978  0.47013946563428  0.4724970166540974  0.02570596695832023  
4.72  0.03151676824540776  0.47015129828312596  0.4724992432744737  0.025708555208721607  
4.74  0.031500002335355416  0.47016302590833586  0.47250139925819074  0.02571140384068498  
4.76  0.03148323251250308  0.4701746307345037  0.47250347067694304  0.025714463820341413  
4.78  0.03146654232925329  0.4701860946811349  0.47250544273836753  0.02571768444614738  
4.8  0.031450016967869567  0.4701973995816373  0.47250729999557484  0.02572101412812306  
4.82  0.03143374204090103  0.4702085273979132  0.47250902656058413  0.0257244011595602  
4.84  0.03141780241457002  0.4702194604290892  0.4725106063196746  0.02572779446977334  
4.86  0.03140228106943399  0.4702301815128394  0.4725120231485676  0.025731144347078287  
4.88  0.03138725801180785  0.4702406742179615  0.47251326112541275  0.025734403121936124  
4.9  0.03137280924844537  0.470250923026906  0.47251430473957184  0.02573752580109268  
4.92  0.03135900583586233  0.47026091350699856  0.47251513909422205  0.025740470644543698  
4.94  0.031345913014446426  0.4702706324692085  0.4725157501008165  0.025743199678265515  
4.96  0.03133358943616424  0.47028006811341705  0.47251612466356646  0.02574567913683335  
4.98  0.031322086493268994  0.4702892101591715  0.47251625085216453  0.025747879831275248  
5.0  0.03131144775394135  0.47029804996105884  0.4725161180610676  0.02574977743880292  
5.0200000000000005  0.031301708509291606  0.4703065806078743  0.4725157171538006  0.025751352712331893  
5.04  0.03129289543463367  0.47031479700491907  0.4725150405908551  0.025752591608995665  
5.0600000000000005  0.03128502636642305  0.47032269593882214  0.4725140825399023  0.02575348533812256  
5.08  0.031278110194758485  0.47033027612441014  0.47251283896724117  0.025754030330356618  
5.1000000000000005  0.03127214686989724  0.4703375382332889  0.47251130770950867  0.025754228130761905  
5.12  0.031267127519842154  0.47034448490390063  0.4725094885249055  0.025754085219837602  
5.14  0.03126303467473974  0.47035112073297575  0.4725073831234003  0.025753612767341037  
5.16  0.031259842592600624  0.47035745224844766  0.47250499517553435  0.025752826324710907  
5.18  0.031257517679728716  0.4703634878640461  0.47250233029970434  0.02575174546261293  
5.2  0.03125601899823062  0.47036923781592194  0.472499396028049  0.025750393360779146  
5.22  0.031255298852087623  0.47037471408182957  0.472496201751249  0.025748796357783564  
5.24  0.0312553034425257  0.4703799302835773  0.47249275864284707  0.025746983468767158  
5.26  0.031255973582796914  0.4703849015735317  0.47248907956388014  0.025744985879338062  
5.28  0.03125724546201676  0.4703896445062336  0.47248517894886743  0.02574283642397671  
5.3  0.031259051447375265  0.47039417689623386  0.4724810726744215  0.02574056905722716  
5.32  0.03126132091384719  0.47039851766345403  0.4724767779118795  0.02573821832580398  
5.34  0.031263981090493276  0.47040268666753954  0.4724723129656657  0.02573581884946283  
5.36  0.031266957912524866  0.47040670453269956  0.47246769709910313  0.025733404818093764  
5.38  0.03127017686854623  0.47041059246480443  0.4724629503496684  0.025731009512007193  
5.4  0.03127356383272989  0.470414372062465  0.47245809333574995  0.025728664851793853  
5.42  0.03127704587215769  0.47041806512398743  0.4724531470570593  0.02572640098348543  
5.44  0.03128055202014282  0.47042169345212936  0.4724481326909921  0.02572424590400771  
5.46  0.031284014007022146  0.47042527865868283  0.47244307138719005  0.025722225131139427  
5.48  0.03128736694067251  0.47042884197084184  0.4724379840627104  0.02572036142136093  
5.5  0.03129054992985117  0.47043240404146724  0.47243289120008153  0.02571867453814302  
5.5200000000000005  0.03129350664435616  0.47043598476516213  0.47242781265057227  0.025717181072360012  
5.54  0.0312961858069511  0.4704396031021813  0.47242276744494327  0.025715894315665237  
5.5600000000000005  0.03129854161299281  0.47044327691206145  0.4724177736138111  0.025714824186828238  
5.58  0.03130053407470167  0.470447022798761  0.47241284801972544  0.025713977210232386  
5.6000000000000005  0.0313021292880297  0.4704508559690394  0.47240800620282875  0.025713356544966134  
5.62  0.031303299621101136  0.47045479010559543  0.4724032622418848  0.025712962062226237  
5.64  0.03130402382418631  0.47045883725638876  0.4723986286321898  0.025712790468113967  
5.66  0.03130428706214  0.47046300774137406  0.47239411618180177  0.025712835468305415  
5.68  0.031304080871157915  0.47046731007763015  0.47238973392712374  0.025713087970584952  
5.7  0.0313034030425806  0.47047175092378135  0.4723854890688104  0.025713536320805863  
5.72  0.03130225743728429  0.47047633504423003  0.47238138692859527  0.02571416656748845  
5.74  0.03130065373494244  0.4704810652936309  0.47237743092743406  0.025714962750023624  
5.76  0.03129860712311401  0.4704859426216998  0.4723736225850884  0.025715907205283658  
5.78  0.031296137931691274  0.47049096609825114  0.4723699615409922  0.025716980887343942  
5.8  0.03129327121874774  0.4704961329581514  0.4723664455959924  0.025718163695043005  
5.82  0.031290036314227984  0.47050143866554844  0.4723630707743404  0.02571943480218216  
5.84  0.03128646632823969  0.47050687699659866  0.4723598314049505  0.025720772985329283  
5.86  0.03128259763092749  0.4705124401396465  0.47235672022086467  0.02572215694442342  
5.88  0.031278469311037754  0.4705181188115942  0.47235372847550366  0.025723565611678493  
5.9  0.0312741226203166  0.4705239023890496  0.4723508460741747  0.025724978444637444  
5.92  0.03126960041082936  0.4705297790526109  0.4723480617190978  0.02572637569963341  
5.94  0.031264946572151855  0.4705357359425517  0.472345363066058  0.0257277386823623  
5.96  0.03126020547515803  0.470541759323992  0.47234273689066275  0.025729049972759176  
5.98  0.03125542142883167  0.47054783475954903  0.47234016926209504  0.025730293621859652  
6.0  0.03125063815616359  0.47055394728739763  0.4723376457221722  0.02573145531886681  
6.0200000000000005  0.03124589829476241  0.47056008160260093  0.47233515146746785  0.02573252252715537  
6.04  0.03124124292732035  0.47056622223954414  0.47233267153227676  0.025733484588481594  
6.0600000000000005  0.031236711146544645  0.470572353753311  0.4723301909701632  0.025734332795171  
6.08  0.03123233965858639  0.47057846089789757  0.47232769503191985  0.02573506043056653  
6.1000000000000005  0.03122816242840343  0.47058452879916624  0.4723251693378505  0.025735662778477154  
6.12  0.031224210369858688  0.47059054312055904  0.4723226000423231  0.025736137102817455  
6.140000000000001  0.031220511082720205  0.47059649021973937  0.47231997398876413  0.025736482599035746  
6.16  0.031217088638087906  0.4706023572943329  0.4723172788532956  0.025736700319275996  
6.18  0.031213963413125854  0.470608132515283  0.4723145032755002  0.025736793073552387  
6.2  0.03121115197535054  0.4706138051463318  0.47231163697492456  0.025736765309472807  
6.22  0.031208667016115882  0.4706193656484358  0.4723086708521267  0.025736622973266923  
6.24  0.03120651733235083  0.4706248057681101  0.47230559707333447  0.025736373355040573  
6.26  0.031204707855047358  0.47063011860886766  0.4723024091379632  0.0257360249212894  
6.28  0.031203239722489673  0.470635298685198  0.4722991019285087  0.025735587137766993  
6.3  0.031202110395733465  0.47064034195874904  0.47229567174254605  0.025735070285802943  
6.32  0.031201313813430803  0.4706452458565482  0.4722921163067775  0.025734485275143354  
6.34  0.031200840582710703  0.47065000927141926  0.4722884347733699  0.025733843456279045  
6.36  0.031200678202518924  0.4706546325448977  0.47228462769896895  0.02573315643512311  
6.38  0.031200811315544745  0.47065911743320193  0.47228069700705066  0.02573243589270986  
6.4  0.031201221984666776  0.4706634670570029  0.47227664593442176  0.025731693412400888  
6.42  0.03120188998969719  0.47066768583597224  0.4722724789629416  0.025730940316848708  
6.44  0.031202793140110995  0.47067177940917565  0.47226820173760453  0.025730187516712404  
6.46  0.031203907599419288  0.47067575454262667  0.4722638209723585  0.025729445372847118  
6.48  0.03120520821686187  0.4706796190254247  0.4722593443451339  0.025728723573397925  
6.5  0.0312066688621687  0.4706833815559851  0.4722547803836545  0.025728031026931875  
6.5200000000000005  0.03120826275926627  0.4706870516200223  0.47225013834370655  0.025727375772445122  
6.54  0.03120996281496799  0.4706906393619527  0.4722454280815656  0.025726764906769485  
6.5600000000000005  0.031211741938910114  0.470694155451495  0.4722406599223571  0.025726204529625183  
6.58  0.03121357335123376  0.47069761094724666  0.47223584452612694  0.02572569970626593  
6.6000000000000005  0.031215430874804814  0.4707010171589709  0.47223099275335634  0.02572525444740425  
6.62  0.031217289209075468  0.4707043855103851  0.4722261155316365  0.025724871705848577  
6.640000000000001  0.031219124183021623  0.4707077274041077  0.4722212237252072  0.025724553389053658  
6.66  0.031220912984954247  0.4707110540904434  0.4722163280088658  0.02572430038657968  
6.68  0.031222634367361824  0.4707143765415149  0.4722114387477945  0.025724112611272384  
6.7  0.031224268825323084  0.47071770533218943  0.4722065658846418  0.025723989052831835  
6.72  0.031225798747407916  0.4707210505291145  0.47220171883506734  0.02572392784229878  
6.74  0.03122720853835858  0.4707244215890359  0.47219690639290207  0.025723926325911393  
6.76  0.03122848471321772  0.47072782726741297  0.4721921366457885  0.02572398114669752  
6.78  0.031229615962934575  0.47073127553822697  0.47218741690210825  0.025724088332153918  
6.8  0.031230593191812175  0.47073477352561627  0.4721827536297891  0.025724243386341158  
6.82  0.031231409527503442  0.4707383274479392  0.4721781524074102  0.025724441384740924  
6.84  0.031232060304555664  0.470741942574546  0.47217361788787476  0.02572467707028272  
6.86  0.031232543022789657  0.4707456231954775  0.47216915377470514  0.025724944948990306  
6.88  0.031232857282051572  0.4707493726040573  0.4721647628108849  0.02572523938380854  
6.9  0.031233004695095615  0.47075319309222535  0.47216044677999325  0.025725554685264967  
6.92  0.031232988780555346  0.47075708595829824  0.47215620651925444  0.025725885197751527  
6.94  0.03123281483811488  0.4707610515266337  0.4721520419438711  0.025726225380337944  
6.96  0.031232489808123834  0.4707650891786215  0.4721479520820562  0.02572656988118909  
6.98  0.03123202211798762  0.4707691973942129  0.47214393511990926  0.025726913604799003  
7.0  0.0312314215177391  0.47077337380315243  0.4721399884552103  0.025727251771417742  
7.0200000000000005  0.03123069890721299  0.47077761524491246  0.4721361087591864  0.025727579968206096  
7.04  0.031229866157251665  0.470781917836301  0.47213229204514623  0.025727894191812282  
7.0600000000000005  0.031228935927338344  0.4707862770456469  0.47212853374287134  0.025728190882216895  
7.08  0.031227921481989423  0.4707906877723293  0.4721248287775876  0.025728466947836155  
7.1000000000000005  0.031226836508159165  0.470795144430537  0.47212117165235656  0.025728719782023984  
7.12  0.031225694935790454  0.47079964103596333  0.4721175565326771  0.025728947271231758  
7.140000000000001  0.031224510763522242  0.47080417129429114  0.4721139773321313  0.02572914779520635  
7.16  0.031223297891408458  0.47080872869022816  0.47211042779792045  0.02572932021970871  
7.18  0.03122206996233711  0.4708133065759713  0.47210690159520424  0.025729463882334568  
7.2  0.031220840213658042  0.470817898257951  0.472103392389168  0.02572957857207784  
7.22  0.031219621340335277  0.47082249708082285  0.47209989392387014  0.025729664503351485  
7.24  0.031218425370746206  0.47082709650776106  0.4720964000969431  0.02572972228522632  
7.26  0.03121726355603748  0.4708316901961081  0.47209290502935236  0.025729752886660587  
7.28  0.031216146273747986  0.47083627206762263  0.4720894031295092  0.025729757598535657  
7.3  0.031215082946204238  0.4708408363726283  0.4720858891511008  0.025729737993288593  
7.32  0.031214081973986715  0.4708453777474537  0.47208235824415157  0.025729695882938646  
7.34  0.031213150684573688  0.47084989126469934  0.47207880599893565  0.025729633276273776  
7.36  0.0312122952960772  0.47085437247598155  0.47207522848243  0.0257295523359221  
7.38  0.03121152089580814  0.4708588174468569  0.47207162226716237  0.025729455335999886  
7.4  0.031210831433237864  0.4708632227838469  0.47206798445237896  0.025729344620963154  
7.42  0.031210229726771933  0.470867585653481  0.47206431267758187  0.025729222566235714  
7.44  0.031209717483605497  0.4708719037934883  0.47206060512858355  0.02572909154111347  
7.46  0.031209295331812575  0.4708761755162691  0.4720568605363059  0.025728953874380366  
7.48  0.031208962863703386  0.47088039970497575  0.4720530781686715  0.025728811822986086  
7.5  0.031208718689401015  0.47088457580250137  0.47204925781596846  0.02572866754408014  
7.5200000000000005  0.03120856049950753  0.4708887037938906  0.4720453997701999  0.025728523070596455  
7.54  0.031208485135673158  0.47089278418262187  0.47204150479892126  0.02572838029053134  
7.5600000000000005  0.031208488667848065  0.4708968179613864  0.4720375741141761  0.02572824092997485  
7.58  0.031208566476962907  0.47090080657795463  0.4720336093371506  0.025728106539888235  
7.6000000000000005  0.03120871334178809  0.47090475189677944  0.4720296124592351  0.02572797848656808  
7.62  0.031208923528724338  0.47090865615707334  0.47202558580011716  0.025727857945667395  
7.640000000000001  0.031209190883305163  0.4709125219280287  0.472021531963641  0.02572774589960413  
7.66  0.031209508922227416  0.47091635206190524  0.47201745379210014  0.02572764313813931  
7.68  0.0312098709247791  0.4709201496456771  0.4720133543196405  0.025727550261867953  
7.7  0.031210270022593314  0.47092391795198546  0.4720092367254365  0.025727467688342696  
7.72  0.031210699286736192  0.4709276603900307  0.4720051042872525  0.02572739566052083  
7.74  0.031211151811206327  0.47093138045703875  0.4720009603359953  0.025727334257213498  
7.76  0.03121162079202565  0.4709350816909623  0.4719968082118183  0.02572728340520432  
7.78  0.031212099601183485  0.4709387676249303  0.4719926512222448  0.025727242892705126  
7.8  0.031212581854802097  0.470942441743984  0.471988492602805  0.02572721238381756  
7.82  0.031213061474992466  0.4709461074445525  0.4719843354805558  0.02572719143368052  
7.84  0.031213532744965956  0.47094976799705923  0.47198018284082  0.025727179503994092  
7.86  0.03121399035708024  0.470953426512005  0.4719760374974433  0.025727175978633856  
7.88  0.03121442945359194  0.4709570859098167  0.47197190206676126  0.02572718017908714  
7.9  0.03121484565999321  0.47096074889464346  0.4719677789454405  0.025727191379472242  
7.92  0.031215235110901768  0.4709644179322473  0.47196367029229325  0.02572720882092588  
7.94  0.03121559446857039  0.47096809523213085  0.4719595780140973  0.02572723172517647  
7.96  0.0312159209341657  0.47097178273384704  0.4719555037553941  0.02572725930714883  
7.98  0.03121621225204424  0.47097548209748097  0.4719514488921937  0.025727290786482206  
8.0  0.031216466707334786  0.4709791946982578  0.4719474145294794  0.025727325397861656  
8.02  0.03121668311719281  0.47098292162506744  0.4719434015023195  0.025727362400114254  
8.040000000000001  0.031216860816159986  0.47098666368277753  0.47193941038039666  0.02572740108402662  
8.06  0.031216999636104702  0.4709904213980554  0.4719354414757087  0.025727440778884655  
8.08  0.03121709988126464  0.47099419502847006  0.4719314948531366  0.025727480857750555  
8.1  0.03121716229894895  0.4709979845745642  0.4719275703436379  0.025727520741520796  
8.120000000000001  0.03121718804647476  0.47100178979457  0.47192366755969434  0.025727559901826225  
8.14  0.031217178654934872  0.4710056102214235  0.4719197859127066  0.025727597862849533  
8.16  0.031217135990402253  0.47100944518175675  0.4719159246319909  0.02572763420215116  
8.18  0.031217062213170235  0.4710132938164643  0.471912082785054  0.025727668550605393  
8.2  0.031216959735632557  0.47101715510249825  0.47190825929874  0.02572770059155471  
8.22  0.031216831179379265  0.47102102787554173  0.47190445298100897  0.02572773005929165  
8.24  0.03121667933207683  0.4710249108531854  0.47190066254294954  0.02572775673698539  
8.26  0.031216507104664403  0.4710288026582894  0.4718968866207542  0.025727780454164826  
8.28  0.031216317489373507  0.47103270184218815  0.4718931237973414  0.025727801083862703  
8.3  0.03121611351903909  0.47103660690744975  0.47188937262339276  0.025727818539526298  
8.32  0.031215898228129958  0.47104051632990873  0.47188563163751757  0.025727832771792865  
8.34  0.031215674615882833  0.47104442857970147  0.4718818993853634  0.02572784376520548  
8.36  0.031215445611882813  0.47104834214110486  0.4718781744374687  0.025727851534955878  
8.38  0.03121521404437691  0.4710522555309755  0.4718744554056775  0.02572785612371268  
8.4  0.031214982611567327  0.4710561673156029  0.4718707409580337  0.025727857598587176  
8.42  0.03121475385607677  0.47106007612588907  0.47186702983199  0.025727856048280907  
8.44  0.031214530142730703  0.47106398067070915  0.4718633208459185  0.025727851580439158  
8.46  0.031214313639750038  0.47106787974840336  0.47185961290882306  0.025727844319238274  
8.48  0.031214106303408533  0.47107177225637753  0.4718559050282855  0.025727834403203174  
8.5  0.03121390986615333  0.471075657198771  0.4718521963166188  0.025727821983260207  
8.52  0.031213725828151635  0.4710795336922205  0.4718484859952714  0.025727807221013445  
8.540000000000001  0.031213555452184384  0.47108340096977347  0.4718447733975445  0.025727790287227506  
8.56  0.031213399761768856  0.47108725838300536  0.4718410579696833  0.025727771360492396  
8.58  0.0312132595423603  0.4710911054024377  0.4718373392704429  0.02572775062604334  
8.6  0.031213135345451632  0.4710949416163417  0.4718336169692272  0.025727728274702127  
8.620000000000001  0.031213027495362092  0.4710987667280778  0.4718298908429387  0.025727704501912134  
8.64  0.031212936098485956  0.4711025805520868  0.4718261607716357  0.025727679506828287  
8.66  0.031212861054754428  0.4711063830086756  0.4718224267331763  0.025727653491430892  
8.68  0.03121280207104267  0.47111017411776734  0.4718186887969434  0.025727626659635863  
8.700000000000001  0.031212758676253047  0.4711139539917405  0.4718149471168376  0.025727599216372875  
8.72  0.031212730237789962  0.4711177228275626  0.47181120192365844  0.02572757136660489  
8.74  0.03121271597914732  0.47112148089832134  0.4718074535170173  0.025727543314276985  
8.76  0.031212714998322715  0.4711252285443645  0.47180370225694107  0.025727515261175296  
8.78  0.03121272628678235  0.4711289661641503  0.47179994855526713  0.025727487405695918  
8.8  0.03121274874870458  0.47113269420498993  0.4717961928669981  0.02572745994151332  
8.82  0.031212781220245317  0.47113641315380367  0.47179243568168394  0.02572743305616276  
8.84  0.031212822488574668  0.4711401235280134  0.4717886775149984  0.02572740692954145  
8.86  0.03121287131045864  0.4711438258666904  0.47178491890056057  0.025727381732344907  
8.88  0.031212926430167615  0.4711475207220779  0.47178116038212753  0.025727357624460753  
8.9  0.031212986596522153  0.47115120865155136  0.4717774025061883  0.025727334753347614  
8.92  0.031213050578902835  0.47115489021011125  0.47177364581507675  0.025727313252421034  
8.94  0.03121311718207212  0.4711585659434815  0.47176989084062737  0.02572729323948987  
8.96  0.031213185259682464  0.4711622363818353  0.47176613809840545  0.025727274815261637  
8.98  0.031213253726365346  0.4711659020342363  0.47176238808258236  0.025727258061967975  
9.0  0.03121332156832314  0.4711695633837612  0.4717586412614333  0.025727243042131524  
9.02  0.03121338785236247  0.4711732208833704  0.47175489807349286  0.025727229797516276  
9.040000000000001  0.031213451733338882  0.47117687495249116  0.4717511589243557  0.025727218348290583  
9.06  0.031213512459997227  0.4711805259743309  0.4717474241841212  0.025727208692430288  
9.08  0.03121356937922124  0.4711841742938789  0.47174369418547596  0.025727200805391003  
9.1  0.03121362193871771  0.47118782021660444  0.4717399692223553  0.025727194640066706  
9.120000000000001  0.031213669688185324  0.4711914640077617  0.4717362495491922  0.02572719012705355  
9.14  0.0312137122790344  0.4711951058923259  0.4717325353807009  0.02572718717522814  
9.16  0.03121374946273591  0.4711987460554562  0.47172882689215434  0.025727185672643278  
9.18  0.03121378108789925  0.471202384643472  0.4717251242201299  0.025727185487743408  
9.200000000000001  0.031213807096179852  0.47120602176527904  0.47172142746364626  0.02572718647088683  
9.22  0.031213827517138373  0.47120965749417  0.4717177366856777  0.025727188456163896  
9.24  0.0312138424621737  0.4712132918699788  0.47171405191499655  0.02572719126349033  
9.26  0.031213852117662002  0.47121692490149947  0.4717103731482659  0.02572719470094782  
9.28  0.03121385673743429  0.471220556569133  0.4717067003523672  0.02572719856734038  
9.3  0.031213856634733268  0.47122418682767486  0.4717030334668968  0.025727202654930392  
9.32  0.031213852173783523  0.47122781560924565  0.4716993724068144  0.02572720675231685  
9.34  0.03121384376111251  0.4712314428262652  0.47169571706517016  0.025727210647405647  
9.36  0.031213831836755298  0.47123506837444634  0.4716920673158953  0.025727214130428562  
9.38  0.031213816865467814  0.4712386921357478  0.4716884230165936  0.02572721699696471  
9.4  0.03121379932807485  0.47124231398129096  0.47168478401134134  0.025727219050911528  
9.42  0.03121377971306182  0.47124593377413526  0.4716811501334144  0.025727220107356442  
9.44  0.031213758508518496  0.4712495513719516  0.4716775212079678  0.025727219995304168  
9.46  0.03121373619452969  0.4712531666295242  0.4716738970546015  0.02572721856021004  
9.48  0.031213713236096986  0.47125677940108546  0.47167027748981377  0.025727215666279717  
9.5  0.031213690076665364  0.4712603895424452  0.47166666232931376  0.02572721119849143  
9.52  0.031213667132316956  0.47126399691290954  0.47166305139018627  0.025727205064312027  
9.540000000000001  0.031213644786681774  0.4712676013770203  0.47165944449290736  0.025727197195067338  
9.56  0.03121362338660349  0.47127120280600976  0.47165584146315914  0.02572718754695287  
9.58  0.031213603238585828  0.47127480107910014  0.4716522421335046  0.025727176101659314  
9.6  0.031213584606032473  0.47127839608455285  0.47164864634484516  0.02572716286660282  
9.620000000000001  0.031213567707283334  0.47128198772050717  0.47164505394771966  0.025727147874759274  
9.64  0.031213552714438483  0.47128557589561954  0.47164146480340585  0.025727131184095565  
9.66  0.031213539752947484  0.4712891605295025  0.47163787878484337  0.025727112876614156  
9.68  0.031213528901938375  0.4712927415529863  0.47163429577737187  0.025727093057025113  
9.700000000000001  0.031213520195244326  0.4712963189082148  0.4716307156793116  0.02572707185106129  
9.72  0.031213513623082105  0.4712998925485611  0.4716271384023397  0.02572704940347244  
9.74  0.0312135091343308  0.4713034624384305  0.47162356387173776  0.025727025875724046  
9.76  0.031213506639344548  0.471307028552917  0.47161999202646293  0.02572700144344608  
9.78  0.031213506013242538  0.4713105908773627  0.4716164228190593  0.025726976293665393  
9.8  0.03121350709960108  0.47131414940680516  0.47161285621545884  0.025726950621878904  
9.82  0.03121350971447822  0.4713177041453516  0.47160929219461695  0.025726924629004302  
9.84  0.03121351365069873  0.471321255105485  0.47160573074803713  0.025726898518269554  
9.86  0.0312135186823262  0.4713248023073131  0.47160217187917564  0.02572687249208639  
9.88  0.031213524569247773  0.47132834577777133  0.47159861560274285  0.02572684674896379  
9.9  0.031213531061803378  0.4713318855497868  0.47159506194388984  0.025726821480507873  
9.92  0.03121353790539003  0.4713354216614414  0.4715915109373339  0.025726796868567294  
9.94  0.03121354484497671  0.47133895415508603  0.47158796262637104  0.025726773082556265  
9.96  0.031213551629468837  0.47134248307646853  0.47158441706183307  0.025726750277014876  
9.98  0.031213558015867282  0.47134600847386415  0.47158087430098533  0.02572672858943003  
10.0  0.031213563773167315  0.4713495303971977  0.47157733440636945  0.025726708138361178  
10.02  0.031213568685952216  0.4713530488971834  0.47157379744461464  0.025726689021885414  
10.040000000000001  0.031213572557641494  0.47135656402450665  0.4715702634852415  0.025726671316392533  
10.06  0.031213575213352523  0.4713600758290172  0.4715667325994361  0.02572665507573266  
10.08  0.031213576502347903  0.47136358435896597  0.4715632048588589  0.02572664033072506  
10.1  0.03121357630004264  0.4713670896602967  0.4715596803344784  0.025726627089025553  
10.120000000000001  0.031213574509553033  0.47137059177600377  0.47155615909545606  0.025726615335348632  
10.14  0.03121357106277641  0.47137409074552344  0.471552641208089  0.025726605032030943  
10.16  0.03121356592099739  0.4713775866042264  0.4715491267348422  0.02572659611991925  
10.18  0.03121355907502493  0.47138107938296775  0.47154561573345927  0.025726588519569764  
10.200000000000001  0.03121355054487095  0.4713845691077029  0.4715421082561696  0.025726582132736462  
10.22  0.031213540378987045  0.47138805579919457  0.47153860434900596  0.025726576844124306  
10.24  0.031213528653085056  0.4713915394727782  0.4715351040512122  0.025726572523381192  
10.26  0.03121351546856715  0.47139502013821066  0.47153160739478367  0.025726569027302092  
10.28  0.031213500950602966  0.47139849779958143  0.47152811440407977  0.025726566202207878  
10.3  0.031213485245888118  0.4714019724552888  0.4715246250955703  0.025726563886464528  
10.32  0.03121346852012679  0.47140544409811125  0.4715211394776842  0.025726561913105107  
10.34  0.031213450955279665  0.4714089127153076  0.4715176575507554  0.02572656011250685  
10.36  0.031213432746624643  0.4714123782888177  0.47151417930708256  0.02572655831509155  
10.38  0.031213414099674992  0.4714158407955085  0.4715107047310857  0.02572655635398842  
10.4  0.031213395227001728  0.47141930020749656  0.4715072337995805  0.025726554067632478  
10.42  0.031213376345010424  0.4714227564925338  0.4715037664821256  0.025726551302240618  
10.44  0.031213357670713704  0.4714262096144431  0.4715003027415035  0.025726547914138392  
10.46  0.031213339418550652  0.47142965953362853  0.471496842534253  0.025726543771886955  
10.48  0.031213321797294677  0.47143310620761286  0.4714933858113138  0.025726538758185893  
10.5  0.03121330500709171  0.471436549591665  0.4714899325187439  0.025726532771518595  
10.52  0.031213289236668953  0.47143998963941836  0.47148648259850423  0.02572652572751434  
10.540000000000001  0.031213274660750488  0.4714434263035654  0.47148303598929664  0.025726517560010473  
10.56  0.031213261437712046  0.47144685953655097  0.47147959262746714  0.025726508221801784  
10.58  0.031213249707503356  0.47145028929130284  0.4714761524479296  0.025726497685066886  
10.6  0.031213239589863547  0.4714537155219421  0.47147271538512814  0.025726485941470246  
10.620000000000001  0.03121323118284899  0.47145713818452323  0.47146928137399224  0.0257264730019479  
10.64  0.03121322456168814  0.4714605572377319  0.4714658503509147  0.02572645889618342  
10.66  0.031213219777974394  0.47146397264356943  0.47146242225468155  0.025726443671787898  
10.68  0.03121321685920113  0.47146738436799523  0.47145899702738164  0.02572642739320573  
10.700000000000001  0.031213215808641698  0.47147079238153905  0.47145557461528853  0.025726410140369797  
10.72  0.031213216605564833  0.4714741966598345  0.4714521549696522  0.025726392007137423  
10.74  0.03121321920578288  0.47147759718410137  0.4714487380474303  0.02572637309952797  
10.76  0.031213223542512936  0.4714809939415445  0.47144532381195087  0.025726353533808973  
10.78  0.031213229527536614  0.4714843869256911  0.4714419122334496  0.02572633343445793  
10.8  0.031213237052634724  0.4714877761366114  0.4714385032895425  0.02572631293203762  
10.82  0.031213245991274542  0.4714911615810679  0.4714350969655494  0.025726292161023196  
10.84  0.031213256200516515  0.4714945432725756  0.47143169325473144  0.025726271257619462  
10.86  0.031213267523114735  0.47149792123134066  0.4714282921583919  0.025726250357599532  
10.88  0.03121327978977527  0.471501295484119  0.4714248936858578  0.025726229594206538  
10.9  0.031213292821539076  0.47150466606398045  0.4714214978543593  0.025726209096146806  
10.92  0.031213306432253764  0.47150803300996685  0.4714181046887561  0.025726188985703405  
10.94  0.03121332043109982  0.4715113963666827  0.47141471422118764  0.025726169377002374  
10.96  0.031213334625132722  0.4715147561837698  0.4714113264905805  0.025726150374452344  
10.98  0.0312133488218097  0.4715181125153456  0.47140794154208154  0.025726132071378315  
11.0  0.03121336283146306  0.4715214654193362  0.4714045594263805  0.02572611454886698  
11.02  0.031213376469692074  0.4715248149567762  0.4714011801989663  0.025726097874836748  
11.040000000000001  0.031213389559637303  0.4715281611910482  0.4713978039192997  0.025726082103337954  
11.06  0.031213401934113212  0.4715315041870895  0.4713944306499398  0.02572606727409279  
11.08  0.031213413437573462  0.47153484401056434  0.4713910604556276  0.02572605341227153  
11.1  0.031213423927882213  0.4715381807270297  0.4713876934023355  0.025726040528500225  
11.120000000000001  0.03121343327787633  0.4715415144011084  0.47138432955631127  0.025726028619098985  
11.14  0.03121344137669974  0.47154484509565  0.47138096898311754  0.02572601766653356  
11.16  0.031213448130897128  0.47154817287092987  0.4713776117466869  0.025726007640067158  
11.18  0.031213453465259337  0.4715514977838721  0.4713742579084052  0.025725998496601146  
11.200000000000001  0.03121345732341339  0.4715548198873368  0.471370907526254  0.02572599018167804  
11.22  0.031213459668155596  0.4715581392294412  0.47136756065398183  0.025725982630630383  
11.24  0.031213460481530363  0.47156145585296116  0.47136421734038403  0.025725975769850026  
11.26  0.03121345976465732  0.47156476979479234  0.471360877628612  0.025725969518156807  
11.28  0.031213457537319078  0.47156808108551374  0.47135754155561616  0.02572596378823682  
11.3  0.031213453837314817  0.4715713897490123  0.4713542091516514  0.025725958488130106  
11.32  0.031213448719600995  0.47157469580222583  0.47135088043990625  0.025725953522740312  
11.34  0.031213442255230137  0.47157799925496424  0.4713475554362249  0.02572594879534251  
11.36  0.031213434530109926  0.47158130010983207  0.4713442341489384  0.025725944209066123  
11.38  0.031213425643601946  0.47158459836225897  0.47134091657881644  0.0257259396683309  
11.4  0.031213415706982717  0.4715878940006127  0.4713376027191079  0.0257259350802143  
11.42  0.031213404841790367  0.47159118700641395  0.4713342925557081  0.025725930355732736  
11.44  0.03121339317808222  0.47159447735464816  0.47133098606741086  0.025725925411019552  
11.46  0.031213380852627173  0.47159776501416606  0.4713276832262618  0.02572592016838442  
11.48  0.031213368007058276  0.47160104994813573  0.47132438399800625  0.025725914557244028  
11.5  0.03121335478601077  0.47160433211460673  0.47132108834261605  0.025725908514910467  
11.52  0.031213341335268978  0.4716076114671262  0.4713177962148781  0.02572590198723705  
11.540000000000001  0.031213327799947527  0.471610887955404  0.4713145075650613  0.02572589492910529  
11.56  0.031213314322725165  0.47161416152601304  0.4713112223396201  0.025725887304764876  
11.58  0.031213301042160177  0.47161743212316964  0.47130794048196184  0.025725879088019127  
11.6  0.031213288091096046  0.4716206996894876  0.4713046619332106  0.025725870262252655  
11.620000000000001  0.031213275595187443  0.4716239641667802  0.47130138663301546  0.025725860820325994  
11.64  0.031213263671549  0.4716272254968479  0.4712981145203569  0.025725850764318787  
11.66  0.031213252427552175  0.4716304836222732  0.4712948455343448  0.025725840105153646  
11.68  0.031213241959775692  0.4716337384871771  0.47129157961498847  0.02572582886209469  
11.700000000000001  0.03121323235311743  0.4716369900379686  0.4712883167039712  0.02572581706214136  
11.72  0.031213223680077742  0.47164023822404155  0.4712850567453506  0.025725804739333176  
11.74  0.031213216000217793  0.471643482998415  0.47128179968623335  0.025725791933967245  
11.76  0.03121320935979217  0.47164672431834825  0.47127854547738995  0.025725778691759647  
11.78  0.031213203791558466  0.47164996214585136  0.4712752940737973  0.025725765062954667  
11.8  0.031213199314758362  0.47165319644815756  0.47127204543512907  0.02572575110140183  
11.82  0.03121319593526846  0.4716564271981145  0.4712687995261535  0.02572573686361674  
11.84  0.031213193645909684  0.4716596543744761  0.4712655563170641  0.025725722407837263  
11.86  0.031213192426910796  0.4716628779621312  0.471262315783718  0.025725707793096027  
11.88  0.031213192246512707  0.471666097952234  0.4712590779077957  0.02572569307831472  
11.9  0.031213193061703365  0.471669314342279  0.47125584267688825  0.025725678321440678  
11.92  0.03121319481906785  0.4716725271360416  0.47125261008448616  0.0257256635786337  
11.94  0.031213197455741422  0.47167573634348614  0.47124938012989404  0.025725648903511117  
11.96  0.031213200900451137  0.47167894198055615  0.4712461528180588  0.02572563434646693  
11.98  0.031213205074625557  0.4716821440689168  0.471242928159342  0.025725619954066584  
12.0  0.031213209893561838  0.4716853426356085  0.47123970616920624  0.02572560576852432  
12.02  0.031213215267632613  0.4716885377126442  0.4712364868678574  0.025725591827271403  
12.040000000000001  0.031213221103511473  0.47169172933655307  0.47123327027981043  0.025725578162613658  
12.06  0.03121322730540931  0.47169491754786164  0.47123005643341564  0.025725564801480794  
12.08  0.031213233776298446  0.4716981023905384  0.47122684536036064  0.025725551765269885  
12.1  0.03121324041911424  0.4717012839114002  0.4712236370951104  0.025725539069777467  
12.120000000000001  0.03121324713791698  0.4717044621595135  0.4712204316743434  0.025725526725221673  
12.14  0.031213253839003974  0.4717076371855503  0.47121722913636643  0.025725514736345663  
12.16  0.031213260431956887  0.4717108090411517  0.47121402952052666  0.025725503102600814  
12.18  0.03121326683061456  0.4717139777782832  0.4712108328666178  0.02572549181840046  
12.200000000000001  0.03121327295396283  0.4717171434486244  0.47120763921429604  0.02572548087343906  
12.22  0.03121327872693096  0.47172030610294097  0.4712044486025329  0.02572547025306943  
12.24  0.031213284081089587  0.4717234657905097  0.4712012610690565  0.025725459938725655  
12.26  0.031213288955244327  0.47172662255856324  0.47119807664985974  0.025725449908389618  
12.280000000000001  0.031213293295922536  0.4717297764517827  0.4711948953787235  0.02572544013708342  
12.3  0.031213297057747502  0.4717329275118282  0.4711917172867919  0.0257254305973865  
12.32  0.031213300203703324  0.4717360757769208  0.4711885424021974  0.025725421259965835  
12.34  0.03121330270528941  0.471739221281494  0.47118537074972544  0.025725412094107444  
12.36  0.0312133045425653  0.47174236405589  0.4711822023505489  0.025725403068244078  
12.38  0.03121330570409136  0.47174550412611554  0.47117903722200527  0.02572539415047267  
12.4  0.0312133061867682  0.4717486415136665  0.4711758753774428  0.025725385309047524  
12.42  0.03121330599558087  0.47175177623541775  0.47117271682611517  0.0257253765128488  
12.44  0.03121330514325483  0.4717549083035794  0.471169561573146  0.025725367731819042  
12.46  0.0312133036498297  0.47175803772570146  0.4711664096195346  0.025725358937360637  
12.48  0.031213301542161957  0.47176116450475647  0.47116326096222566  0.025725350102690198  
12.5  0.031213298853360542  0.47176428863926967  0.47116011559424587  0.02572534120314817  
12.52  0.031213295622169995  0.47176741012350626  0.47115697350484836  0.025725332216459507  
12.540000000000001  0.031213291892306056  0.47177052894770866  0.4711538346797435  0.025725323122944684  
12.56  0.031213287711757493  0.4717736450983849  0.47115069910134844  0.025725313905680794  
12.58  0.031213283132060208  0.471776758558629  0.47114756674908376  0.025725304550608084  
12.6  0.031213278207557173  0.4717798693084808  0.4711444375996955  0.025725295046591146  
12.620000000000001  0.03121327299465002  0.47178297732531427  0.4711413116275902  0.025725285385428356  
12.64  0.031213267551056  0.4717860825842604  0.47113818880521446  0.025725275561818597  
12.66  0.031213261935075027  0.4717891850586221  0.47113506910342867  0.025725265573280923  
12.68  0.031213256204878262  0.471792284720332  0.4711319524918981  0.02572525542003912  
12.700000000000001  0.031213250417824606  0.47179538154037987  0.47112883893949437  0.02572524510486626  
12.72  0.03121324462981272  0.4717984754892639  0.4711257284146687  0.025725234632900756  
12.74  0.031213238894675303  0.4718015665374259  0.47112262088584345  0.02572522401143452  
12.76  0.031213233263621815  0.47180465465566734  0.4711195163217813  0.025725213249680412  
12.780000000000001  0.03121322778473243  0.47180773981556756  0.4711164146919388  0.025725202358520896  
12.8  0.03121322250251089  0.4718108219898478  0.47111331596678613  0.025725191350245563  
12.82  0.031213217457496466  0.4718139011527307  0.4711102201181372  0.02572518023828132  
12.84  0.031213212685937138  0.47181697728026106  0.4711071271193946  0.025725169036918204  
12.86  0.031213208219529474  0.47182005035059027  0.47110403694582176  0.025725157761041097  
12.88  0.031213204085220488  0.47182312034422885  0.4711009495747445  0.02572514642586287  
12.9  0.031213200305075052  0.4718261872442518  0.4710978649857348  0.02572513504667089  
12.92  0.031213196896207784  0.4718292510364621  0.47109478316074666  0.02572512363858603  
12.94  0.03121319387077363  0.47183231170952594  0.47109170408422585  0.025725112216336055  
12.96  0.03121319123602242  0.47183536925505354  0.47108862774318794  0.025725100794052578  
12.98  0.03121318899440439  0.47183842366764195  0.4710855541272322  0.025725089385086993  
13.0  0.031213187143732488  0.4718414749448693  0.47108248322855795  0.02572507800184895  
13.02  0.031213185677392497  0.47184452308726205  0.4710794150419135  0.025725066655670398  
13.040000000000001  0.031213184584596418  0.4718475680982314  0.47107634956454236  0.02572505535669612  
13.06  0.031213183850675577  0.47185060998394407  0.47107328679607896  0.02572504411379682  
13.08  0.031213183457407864  0.471853648753191  0.4710702267384153  0.025725032934510752  
13.1  0.03121318338337441  0.4718566844172079  0.471067169395564  0.02572502182500732  
13.120000000000001  0.03121318360433881  0.47185971698949364  0.47106411477348176  0.025725010790078433  
13.14  0.031213184093644774  0.47186274648557025  0.471061062879879  0.02572499983314738  
13.16  0.03121318482262533  0.4718657729227629  0.4710580137240159  0.02572498895630451  
13.18  0.031213185761019415  0.4718687963199383  0.47105496731647856  0.025724978160358025  
13.200000000000001  0.031213186877390813  0.47187181669724404  0.47105192366896587  0.025724967444904826  
13.22  0.03121318813954214  0.47187483407583913  0.47104888279404705  0.025724956808413083  
13.24  0.031213189514921285  0.4718778484776264  0.4710458447049388  0.025724946248323024  
13.26  0.031213190971014805  0.47188085992498113  0.47104280941526655  0.02572493576115201  
13.280000000000001  0.031213192475725203  0.47188386844048313  0.47103977693883886  0.025724925342610446  
13.3  0.03121319399772594  0.47188687404665464  0.4710367472894368  0.025724914987724837  
13.32  0.03121319550679397  0.4718898767657254  0.47103372048059405  0.025724904690959602  
13.34  0.03121319697411305  0.4718928766193918  0.47103069652540536  0.025724894446344366  
13.36  0.03121319837255017  0.47189587362860114  0.4710276754363383  0.025724884247596145  
13.38  0.031213199676898402  0.4718988678133583  0.47102465722506887  0.025724874088241333  
13.4  0.031213200864086972  0.47190185919254746  0.4710216419023394  0.02572486396172963  
13.42  0.03121320191335816  0.4719048477837757  0.47101862947781675  0.02572485386154376  
13.44  0.03121320280640794  0.4719078336032432  0.47101561995998703  0.025724843781299654  
13.46  0.031213203527493145  0.4719108166656373  0.47101261335606776  0.025724833714838594  
13.48  0.03121320406350247  0.471913796984046  0.4710096096719351  0.02572482365630697  
13.5  0.031213204403994912  0.4719167745699023  0.4710066089120765  0.025724813600227825  
13.52  0.031213204541203427  0.4719197494329375  0.4710036110795585  0.025724803541558507  
13.540000000000001  0.031213204470008176  0.47192272158119436  0.47100061617602546  0.02572479347573816  
13.56  0.031213204187880227  0.47192569102101534  0.47099762420170327  0.02572478339872633  
13.58  0.031213203694795657  0.47192865775707726  0.4709946351554285  0.025724773307022202  
13.6  0.031213202993125636  0.47193162179245696  0.47099164903470025  0.025724763197682996  
13.620000000000001  0.03121320208750166  0.4719345831286871  0.470988665835737  0.025724753068323555  
13.64  0.031213200984662397  0.4719375417658493  0.470985685553546  0.02572474291711142  
13.66  0.031213199693279896  0.47194049770267177  0.4709827081820168  0.02572473274275087  
13.68  0.031213198223773133  0.4719434509366463  0.4709797337140173  0.025724722544458036  
13.700000000000001  0.03121319658810788  0.47194640146415184  0.47097676214150336  0.02572471232193115  
13.72  0.031213194799588277  0.4719493492805822  0.47097379345563245  0.02572470207531463  
13.74  0.031213192872640873  0.471952294380482  0.47097082764687503  0.025724691805157355  
13.76  0.031213190822596402  0.47195523675769685  0.470967864705143  0.025724681512366083  
13.780000000000001  0.03121318866547024  0.4719581764055123  0.47096490461991863  0.025724671198159625  
13.8  0.031213186417744287  0.47196111331679313  0.4709619473803631  0.02572466086401918  
13.82  0.031213184096153555  0.47196404748413295  0.4709589929754596  0.02572465051163789  
13.84  0.031213181717479856  0.4719669788999774  0.4709560413941173  0.025724640142871857  
13.86  0.03121317929835313  0.4719699075567672  0.4709530926252919  0.025724629759691066  
13.88  0.031213176855065417  0.4719728334470602  0.47095014665809304  0.025724619364135577  
13.9  0.03121317440339459  0.47197575656364044  0.4709472034818857  0.025724608958269786  
13.92  0.03121317195844447  0.47197867689963857  0.470944263086395  0.025724598544143985  
13.94  0.031213169534499242  0.47198159444861404  0.47094132546177236  0.025724588123756296  
13.96  0.031213167144894204  0.4719845092046411  0.4709383905986907  0.02572457769902287  
13.98  0.031213164801903052  0.4719874211623921  0.4709354584883954  0.025724567271748256  
14.0  0.031213162516643637  0.47199033031719295  0.4709325291227744  0.02572455684360369  
14.02  0.03121316029900186  0.4719932366650747  0.4709296024943928  0.02572454641610774  
14.040000000000001  0.03121315815757173  0.4719961402028023  0.4709266785965361  0.025724535990611953  
14.06  0.031213156099616127  0.47199904092791267  0.47092375742322845  0.0257245255682927  
14.08  0.03121315413104231  0.4720019388387204  0.47092083896925513  0.025724515150144085  
14.1  0.03121315225639675  0.4720048339343292  0.4709179232301624  0.025724504736978227  
14.120000000000001  0.031213150478875042  0.4720077262146106  0.47091501020225085  0.025724494329426605  
14.14  0.03121314880034657  0.4720106156801904  0.47091209988256244  0.025724483927945397  
14.16  0.0312131472213965  0.4720135023324345  0.4709091922688666  0.025724473532824296  
14.18  0.031213145741377464  0.47201638617339525  0.47090628735962475  0.02572446314419593  
14.200000000000001  0.03121314435847666  0.4720192672057863  0.4709033851539508  0.025724452762049748  
14.22  0.031213143069790922  0.47202214543292426  0.47090048565157633  0.025724442386244984  
14.24  0.031213141871412393  0.472025020858675  0.4708975888527954  0.025724432016526813  
14.26  0.03121314075852314  0.47202789348740704  0.47089469475842416  0.025724421652540644  
14.280000000000001  0.03121313972549457  0.47203076332391714  0.47089180336973036  0.02572441129384906  
14.3  0.031213138765991882  0.472033630373379  0.4708889146883824  0.02572440093994632  
14.32  0.03121313787308324  0.47203649464127584  0.4708860287164006  0.025724390590274312  
14.34  0.031213137039350223  0.47203935613333103  0.47088314545607324  0.025724380244236768  
14.36  0.031213136256998546  0.4720422148554504  0.47088026490991525  0.025724369901213205  
14.38  0.031213135517969056  0.47204507081366115  0.4708773870805922  0.02572435956056959  
14.4  0.031213134814045352  0.4720479240140463  0.47087451197087854  0.025724349221670786  
14.42  0.03121313413696034  0.4720507744626965  0.470871639583585  0.02572433888388854  
14.44  0.03121313347849551  0.4720536221656525  0.47086876992150895  0.02572432854661046  
14.46  0.031213132830577906  0.47205646712884936  0.4708659029873773  0.02572431820924701  
14.48  0.031213132185368832  0.4720593093580792  0.4708630387838032  0.025724307871234434  
14.5  0.031213131535346748  0.47206214885895453  0.47086017731323715  0.025724297532039985  
14.52  0.031213130873381567  0.47206498563685356  0.47085731857793134  0.025724287191163438  
14.540000000000001  0.031213130192801253  0.472067819696915  0.4708544625798922  0.02572427684813907  
14.56  0.031213129487449937  0.47207065104399415  0.470851609320848  0.02572426650253462  
14.58  0.03121312875173675  0.47207347968264846  0.47084875880224153  0.025724256153953327  
14.6  0.031213127980675992  0.4720763056171285  0.47084591102517676  0.025724245802029803  
14.620000000000001  0.031213127169917424  0.4720791288513489  0.47084306599042136  0.025724235446429395  
14.64  0.031213126315768537  0.4720819493889048  0.47084022369837863  0.02572422508684735  
14.66  0.031213125415206214  0.47208476723306164  0.47083738414909015  0.02572421472300526  
14.68  0.031213124465881696  0.47208758238675547  0.4708345473422289  0.025724204354651798  
14.700000000000001  0.031213123466116013  0.47209039485260323  0.4708317132770864  0.025724193981557092  
14.72  0.03121312241488682  0.4720932046329118  0.47082888195258465  0.025724183603515926  
14.74  0.031213121311810192  0.4720960117296945  0.47082605336728417  0.025724173220344614  
14.76  0.03121312015711312  0.472098816144684  0.4708232275193841  0.02572416283188097  
14.780000000000001  0.031213118951601115  0.47210161787935345  0.47082040440675227  0.025724152437986245  
14.8  0.03121311769662013  0.47210441693494354  0.47081758402692  0.025724142038544753  
14.82  0.031213116394014032  0.4721072133124725  0.4708147663771121  0.025724131633466395  
14.84  0.031213115046077575  0.4721100070127709  0.4708119514542761  0.025724121222690997  
14.86  0.031213113655505983  0.472112798036498  0.4708091392550772  0.02572411080618875  
14.88  0.03121311222534242  0.47211558638417833  0.47080632977595405  0.025724100383966237  
14.9  0.031213110758923655  0.4721183720562181  0.47080352301311246  0.025724089956068997  
14.92  0.03121310925982521  0.47212115505292995  0.47080071896257675  0.025724079522590003  
14.94  0.031213107731805297  0.4721239353745654  0.47079791762019807  0.025724069083670635  
14.96  0.031213106178749426  0.4721267130213376  0.4707951189816857  0.025724058639508086  
14.98  0.03121310460461714  0.47212948799343796  0.47079232304263197  0.025724048190359665  
15.0  0.031213103013388917  0.47213226029106536  0.4707895297985363  0.025724037736548962  
15.02  0.031213101409016637  0.4721350299144429  0.4707867392448319  0.02572402727847044  
15.040000000000001  0.031213099795375423  0.47213779686384566  0.4707839513769047  0.025724016816592095  
15.06  0.031213098176220696  0.4721405611396088  0.47078116619011434  0.02572400635146102  
15.08  0.031213096555146147  0.4721433227421541  0.4707783836798268  0.025723995883704977  
15.1  0.031213094935547626  0.4721460816719894  0.4707756038414211  0.025723985414033923  
15.120000000000001  0.031213093320590992  0.47214883792974816  0.47077282667031395  0.025723974943240583  
15.14  0.03121309171318382  0.47215159151618186  0.4707700521619806  0.025723964472198612  
15.16  0.031213090115951084  0.47215434243216975  0.4707672803119582  0.025723954001859634  
15.18  0.03121308853121712  0.4721570906787407  0.4707645111158766  0.02572394353325019  
15.200000000000001  0.031213086960990982  0.47215983625706937  0.4707617445694628  0.02572393306746335  
15.22  0.031213085406956775  0.4721625791684852  0.4707589806685497  0.02572392260565288  
15.24  0.031213083870469668  0.4721653194144727  0.47075621940909573  0.025723912149022445  
15.26  0.03121308235255499  0.4721680569966757  0.4707534607871942  0.025723901698812637  
15.280000000000001  0.03121308085391258  0.4721707919169037  0.4707507047990765  0.025723891256291168  
15.3  0.031213079374925692  0.4721735241771176  0.4707479514411172  0.02572388082273812  
15.32  0.0312130779156735  0.4721762537794316  0.4707452007098513  0.025723870399430103  
15.34  0.031213076475947184  0.4721789807261145  0.47074245260196307  0.02572385998762574  
15.36  0.031213075055269723  0.4721817050195714  0.4707397071143009  0.025723849588551055  
15.38  0.031213073652918682  0.47218442666234606  0.4707369642438706  0.025723839203383215  
15.4  0.03121307226795072  0.4721871456571097  0.47073422398783327  0.025723828833236293  
15.42  0.031213070899229048  0.4721898620066452  0.47073148634350376  0.02572381847914762  
15.44  0.031213069545452197  0.472192575713845  0.4707287513083538  0.025723808142064965  
15.46  0.031213068205183003  0.4721952867816986  0.4707260188799872  0.025723797822834814  
15.48  0.03121306687687933  0.47219799521326816  0.4707232890561468  0.02572378752219212  
15.5  0.03121306555892451  0.47220070101169914  0.4707205618346948  0.02572377724075394  
15.52  0.031213064249656586  0.4722034041801827  0.47071783721360616  0.025723766979012835  
15.540000000000001  0.03121306294739834  0.47220610472197416  0.4707151151909528  0.025723756737329496  
15.56  0.031213061650484496  0.47220880264035353  0.47071239576488627  0.025723746515935925  
15.58  0.031213060357288255  0.47221149793862605  0.4707096789336284  0.025723736314930863  
15.6  0.03121305906624542  0.47221419062011416  0.4707069646954528  0.025723726134284697  
15.620000000000001  0.031213057775877205  0.47221688068814793  0.47070425304866526  0.02572371597384008  
15.64  0.0312130564848096  0.47221956814605676  0.47070154399159986  0.02572370583332049  
15.66  0.031213055191790812  0.4722222529971478  0.47069883752257957  0.025723695712336167  
15.68  0.03121305389570581  0.4722249352447198  0.47069613363992324  0.025723685610393714  
15.700000000000001  0.03121305259558746  0.4722276148920487  0.4706934323419136  0.025723675526905573  
15.72  0.03121305129062625  0.4722302919423712  0.47069073362678376  0.025723665461202905  
15.74  0.031213049980174767  0.4722329663988951  0.4706880374927183  0.025723655412548722  
15.76  0.03121304866375234  0.47223563826479253  0.47068534393782024  0.025723645380149884  
15.780000000000001  0.03121304734104417  0.4722383075431932  0.47068265296010714  0.025723635363171668  
15.8  0.031213046011899278  0.4722409742371896  0.47067996455750294  0.02572362536075363  
15.82  0.031213044676325873  0.4722436383498261  0.4706772787278218  0.025723615372024822  
15.84  0.031213043334483586  0.4722462998841064  0.47067459546876833  0.025723605396116546  
15.860000000000001  0.031213041986675308  0.4722489588429965  0.4706719147779298  0.02572359543217768  
15.88  0.031213040633334695  0.4722516152294229  0.4706692366527701  0.025723585479388168  
15.9  0.03121303927501468  0.47225426904626705  0.47066656109061905  0.02572357553697406  
15.92  0.031213037912372628  0.472256920296383  0.4706638880886916  0.025723565604217378  
15.94  0.031213036546155284  0.4722595689825869  0.4706612176440734  0.025723555680467365  
15.96  0.031213035177182817  0.47226221510766864  0.47065854975372623  0.02572354576515178  
15.98  0.031213033806332488  0.47226485867439083  0.47065588441449635  0.025723535857784058  
16.0  0.031213032434521237  0.47226749968549664  0.4706532216231184  0.025723525957968906  
16.02  0.03121303106268923  0.47227013814371027  0.47065056137622646  0.02572351606541001  
16.04  0.03121302969178378  0.47227277405174123  0.47064790367035525  0.025723506179911093  
16.06  0.03121302832274272  0.4722754074122961  0.47064524850195605  0.025723496301379115  
16.080000000000002  0.031213026956479227  0.4722780382280725  0.470642595867413  0.025723486429822494  
16.1  0.031213025593867544  0.47228066650176737  0.47063994576304075  0.02572347656535111  
16.12  0.031213024235729817  0.4722832922360847  0.4706372981851099  0.02572346670817074  
16.14  0.03121302288282353  0.4722859154337275  0.4706346531298547  0.025723456858580306  
16.16  0.0312130215358322  0.47228853609742044  0.47063201059348525  0.025723447016964586  
16.18  0.03121302019535495  0.47229115422989787  0.4706293705722052  0.025723437183785988  
16.2  0.031213018861900303  0.47229376983390947  0.4706267330622226  0.025723427359574648  
16.22  0.0312130175358799  0.4722963829122325  0.47062409805976463  0.025723417544920864  
16.240000000000002  0.03121301621760506  0.4722989934676611  0.47062146556109036  0.025723407740463326  
16.26  0.031213014907283242  0.4723016015030142  0.4706188355624871  0.025723397946877433  
16.28  0.03121301360501901  0.47230420702113535  0.47061620806031323  0.025723388164863026  
16.3  0.03121301231081442  0.4723068100248928  0.47061358305098017  0.02572337839513348  
16.32  0.031213011024571368  0.47230941051718517  0.47061096053097057  0.025723368638403393  
16.34  0.031213009746096254  0.4723120085009376  0.4706083404968563  0.025723358895377427  
16.36  0.031213008475105296  0.4723146039790976  0.4706057229452833  0.02572334916673665  
16.38  0.031213007211231585  0.47231719695464053  0.4706031078729983  0.02572333945313097  
16.4  0.031213005954032896  0.47231978743056446  0.470600495276838  0.025723329755166967  
16.42  0.031213004703000192  0.47232237540988714  0.4705978851537388  0.02572332007339962  
16.44  0.03121300345756793  0.47232496089564624  0.47059527750073654  0.025723310408323388  
16.46  0.03121300221712357  0.4723275438908964  0.4705926723149548  0.02572330076036646  
16.48  0.031213000981019014  0.47233012439869787  0.47059006959362387  0.02572329112988467  
16.5  0.031212999748581865  0.472332702422128  0.4705874693340638  0.025723281517156946  
16.52  0.03121299851912568  0.4723352779642654  0.4705848715336803  0.025723271922383488  
16.54  0.031212997291961992  0.47233785102819204  0.47058227618996123  0.025723262345682365  
16.56  0.03121299606641059  0.47234042161698514  0.470579683300473  0.025723252787091578  
16.580000000000002  0.03121299484180999  0.47234298973371547  0.47057709286284605  0.025723243246569015  
16.6  0.031212993617527985  0.4723455553814432  0.470574504874774  0.025723233723995674  
16.62  0.03121299239297082  0.47234811856320813  0.4705719193340011  0.025723224219180038  
16.64  0.03121299116759135  0.4723506792820291  0.47056933623831326  0.025723214731861427  
16.66  0.031212989940896822  0.4723532375409034  0.4705667555855289  0.025723205261717095  
16.68  0.031212988712455307  0.47235579334279887  0.47056417737348927  0.02572319580837078  
16.7  0.031212987481901867  0.47235834669064825  0.47056160160004773  0.025723186371398088  
16.72  0.031212986248942726  0.47236089758735  0.47055902826306795  0.02572317695033555  
16.740000000000002  0.03121298501335848  0.4723634460357609  0.47055645736040513  0.025723167544691283  
16.76  0.031212983775006545  0.472365992038691  0.47055388888989635  0.025723158153951747  
16.78  0.03121298253382192  0.47236853559891173  0.4705513228493672  0.025723148777592766  
16.8  0.031212981289817004  0.4723710767191403  0.4705487592366121  0.025723139415088386  
16.82  0.031212980043080884  0.47237361540204986  0.47054619804938647  0.02572313006592004  
16.84  0.031212978793775856  0.4723761516502554  0.4705436392854122  0.02572312072958478  
16.86  0.031212977542134982  0.4723786854663268  0.47054108294236746  0.025723111405605154  
16.88  0.031212976288457598  0.4723812168527787  0.47053852901788307  0.025723102093534598  
16.9  0.03121297503310344  0.4723837458120715  0.4705359775095451  0.02572309279296676  
16.92  0.03121297377648732  0.47238627234662117  0.47053342841488516  0.0257230835035399  
16.94  0.031212972519071968  0.4723887964587911  0.470530881731389  0.025723074224941953  
16.96  0.03121297126136144  0.4723913181508902  0.47052833745649697  0.025723064956916536  
16.98  0.031212970003892327  0.47239383742519253  0.47052579558760244  0.025723055699263617  
17.0  0.031212968747226556  0.4723963542839251  0.4705232561220565  0.025723046451842937  
17.02  0.031212967491942446  0.47239886872927067  0.47052071905716963  0.025723037214574536  
17.04  0.031212966238627533  0.4724013807633824  0.47051818439023246  0.025723027987438068  
17.06  0.031212964987869338  0.47240389038837427  0.47051565211850327  0.025723018770471513  
17.080000000000002  0.03121296374024668  0.47240639760633596  0.4705131222392151  0.025723009563769852  
17.1  0.031212962496323157  0.47240890241932754  0.47051059474959733  0.025723000367480077  
17.12  0.031212961256638725  0.472411404829394  0.47050806964687214  0.025722991181797626  
17.14  0.031212960021702374  0.4724139048385655  0.47050554692826224  0.02572298200696201  
17.16  0.03121295879198581  0.47241640244885136  0.4705030265910065  0.025722972843251066  
17.18  0.031212957567917726  0.47241889766226003  0.4705005086323606  0.025722963690972826  
17.2  0.03121295634987804  0.4724213904807973  0.4704979930496077  0.02572295455046077  
17.22  0.0312129551381936  0.47242388090646653  0.47049547984006046  0.025722945422065605  
17.240000000000002  0.031212953933134013  0.4724263689412852  0.47049296900108084  0.02572293630614835  
17.26  0.031212952734909028  0.47242885458727246  0.47049046053007276  0.025722927203072718  
17.28  0.03121295154366653  0.4724313378464588  0.4704879544244969  0.025722918113198025  
17.3  0.031212950359490763  0.4724338187208973  0.47048545068187003  0.025722909036872126  
17.32  0.031212949182402118  0.4724362972126597  0.4704829492997773  0.02572289997442452  
17.34  0.03121294801235745  0.4724387733238298  0.4704804502758692  0.025722890926159727  
17.36  0.031212946849250744  0.47244124705652046  0.47047795360786165  0.025722881892351362  
17.38  0.0312129456929159  0.4724437184128713  0.4704754592935514  0.02572287287323781  
17.400000000000002  0.031212944543128795  0.4724461873950433  0.4704729673308  0.025722863869016316  
17.42  0.031212943399610477  0.4724486540052295  0.4704704777175474  0.02572285487984066  
17.44  0.031212942262031324  0.47245111824564245  0.47046799045179916  0.0257228459058166  
17.46  0.03121294113001549  0.47245358011852884  0.47046550553163213  0.025722836947002583  
17.48  0.031212940003146096  0.4724560396261559  0.47046302295518944  0.025722828003405848  
17.5  0.03121293888096933  0.4724584967708158  0.4704605427206721  0.02572281907498443  
17.52  0.031212937763001724  0.47246095155482676  0.4704580648263468  0.025722810161645935  
17.54  0.03121293664873483  0.4724634039805241  0.4704555892705179  0.02572280126325149  
17.56  0.03121293553764189  0.4724658540502677  0.47045311605154755  0.025722792379615868  
17.580000000000002  0.031212934429183464  0.47246830176642846  0.47045064516782703  0.02572278351051267  
17.6  0.03121293332281427  0.4724707471313951  0.4704481766177808  0.025722774655675705  
17.62  0.031212932217988324  0.47247319014756467  0.47044571039986244  0.02572276581480722  
17.64  0.03121293111416499  0.472475630817344  0.4704432465125329  0.025722756987579344  
17.66  0.031212930010815758  0.47247806914313967  0.47044078495425734  0.025722748173641254  
17.68  0.031212928907427658  0.47248050512737183  0.4704383257235071  0.025722739372624797  
17.7  0.03121292780351048  0.4724829387724467  0.4704358688187467  0.02572273058415004  
17.72  0.03121292669859934  0.4724853700807739  0.47043341423841756  0.02572272180783199  
17.740000000000002  0.031212925592260354  0.4724877990547537  0.47043096198094453  0.02572271304328493  
17.76  0.031212924484093116  0.4724902256967718  0.47042851204471686  0.02572270429012875  
17.78  0.031212923373734887  0.47249265000920765  0.47042606442809864  0.025722695547995177  
17.8  0.031212922260862475  0.47249507199442087  0.47042361912939845  0.02572268681653239  
17.82  0.031212921145194594  0.4724974916547522  0.47042117614689166  0.025722678095407635  
17.84  0.031212920026493382  0.4724999089925287  0.470418735478803  0.025722669384313612  
17.86  0.031212918904564724  0.472502324010055  0.4704162971232987  0.025722660682969703  
17.88  0.03121291777925984  0.4725047367096128  0.4704138610785047  0.02572265199112618  
17.900000000000002  0.031212916650473578  0.4725071470934617  0.47041142734248154  0.02572264330856388  
17.92  0.03121291551814467  0.47250955516384147  0.4704089959132392  0.025722634635097216  
17.94  0.031212914382253598  0.47251196092296804  0.47040656678873544  0.025722625970572014  
17.96  0.031212913242822604  0.4725143643730354  0.4704041399668829  0.02572261731486768  
17.98  0.03121291209991188  0.4725167655162131  0.47040171544553366  0.02572260866789495  
18.0  0.031212910953617716  0.47251916435466007  0.47039929322250734  0.02572260002959232  
18.02  0.03121290980406961  0.472521560890502  0.470396873295575  0.025722591399924707  
18.04  0.0312129086514277  0.4725239551258613  0.47039445566246985  0.02572258277888171  
18.06  0.03121290749587891  0.4725263470628393  0.4703920403208996  0.02572257416647172  
18.080000000000002  0.031212906337633402  0.47252873670352397  0.47038962726853895  0.02572256556271849  
18.1  0.031212905176921307  0.47253112404999265  0.4703872165030455  0.025722556967658326  
18.12  0.031212904013988796  0.47253350910431713  0.47038480802206095  0.025722548381335305  
18.14  0.031212902849095225  0.4725358918685661  0.47038240182321694  0.025722539803795883  
18.16  0.031212901682508207  0.472538272344797  0.47037999790414053  0.025722531235084646  
18.18  0.03121290051450076  0.4725406505350675  0.47037759626246123  0.02572252267524096  
18.2  0.031212899345348464  0.4725430264414423  0.47037519689581414  0.025722514124295614  
18.22  0.03121289817532461  0.47254540006598933  0.47037279980184016  0.025722505582265128  
18.240000000000002  0.031212897004698564  0.4725477714107792  0.4703704049782001  0.025722497049150007  
18.26  0.03121289583373228  0.47255014047789384  0.47036801242257265  0.02572248852493186  
18.28  0.03121289466267791  0.472552507269425  0.4703656221326558  0.025722480009571457  
18.3  0.03121289349177497  0.4725548717874734  0.47036323410616776  0.025722471503006647  
18.32  0.031212892321249394  0.4725572340341571  0.47036084834085384  0.02572246300515173  
18.34  0.03121289115131061  0.4725595940116036  0.47035846483448407  0.025722454515897775  
18.36  0.031212889982150334  0.4725619517219706  0.47035608358485503  0.02572244603511146  
18.38  0.031212888813941676  0.4725643071674091  0.47035370458978637  0.02572243756263769  
18.400000000000002  0.031212887646838664  0.4725666603501046  0.47035132784712086  0.02572242909830044  
18.42  0.031212886480974637  0.4725690112722525  0.47034895335472704  0.025722420641904737  
18.44  0.031212885316462734  0.4725713599360666  0.4703465811104921  0.02572241219323991  
18.46  0.03121288415339599  0.47257370634377655  0.4703442111123167  0.025722403752083355  
18.48  0.03121288299184729  0.4725760504976266  0.4703418433581147  0.02572239531820207  
18.5  0.031212881831869717  0.47257839239987465  0.47033947784580965  0.02572238689135832  
18.52  0.031212880673496913  0.4725807320527995  0.470337114573338  0.025722378471313354  
18.54  0.031212879516745458  0.47258306945868983  0.4703347535386317  0.025722370057832306  
18.56  0.03121287836161434  0.4725854046198438  0.47033239473961647  0.02572236165068667  
18.580000000000002  0.031212877208086746  0.47258773753856853  0.47033003817422214  0.025722353249659918  
18.6  0.031212876056131916  0.4725900682171824  0.47032768384035867  0.025722344854552444  
18.62  0.031212874905705932  0.4725923966580139  0.4703253317359286  0.025722336465184435  
18.64  0.031212873756753738  0.47259472286339477  0.4703229818588109  0.025722328081399175  
18.66  0.031212872609210417  0.47259704683566006  0.47032063420686393  0.025722319703067743  
18.68  0.03121287146300296  0.4725993685771494  0.4703182887779234  0.025722311330091792  
18.7  0.031212870318052026  0.47260168809020436  0.4703159455697956  0.02572230296240407  
18.72  0.031212869174273305  0.47260400537715946  0.47031360458025867  0.025722294599972884  
18.740000000000002  0.031212868031579553  0.4726063204403569  0.4703112658070592  0.02572228624280204  
18.76  0.031212866889882136  0.47260863328212865  0.47030892924791284  0.02572227789093081  
18.78  0.03121286574909256  0.4726109439048073  0.4703065949005006  0.02572226954443622  
18.8  0.031212864609123987  0.4726132523107156  0.47030426276247334  0.025722261203431213  
18.82  0.031212863469892594  0.4726155585021759  0.470301932831449  0.025722252868063223  
18.84  0.031212862331319268  0.4726178624814972  0.47029960510501306  0.025722244538512854  
18.86  0.031212861193330232  0.4726201642509826  0.47029727958072776  0.0257222362149924  
18.88  0.03121286005585872  0.47262246381293294  0.4702949562561259  0.02572222789774154  
18.900000000000002  0.0312128589188463  0.4726247611696282  0.47029263512870834  0.025722219587024767  
18.92  0.031212857782242753  0.47262705632335195  0.47029031619596756  0.025722211283129452  
18.94  0.031212856646008112  0.47262934927637074  0.4702879994553694  0.02572220298635895  
18.96  0.03121285551011221  0.4726316400309435  0.4702856849043688  0.02572219469702934  
18.98  0.031212854374536546  0.4726339285893234  0.4702833725404084  0.025722186415465795  
19.0  0.031212853239273555  0.4726362149537461  0.470281062360926  0.025722178141997995  
19.02  0.031212852104327657  0.47263849912645123  0.470278754363358  0.0257221698769537  
19.04  0.03121285096971517  0.47264078110965696  0.470276448545141  0.0257221616206556  
19.06  0.03121284983546404  0.4726430609055838  0.4702741449037204  0.025722153373417617  
19.080000000000002  0.031212848701614834  0.47264533851643875  0.4702718434365469  0.025722145135537996  
19.1  0.03121284756821936  0.4726476139444184  0.4702695441410882  0.025722136907297816  
19.12  0.031212846435341585  0.47264988719172346  0.47026724701482514  0.025722128688955334  
19.14  0.03121284530305639  0.4726521582605365  0.470264952055266  0.025722120480744008  
19.16  0.031212844171449237  0.4726544271530425  0.47026265925993765  0.025722112282869542  
19.18  0.03121284304061529  0.47265669387141523  0.47026036862639276  0.025722104095505356  
19.2  0.03121284191066026  0.4726589584178272  0.470258080152214  0.025722095918793327  
19.22  0.03121284078169739  0.4726612207944485  0.4702557938350169  0.025722087752839667  
19.240000000000002  0.03121283965384807  0.47266348100343664  0.4702535096724433  0.025722079597717308  
19.26  0.031212838527241243  0.47266573904695325  0.4702512276621679  0.025722071453462683  
19.28  0.031212837402011112  0.4726679949271521  0.47024894780190335  0.025722063320076757  
19.3  0.03121283627829696  0.4726702486461907  0.47024667008938864  0.02572205519752631  
19.32  0.031212835156241934  0.47267250020620927  0.47024439452239863  0.025722047085744344  
19.34  0.031212834035991486  0.47267474960935946  0.4702421210987449  0.025722038984632878  
19.36  0.031212832917693046  0.47267699685778214  0.47023984981626193  0.025722030894064097  
19.38  0.031212831801494093  0.47267924195361877  0.4702375806728173  0.025722022813882618  
19.400000000000002  0.031212830687541375  0.4726814848990015  0.4702353136663062  0.02572201474390955  
19.42  0.03121282957598015  0.47268372569606953  0.47023304879465017  0.025722006683944493  
19.44  0.031212828466951923  0.4726859643469545  0.4702307860557964  0.025721998633769724  
19.46  0.031212827360594393  0.47268820085377977  0.47022852544771054  0.025721990593153374  
19.48  0.031212826257039517  0.4726904352186718  0.4702262669683777  0.02572198256185316  
19.5  0.031212825156412865  0.4726926674437573  0.4702240106158003  0.02572197453961971  
19.52  0.031212824058833223  0.47269489753114685  0.4702217563879948  0.025721966526201553  
19.54  0.031212822964410174  0.4726971254829575  0.47021950428298886  0.025721958521346202  
19.56  0.03121282187324467  0.4726993513012991  0.47021725429881867  0.02572195052480559  
19.580000000000002  0.03121282078542745  0.47270157498827337  0.47021500643353137  0.025721942536338697  
19.6  0.031212819701038674  0.4727037965459879  0.47021276068517226  0.025721934555715004  
19.62  0.031212818620146885  0.4727060159765385  0.47021051705179495  0.025721926582716322  
19.64  0.031212817542809506  0.4727082332820173  0.470208275531456  0.025721918617139593  
19.66  0.03121281646907124  0.4727104484645114  0.47020603612220474  0.02572191065879828  
19.68  0.031212815398964512  0.4727126615261034  0.4702037988220954  0.02572190270752537  
19.7  0.031212814332509074  0.4727148724688733  0.470201563629178  0.025721894763172746  
19.72  0.03121281326971236  0.47271708129489287  0.47019933054150365  0.025721886825613532  
19.740000000000002  0.031212812210568222  0.4727192880062288  0.4701970995571107  0.025721878894740976  
19.76  0.03121281115505905  0.4727214926049448  0.47019487067404436  0.025721870970469376  
19.78  0.031212810103154926  0.47272369509309664  0.4701926438903441  0.025721863052732958  
19.8  0.031212809054813363  0.4727258954727371  0.47019041920404425  0.025721855141485294  
19.82  0.031212808009981663  0.4727280937459103  0.47018819661318323  0.02572184723669912  
19.84  0.03121280696859553  0.4727302899146565  0.47018597611579044  0.025721839338362747  
19.86  0.031212805930581185  0.472732483981015  0.4701837577099085  0.02572183144647855  
19.88  0.031212804895855508  0.47273467594701524  0.4701815413935729  0.025721823561062708  
19.900000000000002  0.031212803864326764  0.47273686581468016  0.47017932716482486  0.025721815682140187  
19.92  0.03121280283589565  0.4727390535860284  0.47017711502171217  0.025721807809745045  
19.94  0.031212801810456582  0.47274123926307304  0.47017490496228836  0.02572179994391558  
19.96  0.031212800787897777  0.47274342284781906  0.4701726969846173  0.025721792084692007  
19.98  0.03121279976810365  0.47274560434227736  0.47017049108677184  0.02572178423211461  
20.0  0.0312127987509541  0.4727477837484343  0.47016828726684146  0.025721776386220436  
