0  1.0  0.0  0.0  0.0  
0.02  0.9986690383624095  0.0005356072071838001  0.0007780608854725326  3.9640435249954524e-07  
0.04  0.9940889690573932  0.0026275625966239477  0.003258193326102146  8.381816074886141e-06  
0.06  0.9863801119242137  0.006293705440408994  0.007265615699146436  4.36725781374147e-05  
0.08  0.9759354527529119  0.011319706925584367  0.012594500251407162  0.00013344428615595186  
0.1  0.9630964384433012  0.017518192830794893  0.019062937676284215  0.0003055346710984004  
0.12  0.9481680783230854  0.024722439927441196  0.026508141289044197  0.0005844434165606022  
0.14  0.9314266201619102  0.032783303159064275  0.03478413629162683  0.0009890410514390234  
0.16  0.9131236473426926  0.04156750552323026  0.04376040053072303  0.001531543222642232  
0.18  0.8934886122461054  0.05095637407923717  0.05332075054654751  0.002217356682880992  
0.2  0.8727307778006207  0.06084463595428111  0.06336218328209654  0.003045494879879218  
0.22  0.8510409871018908  0.0711391536630208  0.07379361500575074  0.004009335865540467  
0.24  0.8285933809630377  0.08175759550113443  0.0845345485530233  0.005097566139601652  
0.26  0.8055470789624314  0.0926270854678317  0.0955137284450162  0.0062951982726305086  
0.28  0.7820477680517848  0.10368290645677514  0.10666784932912171  0.007584570471027287  
0.3  0.7582291358451083  0.11486730831218712  0.11794037824304084  0.008946276850108681  
0.32  0.7342141430692064  0.12612845028910616  0.12928051419428604  0.010359998923817759  
0.34  0.7101160824672438  0.1374194969583952  0.14064230456352156  0.011805225991449099  
0.36  0.6860394666516585  0.14869786832506512  0.1519839162384604  0.013261861482096357  
0.38  0.6620806987000976  0.15992464021861094  0.16326706041846595  0.014710714268783233  
0.4  0.6383285967951594  0.17106408213417276  0.1744565510507235  0.016133882845979126  
0.42  0.6148647737206642  0.18208331403748207  0.18551997982482826  0.017515044150070054  
0.44  0.5917639043491075  0.19295206213261537  0.1964274868743521  0.01883965735583968  
0.46  0.569093911841466  0.20364249412204707  0.20715161075658958  0.020095093497024548  
0.48  0.5469160941123016  0.2141291172055721  0.21766719699470713  0.02127070244648234  
0.5  0.5252852136987136  0.22438872151092057  0.22795134964690958  0.022357826896780182  
0.52  0.5042495757219526  0.23440035333805095  0.2379834118049099  0.02334977227975166  
0.54  0.48385110503120266  0.2441453066261036  0.2477449627459772  0.02424174147273579  
0.56  0.4641254330233095  0.25360712290331916  0.2572198216213967  0.02503074202561516  
0.58  0.44510201052421283  0.2627715917651428  0.2663940492211842  0.025715472326797453  
0.6  0.42680424876798245  0.27162674510423385  0.2752559428371537  0.026296191821272245  
0.62  0.4092496924218535  0.2801628406838431  0.2837960206359785  0.02677457977818945  
0.64  0.3924502262679718  0.2883723328047818  0.29200699260909374  0.027153586918339034  
0.66  0.3764123157779334  0.296249828367476  0.2998837161288973  0.02743728348877877  
0.68  0.3611372791595811  0.3037920277081504  0.3074231356235239  0.02763070657642356  
0.7000000000000001  0.3466215881620246  0.3109976501029762  0.31462420707081573  0.027739708885155877  
0.72  0.33285719542752706  0.31786734476450706  0.32148780824985873  0.02777081037849262  
0.74  0.3198318841605465  0.324403588392395  0.3280166357459667  0.02773105431069586  
0.76  0.3075296350233267  0.33061057118554726  0.3342150903313094  0.027627868877217132  
0.78  0.29593100555907376  0.33649407335669923  0.340089152712935  0.02746893536528014  
0.8  0.2850135177925125  0.34206133388035753  0.34564625156167417  0.02726206375082204  
0.8200000000000001  0.27475204978977696  0.34732091317083935  0.3508951254231106  0.027015076787091395  
0.84  0.2651192269754016  0.3522825512694017  0.3558456800043576  0.026735703442837256  
0.86  0.25608580897916866  0.3569570231509651  0.36050884254578364  0.026431482124845394  
0.88  0.24762106828547029  0.36135599310604016  0.3648964152090482  0.026109673797175995  
0.9  0.23969315803873903  0.3654918697313282  0.3690209292277846  0.0257771852393787  
0.92  0.23226946578570556  0.36937766238012776  0.3728955013998277  0.02544050284657601  
0.9400000000000001  0.225316949632366  0.3730268403651821  0.3765336945397517  0.025105637043778915  
0.96  0.2188024537034994  0.37645319669973276  0.3799493828799579  0.024778077134817774  
0.98  0.2126930026832846  0.3796707178147509  0.3831566228259525  0.02446275640997159  
1.0  0.20695607269540842  0.38269346009463695  0.3861695301354735  0.024164027244473744  
1.02  0.20155983827263663  0.3855354336722318  0.38900216422293  0.023885645756563354  
1.04  0.19647339553437743  0.38821049385149575  0.391668419984145  0.023630765569020176  
1.06  0.19166696067619285  0.39073224056217615  0.39418192766126375  0.023401940162220195  
1.08  0.18711204346228688  0.39311392626143427  0.3965559611835437  0.023201133208924845  
1.1  0.18278159573381023  0.39536837264509517  0.39880335531676125  0.02302973621043409  
1.12  0.17865013531742263  0.3975078964054061  0.4009364318608457  0.022888592711103918  
1.1400000000000001  0.1746938457815019  0.39954424410976624  0.4029669350286794  0.022778028347317705  
1.16  0.1708906526713314  0.4014885361829723  0.40490597602657685  0.022697885947108903  
1.18  0.1672202773701412  0.40335121996886947  0.4067639867840166  0.022647564837910198  
1.2  0.16366426958593064  0.40514203184010045  0.40855068273485057  0.022626063492324013  
1.22  0.16020601938041915  0.406869968268695  0.41027503453056974  0.02263202466782087  
1.24  0.15683075005259897  0.4085432656451884  0.4119452485019311  0.02266378226363317  
1.26  0.15352549327166704  0.4101693885022374  0.4135687555088713  0.022719409162853664  
1.28  0.1502790479192025  0.41175502574215206  0.4151522077731278  0.022796765333960366  
1.3  0.14708192416389304  0.4133060944636677  0.4167014833183822  0.02289354547529343  
1.32  0.14392627433080998  0.4148277509478226  0.41822169757591204  0.023007325545820873  
1.34  0.1408058121485435  0.416324408312368  0.41971722165379843  0.02313560759570543  
1.36  0.13771572194517484  0.4177997603066365  0.4211917067365302  0.02327586236778801  
1.3800000000000001  0.13465255937962362  0.4192568106876137  0.42264811404995073  0.023425569200527078  
1.4000000000000001  0.131614145317678  0.42069790758756614  0.42408874979168565  0.02358225283187568  
1.42  0.12859945444123397  0.42212478225755207  0.42551530439701085  0.02374351677948365  
1.44  0.12560850011788768  0.4235385915515495  0.4269288954931317  0.023907073049117072  
1.46  0.12264221698935829  0.4249399635044556  0.42833011388853237  0.024070767996886257  
1.48  0.11970234267912244  0.42632904535474614  0.42971907194546627  0.02423260424078693  
1.5  0.116791299942278  0.4277055533692522  0.4310954536925844  0.024390758583206492  
1.52  0.11391208049135955  0.42906882384192285  0.4324585660496571  0.02454359596826423  
1.54  0.11106813163878522  0.4304178646592055  0.4338073905553171  0.024689679554606006  
1.56  0.10826324679509029  0.43175140684897245  0.43514063501083233  0.024827777035843553  
1.58  0.10550146075290943  0.4330679555538172  0.4364567844826424  0.02495686338861328  
1.6  0.10278695057568045  0.4343658398978484  0.4377541511452188  0.025076120272651322  
1.62  0.10012394280192267  0.43564326125388075  0.4390309224853946  0.02518493234621168  
1.6400000000000001  0.09751662757171968  0.4368983394597334  0.4402852074260291  0.025282880790089807  
1.6600000000000001  0.09496908017264327  0.4381291565793646  0.4415150799685082  0.025369734352536116  
1.68  0.09248519038283994  0.4393337978577169  0.4427186200035001  0.02544543823642183  
1.7  0.09006859987186258  0.4405103895718044  0.4438939509933213  0.025510101155827136  
1.72  0.08772264782056573  0.4416571335314805  0.44503927428336404  0.025563980893694473  
1.74  0.08545032482306567  0.44277233803271215  0.44615289985351725  0.02560746869360522  
1.76  0.08325423502517725  0.44385444511439187  0.447233273370969  0.02564107281656753  
1.78  0.0811365663622592  0.4449020540172939  0.44827899945112815  0.025665401586961473  
1.8  0.07909906868831701  0.4459139407916018  0.4492888610752871  0.025681146238086882  
1.82  0.07714303951940116  0.44688907404942496  0.4502618351576043  0.025689063846512504  
1.84  0.07526931704310688  0.4478266269087979  0.45119710430167703  0.025689960618119834  
1.86  0.0734782799774659  0.4487259852229746  0.4520940648363665  0.025684675760228728  
1.8800000000000001  0.07176985380244107  0.4495867522311284  0.4529523312665754  0.02567406614525141  
1.9000000000000001  0.0701435228385578  0.45040874980369466  0.4537717373150136  0.025658991942447053  
1.92  0.06859834761020109  0.4511920164877361  0.4545523337642851  0.02564030336552414  
1.94  0.06713298690468318  0.4519368025853492  0.4552943833363663  0.02561882865503067  
1.96  0.06574572392084735  0.4526435625213577  0.45599835286908863  0.02559536338582767  
1.98  0.06443449589181538  0.45331294477527906  0.4566649030675352  0.025570661161803968  
2.0  0.06319692656520637  0.453945779667078  0.45729487612211234  0.025545425732787796  
2.02  0.062030360930128994  0.4545430652962673  0.4578892814948044  0.025520304542829695  
2.04  0.060931901592979246  0.4551059519397884  0.4584492801803995  0.02549588369502289  
2.06  0.05989844622378129  0.45563572521588774  0.4589761677509026  0.025472684296115645  
2.08  0.05892672552083949  0.456133788318857  0.4594713564892866  0.025451160124556647  
2.1  0.05801334116888462  0.4566016436234411  0.45993635691227147  0.025431696548493556  
2.12  0.05715480329674583  0.4570408739479902  0.46037275897092633  0.025414610605752463  
2.14  0.056347566982676595  0.457453123752383  0.46078221320419094  0.025400152145969798  
2.16  0.055588067399465556  0.4578400805309352  0.4611664121053383  0.025388505925624374  
2.18  0.054872753232916155  0.45820345664205214  0.46152707194302917  0.025379794539834005  
2.2  0.05419811805194834  0.45854497179575393  0.4618659152573813  0.025374082070446956  
2.22  0.05356072935602986  0.45886633639769075  0.46218465422853217  0.025371378328117415  
2.24  0.05295725507360441  0.45916923592417375  0.46248497509095904  0.02537164356650249  
2.2600000000000002  0.05238448733275119  0.459455316477976  0.46276852374188887  0.025374793549239296  
2.2800000000000002  0.05183936337208835  0.45972617164897833  0.46303689266643905  0.025380704854770637  
2.3000000000000003  0.051318983505441264  0.4599833307781039  0.4632916092764461  0.025389220310094576  
2.32  0.05082062609753859  0.4602282486974645  0.4635341257342864  0.025400154452015034  
2.34  0.05034175954955364  0.46046229699455493  0.46376581030794256  0.02541329892310737  
2.36  0.04988005133223923  0.460686756824074  0.4639879402792979  0.025428427719234967  
2.38  0.04943337414034588  0.46090281326780025  0.4642016964046292  0.02544530221570474  
2.4  0.04899980927463259  0.4611115512211596  0.46440815890464243  0.025463675909791636  
2.42  0.04857764738694592  0.4613139527649579  0.46460830494135313  0.025483298828170933  
2.44  0.04816538674951863  0.46151089596232303  0.4648030075210648  0.025503921558560502  
2.46  0.047761729231775386  0.4617031550045481  0.4649930357464772  0.025525298875423513  
2.48  0.04736557418629143  0.4618914016152298  0.4651790563267965  0.02554719293972096  
2.5  0.04697601045982069  0.462076207610563  0.4653616362428633  0.025569376062297547  
2.52  0.0465923067551495  0.4622580485046758  0.4655412464543633  0.02559163302942616  
2.54  0.04621390057495516  0.46243730804288835  0.46571826652850307  0.0256137629972674  
2.56  0.04584038598041818  0.4626142835420906  0.4658929900639048  0.0256355809695184  
2.58  0.04547150039622767  0.46278919191497747  0.4660656307800448  0.025656918879239012  
2.6  0.045107110690844276  0.46296217625290537  0.46623632914190716  0.025677626301522215  
2.62  0.04474719875580638  0.46313331284045783  0.46640515939241833  0.025697570827557772  
2.64  0.04439184679899978  0.4633026184754944  0.4665721368720849  0.02571663813186763  
2.66  0.0440412225555369  0.4634700579722963  0.4667372255130047  0.02573473176346147  
2.68  0.04369556461225869  0.46363555173125703  0.4669003453969639  0.02575177269180343  
2.7  0.04335516803892878  0.4637989832628353  0.46706138026317723  0.025767698643070186  
2.72  0.04302037050957527  0.46396020655718145  0.4672201848501815  0.025782463268224153  
2.74  0.04269153907395589  0.4641190531995362  0.4673765919682903  0.025796035185133306  
2.7600000000000002  0.04236905771011976  0.46427533914556585  0.4675304192190843  0.025808396931584092  
2.7800000000000002  0.0420533157639794  0.46442887108563413  0.4676814752966138  0.025819543859505113  
2.8000000000000003  0.04174469736186879  0.4645794523396609  0.4678295658172551  0.025829482996365245  
2.82  0.041443571864708574  0.4647268882349675  0.46797449863404794  0.02583823189731532  
2.84  0.041150285415716845  0.46487099092963713  0.46811608859951825  0.02584581750979409  
2.86  0.040865153616862035  0.46501158365391565  0.4682541617498888  0.025852275070028467  
2.88  0.04058845535244427  0.46514850435230615  0.468388558893178  0.025857647047831587  
2.9  0.040320427761599664  0.46528160871907887  0.46851913859382227  0.02586198215250858  
2.92  0.04006126234556496  0.46541077262986275  0.4686457795564096  0.025865334408792188  
2.94  0.0398111021805823  0.4655358939812426  0.46876838242060476  0.025867762307954487  
2.96  0.03957004019367059  0.465656893958821  0.468886870987935  0.02586932803571929  
2.98  0.03933811844630524  0.4657737177618481  0.4690011929088036  0.02587009677558911  
3.0  0.03911532836048541  0.46588633481902547  0.46911131986451554  0.025870136083690272  
3.02  0.038901611812768355  0.4659947385354928  0.4692172472846036  0.025869515329261468  
3.04  0.03869686301458553  0.46609894561543125  0.46931899364405727  0.025868305193451818  
3.06  0.03850093109149288  0.4661989950080083  0.4694165993884125  0.025866577218064648  
3.08  0.03831362326991271  0.46629494652688247  0.469510125536972  0.025864403395281912  
3.1  0.03813470857735761  0.46638687919479344  0.4695996520158733  0.025861855789169937  
3.12  0.03796392196100468  0.4664748893653154  0.46968527577309255  0.025859006179901077  
3.14  0.037800968729778874  0.46655908867355406  0.46976710872711847  0.02585592572212334  
3.16  0.03764552922668381  0.4666396018662759  0.46984527559977834  0.025852684609708118  
3.18  0.0374972636409535  0.4667165645601785  0.4699199116816357  0.02584935174017379  
3.2  0.03735581687352793  0.46679012097432176  0.4699911605758233  0.02584599437338565  
3.22  0.0372208233743144  0.4668604216796816  0.47005917196281755  0.025842677780578492  
3.24  0.037091911875487577  0.4669276214050617  0.4701240994250382  0.02583946488131782  
3.2600000000000002  0.03696870995160418  0.4669918769345894  0.4701860983659849  0.025836415867619228  
3.2800000000000002  0.03685084834441028  0.46705334512767005  0.4702453240542974  0.02583358781607449  
3.3000000000000003  0.03673796499776861  0.4671121810877939  0.47030192981856506  0.025831034290388626  
3.3200000000000003  0.03662970875600277  0.4671685365017605  0.4703560654139648  0.025828804938213757  
3.34  0.036525742687017124  0.46722255816639285  0.47040787557722513  0.025826945087490876  
3.36  0.03642574699967475  0.4672743867149651  0.47045749878172005  0.025825495348664147  
3.38  0.03632942153299386  0.46732415555113643  0.4705050662000596  0.02582449123005831  
3.4  0.0362364878026266  0.46737198999391594  0.4705507008772594  0.02582396277441167  
3.42  0.03614669059769823  0.46741800663298727  0.47059451711354233  0.02582393422498977  
3.44  0.036059799128279044  0.4674623128901172  0.4706366200521651  0.025824423729932815  
3.46  0.035975607730395404  0.46750500677891194  0.47067710546430763  0.025825443093467564  
3.48  0.03589393614160659  0.46754617685215116  0.4707160597201809  0.02582699758236498  
3.5  0.03581462936614485  0.46758590232331465  0.4707535599330367  0.02582908579541538  
3.52  0.03573755715447807  0.4676242533469404  0.47078967426051244  0.02583169960266426  
3.54  0.035662613126788645  0.46766129144069835  0.4708244623456669  0.025834824159902174  
3.56  0.035589713573182115  0.467697070030638  0.4708579758784302  0.02583843800283164  
3.58  0.035518795966604455  0.4677316350997846  0.4708902592574376  0.025842513224338035  
3.6  0.035449817227142494  0.4677650259196735  0.470921350331924  0.025847015737010107  
3.62  0.0353827517781005  0.46779727584435293  0.470951281203532  0.0258519056213884  
3.64  0.03531758943524858  0.46782841314668455  0.47098007906807043  0.025857137558610886  
3.66  0.035254333171070594  0.4678584618776009  0.4710077670779988  0.025862661344355435  
3.68  0.03519299679567994  0.4678874427298255  0.47103436520729086  0.025868422479227975  
3.7  0.03513360259526776  0.46791537388887783  0.47105989110152807  0.02587436282916476  
3.72  0.03507617896754219  0.4679422718555662  0.4710843608974973  0.025880421347891237  
3.74  0.0350207580917556  0.4679681522257162  0.47110778999811054  0.025886534852200205  
3.7600000000000002  0.034967373668626615  0.4679930304146503  0.47113019379029364  0.025892638839625764  
3.7800000000000002  0.03491605876279041  0.46801692231566383  0.471151588295251  0.025898668337109267  
3.8000000000000003  0.03486684377738323  0.46803984488370104  0.4711719907425475  0.025904558768442852  
3.8200000000000003  0.03481975458703074  0.46806181663746316  0.47119142006138753  0.02591024682766523  
3.84  0.03477481085195985  0.468082858075038  0.4712098972843899  0.02591567134519123  
3.86  0.03473202453223813  0.46810299200026595  0.471227445861224  0.02592077413328817  
3.88  0.034691398617316745  0.46812224375868927  0.4712440918811434  0.025925500797640368  
3.9  0.03465292608219101  0.46814064138388634  0.47125986420541466  0.025929801502066217  
3.92  0.03461658907761487  0.4681582156564895  0.4712747945120918  0.025933631674084003  
3.94  0.03458235835800271  0.46817500007973606  0.4712889172572106  0.02593695263984361  
3.96  0.03455019294694959  0.4681910307767067  0.4713022695576989  0.02593973217800709  
3.98  0.03452004003676183  0.46820634631555824  0.47131489100249296  0.025941944983391387  
4.0  0.03449183511505316  0.46822098747003105  0.4713268233993052  0.02594357303261095  
4.0200000000000005  0.034465502308346954  0.4682349969233361  0.47133811046523383  0.025944605845500023  
4.04  0.03444095492979756  0.4682484189240316  0.4713487974699687  0.025945040637764503  
4.0600000000000005  0.03441809621559481  0.4682612989030014  0.4713589308408185  0.025944882362069835  
4.08  0.034396820232394563  0.4682736830607868  0.4713685577388836  0.02594414363655507  
4.1  0.03437701293623057  0.4682856179346368  0.47137772561580465  0.025942844561583123  
4.12  0.03435855336182724  0.4682971499544741  0.47138648176036774  0.02594101242732449  
4.14  0.034341314920059075  0.46830832499671077  0.47139487284397563  0.02593868131651428  
4.16  0.03432516678048977  0.46831918794444594  0.4714029444735089  0.025935891608409326  
4.18  0.034309975315465605  0.4683297822619684  0.47141074075958156  0.025932689391537138  
4.2  0.03429560558213716  0.4683401495909061  0.47141830390746037  0.025929125794338495  
4.22  0.03428192281898625  0.4683503293744399  0.4714256738370887  0.025925256244112856  
4.24  0.034268793933983875  0.46836035851538393  0.4714328878378848  0.02592113966582545  
4.26  0.03425608896231914  0.46837027107284124  0.4714399802630417  0.025916837633250565  
4.28  0.03424368247275307  0.4683800980014023  0.4714469822671858  0.02591241348564122  
4.3  0.03423145490300995  0.46838986693588763  0.4714539215903681  0.025907931423555255  
4.32  0.0342192938062034  0.46839960202366077  0.4714608223903645  0.02590345559776065  
4.34  0.03420709499209317  0.4684093238057448  0.47146770512446856  0.025899049205113038  
4.36  0.034194763548912314  0.46841904914696014  0.47147458648098817  0.02589477360515667  
4.38  0.034182214733597505  0.46842879121458364  0.4714814793598572  0.025890687470735838  
4.4  0.0341693747204351  0.46843855950417146  0.47148839290102973  0.025886845985299372  
4.42  0.034156181200383225  0.46844835991054645  0.4714953325585461  0.025883300098734612  
4.44  0.03414258382560732  0.468458194841222  0.4715023002176182  0.02588009585254797  
4.46  0.03412854449604866  0.4684680633691258  0.4715092943514674  0.02587727378402071  
4.48  0.034114037487089535  0.46847796142089104  0.47151631021421925  0.025874868417634155  
4.5  0.034099049419578524  0.4684878819967201  0.47152334006582697  0.025872907850600747  
4.5200000000000005  0.03408357907557869  0.4684978154174654  0.4715303734246498  0.025871413437778924  
4.54  0.03406763706520596  0.4685077495944602  0.4715373973431753  0.02587039957964658  
4.5600000000000005  0.03405124535179257  0.46851767031743446  0.4715443967022453  0.025869873615325164  
4.58  0.034034436644327155  0.46852756155593056  0.4715513545191659  0.02586983582099412  
4.6000000000000005  0.03401725366767385  0.4685374057696448  0.47155825226504317  0.025870279512362666  
4.62  0.033999748322438614  0.46854718422317465  0.4715650701868905  0.02587119124827078  
4.64  0.03398198074752692  0.468556877300991  0.4715717876301968  0.025872551130947267  
4.66  0.033964018299397845  0.4685664648185636  0.4715783833578939  0.025874333196989074  
4.68  0.033945934462787035  0.46857592632590295  0.4715848358619265  0.025876505891834108  
4.7  0.03392780770820707  0.46858524140014074  0.4715911236639473  0.025879032619260563  
4.72  0.0339097203118658  0.4685943899240794  0.47159722560204725  0.025881872356459237  
4.74  0.03389175715376265  0.4686033523480332  0.4716031211007636  0.025884980324313016  
4.76  0.033874004509626715  0.4686121099327095  0.4716087904220213  0.025888308701857432  
4.78  0.033856548852073134  0.46862064497123446  0.47161421489504024  0.025891807373381204  
4.8  0.033839475675867016  0.46862894098882  0.4716193771236571  0.025895424696315852  
4.82  0.03382286836152563  0.4686369829190318  0.47162426116986994  0.025899108277955656  
4.84  0.03380680709065946  0.46864475725588783  0.471628852712852  0.0259028057491109  
4.86  0.0337913678254741  0.46865225218146894  0.47163313918293914  0.025906465523075548  
4.88  0.03377662136374291  0.46865945766898626  0.4716371098705325  0.025910037528723742  
4.9  0.0337626324793349  0.4686663655616043  0.47164075601012106  0.025913473907155878  
4.92  0.03374945915705701  0.4686729696275721  0.47164407083991466  0.025916729662094972  
4.94  0.033737151929165675  0.4686792655924536  0.47164704963781623  0.02591976325511808  
4.96  0.03372575331944937  0.46868525114949844  0.4716496897347215  0.025922537137857648  
4.98  0.03371529739928674  0.46869092594930434  0.4716519905063042  0.025925018214409713  
5.0  0.03370580945856989  0.4686962915701523  0.471653953344558  0.025927178228430305  
5.0200000000000005  0.03369730579287544  0.46870135147044095  0.47165558161056587  0.025928994070645455  
5.04  0.03368979360677759  0.46870611092475045  0.47165688057000715  0.02593044800382905  
5.0600000000000005  0.03368327103175072  0.46871057694513335  0.4716578573129746  0.025931527803634065  
5.08  0.03367772725571365  0.4687147581892547  0.471658520659742  0.025932226814986293  
5.1000000000000005  0.03367314275995591  0.4687186648569543  0.47165888105412834  0.025932543925046632  
5.12  0.03366948965795405  0.4687223085768845  0.4716589504460517  0.025932483455023202  
5.14  0.03366673212945754  0.46872570228472343  0.47165874216494047  0.02593205497428264  
5.16  0.03366482694220633  0.46872886009450276  0.4716582707854775  0.025931273041344193  
5.18  0.033663724052751476  0.4687317971644894  0.471657551987249  0.0259301568773435  
5.2  0.033663367277084355  0.46873452955896805  0.47165660240971896  0.025928729978454503  
5.22  0.033663695021151685  0.4687370741072201  0.47165543950389366  0.025927019674544336  
5.24  0.03366464106084805  0.46873944826090164  0.4716540813819324  0.025925056641984336  
5.26  0.03366613536073357  0.4687416699509285  0.4716525466659894  0.02592287437904104  
5.28  0.03366810492051971  0.4687437574449237  0.47165085433734605  0.025920508652647174  
5.3  0.03367047463831154  0.46874572920611707  0.47164902358691096  0.025917996925572513  
5.32  0.033673168179670705  0.4687476037546658  0.47164707366807523  0.02591537777307087  
5.34  0.03367610884177673  0.46874939953209893  0.4716450237527897  0.025912690298035574  
5.36  0.03367922040230614  0.4687511347696818  0.4716428927917502  0.025909973553473593  
5.38  0.03368242794310868  0.4687528273613533  0.47164069937940944  0.025907265980768705  
5.4  0.033685658639329506  0.4687544947418631  0.47163846162456136  0.025904604871748105  
5.42  0.033688842505301034  0.4687561537706853  0.47163619702716747  0.025902025861991612  
5.44  0.03369191308928588  0.4687578206222425  0.4716339223620081  0.025899562462148768  
5.46  0.03369480810999345  0.46875951068294974  0.4716316535697712  0.025897245633261894  
5.48  0.033697470028695095  0.46876123845552353  0.47162940565609845  0.025895103411274007  
5.5  0.03369984655171516  0.4687630174710357  0.4716271925990578  0.025893160584991366  
5.5200000000000005  0.03370189105907495  0.46876486020909675  0.4716250272655552  0.025891438430855153  
5.54  0.033703562956075114  0.46876677802658906  0.47162292133709505  0.025889954506904966  
5.5600000000000005  0.03370482794563902  0.4687687810952846  0.47162088524525453  0.025888722507351414  
5.58  0.03370565822026302  0.46877087834872416  0.47161892811727285  0.025887752178222312  
5.6000000000000005  0.03370603257343116  0.46877307743864866  0.47161705773203083  0.025887049293575538  
5.62  0.03370593643134078  0.46877538470127195  0.47161528048673734  0.025886615690898764  
5.64  0.033705361806727285  0.4687778051336207  0.4716136013745178  0.025886449363424623  
5.66  0.03370430717747724  0.46878034238015814  0.4716120239730841  0.02588654460630479  
5.68  0.03370277729355716  0.4687829987298364  0.47161055044460964  0.025886892212843435  
5.7  0.033700782916556836  0.4687857751236564  0.47160918154687487  0.025887479716353516  
5.72  0.03369834049683846  0.46878867117278233  0.47160791665564056  0.025888291672615173  
5.74  0.03369547179390263  0.46879168518717607  0.4716067537981501  0.025889309977469646  
5.76  0.03369220344610792  0.468794814214631  0.47160568969762107  0.02589051421367666  
5.78  0.033688566496323354  0.4687980540900366  0.4716047198284272  0.025891882020926838  
5.8  0.0336845958804326  0.4688013994945869  0.4716038384816166  0.025893389482709594  
5.82  0.03368032988587288  0.46880484402457373  0.47160303884029975  0.02589501152368947  
5.84  0.03367580958753764  0.46880838026929883  0.47160231306436945  0.02589672231128651  
5.86  0.03367107826844469  0.46881199989752326  0.47160165238384116  0.02589849565529461  
5.88  0.033666180832536925  0.4688156937517946  0.47160104720008833  0.025900305399613913  
5.9  0.03366116321686161  0.4688194519498628  0.4716004871941033  0.02590212580048256  
5.92  0.033656071810169476  0.4688232639923174  0.47159996144081795  0.025903931885993405  
5.94  0.03365095288468095  0.4688271188754911  0.47159945852848045  0.025905699792130452  
5.96  0.033645852047405514  0.4688310052085843  0.47159896668195733  0.025907407071074837  
5.98  0.033640813716966214  0.4688349113339364  0.47159847388880016  0.025909032968093406  
6.0  0.0336358806313857  0.46883882544927186  0.4715979680268979  0.025910558663916526  
6.0200000000000005  0.0336310933917466  0.4688427357307229  0.4715974369924116  0.02591196748014587  
6.04  0.033626490046050256  0.46884663045542124  0.47159686882672497  0.02591324504587616  
6.0600000000000005  0.03362210571697059  0.4688504981223978  0.471596251841155  0.02591437942436742  
6.08  0.03361797227655259  0.46885432757055173  0.4715955747380904  0.02591536119925207  
6.1000000000000005  0.03361411807023194  0.46885810809243406  0.47159482672730735  0.025916183520396173  
6.12  0.033610567691882184  0.4688618295426768  0.471593997636276  0.025916842110141492  
6.140000000000001  0.03360734181091186  0.46886548243986353  0.47159307801322853  0.025917335231230833  
6.16  0.03360445705177257  0.46886905806078305  0.47159205922193986  0.025917663618272434  
6.18  0.03360192592558484  0.46887254852599725  0.471590933527173  0.025917830375059323  
6.2  0.03359975681296832  0.46887594687580497  0.4715896941698841  0.025917840840539223  
6.22  0.03359795399656417  0.4688792471357889  0.47158833543137263  0.025917702426566398  
6.24  0.033596517741187146  0.46888244437118565  0.47158685268568795  0.0259174244309215  
6.26  0.03359544441903207  0.4688855347295113  0.4715852424397662  0.025917017829314215  
6.28  0.033594726676895004  0.46888851547097626  0.4715835023608201  0.025916495050285468  
6.3  0.03359435364196259  0.4688913849863869  0.47158163129079317  0.02591586973702594  
6.32  0.03359431116237077  0.468894142802354  0.4715796292477207  0.02591515650020422  
6.34  0.03359458207843608  0.46889678957378356  0.4715774974140299  0.02591437066586484  
6.36  0.03359514652023018  0.46889932706382137  0.4715752381120201  0.025913528022388686  
6.38  0.033595982226998035  0.46890175811152685  0.47157285476683325  0.025912644570383125  
6.4  0.03359706488380478  0.46890408658770083  0.4715703518574381  0.025911736279157715  
6.42  0.03359836847074881  0.46890631733948596  0.4715677348562721  0.025910818853223997  
6.44  0.033599865620086426  0.46890845612443327  0.4715650101583257  0.025909907511967697  
6.46  0.033601527976680215  0.46891050953491314  0.47156218500056585  0.02590901678531299  
6.48  0.033603326557301895  0.4689124849138239  0.471559267372757  0.02590816032785807  
6.5  0.03360523210449409  0.4689143902626727  0.47155626592077654  0.025907350753570233  
6.5200000000000005  0.03360721543091422  0.4689162341432004  0.4715531898436428  0.02590659949274587  
6.54  0.033609247750344774  0.46891802557378925  0.4715500487855553  0.025905916672520193  
6.5600000000000005  0.033611300991854755  0.4689197739219288  0.4715468527242915  0.02590531102181539  
6.58  0.033613348093932585  0.46892148879412326  0.4715436118573096  0.025904789801189276  
6.6000000000000005  0.03361536327576565  0.4689231799245251  0.47154033648694854  0.025904358757665173  
6.62  0.03361732228323488  0.4689248570637367  0.47153703690615056  0.025904022104222865  
6.640000000000001  0.03361920260758526  0.4689265298690676  0.471533723286038  0.025903782523274188  
6.66  0.03362098367514849  0.46892820779759575  0.47153040556667986  0.025903641193103625  
6.68  0.03362264700690995  0.46892990000327034  0.47152709335233783  0.02590359783594206  
6.7  0.033624176347132675  0.4689316152392891  0.4715237958123753  0.025903650786069245  
6.72  0.03362555776066159  0.46893336176681927  0.47152052158895325  0.02590379707608499  
6.74  0.03362677969893167  0.4689351472711296  0.471517278712507  0.02590403253929953  
6.76  0.03362783303509839  0.46893697878600327  0.471514074525931  0.025904351926016086  
6.78  0.03362871106907233  0.46893886262727685  0.4715109156182032  0.025904749031346815  
6.8  0.033629409503583965  0.46894080433612484  0.47150780776813134  0.025905216832127823  
6.82  0.03362992639273357  0.46894280863267257  0.47150475589870033  0.025905747630431467  
6.84  0.03363026206475877  0.46894487938030893  0.471501764042394  0.02590633320117432  
6.86  0.0336304190210147  0.4689470195610185  0.4714988353176949  0.02590696494132656  
6.88  0.03363040181337954  0.46894923126179794  0.47149597191689263  0.025907634018298223  
6.9  0.03363021690247517  0.46895151567222765  0.4714931751050839  0.02590833151517228  
6.92  0.03362987249923134  0.4689538730929945  0.47149044523025835  0.02590904857056381  
6.94  0.0336293783924122  0.46895630295511714  0.47148778174410744  0.025909776511083317  
6.96  0.033628745764773316  0.46895880384944666  0.47148518323318833  0.025910506974553008  
6.98  0.033627987000529186  0.46896137356588086  0.4714826474599162  0.025911232022373942  
7.0  0.03362711548677331  0.4689640091415731  0.47148017141277576  0.02591194423973143  
7.0200000000000005  0.03362614541144633  0.4689667069173016  0.4714777513649515  0.025912636822622775  
7.04  0.033625091560374014  0.46896946260099853  0.47147538294064495  0.025913303651036206  
7.0600000000000005  0.033623969115811544  0.46897227133732333  0.4714730611879699  0.02591393934793626  
7.08  0.033622793458847756  0.4689751277821174  0.47147078065738585  0.025914539323995473  
7.1000000000000005  0.033621579977914116  0.4689780261805095  0.4714685354844271  0.02591509980826769  
7.12  0.03362034388550871  0.468980960447493  0.47146631947543743  0.025915617865165105  
7.140000000000001  0.03361910004507456  0.4689839242498188  0.47146412619502026  0.025916091398262793  
7.16  0.03361786280976616  0.46898691108814144  0.4714619490538822  0.02591651914155144  
7.18  0.033616645874596944  0.4689899143784234  0.47145978139585776  0.0259169006388793  
7.2  0.03361546214322148  0.4689929275316108  0.47145761658294866  0.025917236212438778  
7.22  0.03361432361034737  0.4689959440307433  0.47145544807733825  0.0259175269212502  
7.24  0.0336132412605156  0.468998957504654  0.4714532695193839  0.02591777451070377  
7.26  0.03361222498375565  0.4690019617974457  0.47145107480073595  0.025917981354293296  
7.28  0.03361128350837472  0.4690049510331162  0.47144885813181536  0.02591815038874357  
7.3  0.03361042435092466  0.46900791967464395  0.4714466141030019  0.025918285043779844  
7.32  0.033609653783168006  0.4690108625770076  0.4714443377389549  0.025918389167796107  
7.34  0.03360897681566949  0.46901377503373415  0.4714420245456696  0.025918466950693393  
7.36  0.03360839719744181  0.4690166528165864  0.4714396705499097  0.025918522845109673  
7.38  0.03360791743090226  0.46901949220815986  0.4714372723307979  0.025918561487248016  
7.4  0.03360753880124056  0.46902229002730067  0.47143482704351825  0.025918587618418653  
7.42  0.03360726141915141  0.4690250436472741  0.47143233243507154  0.025918606008362117  
7.44  0.03360708427577719  0.4690277510067546  0.4714297868522498  0.025918621381327087  
7.46  0.033607005308599655  0.4690304106138201  0.4714271892420184  0.025918638345796434  
7.48  0.03360702147695022  0.46903302154315285  0.47142453914458826  0.025918661328682122  
7.5  0.03360712884575832  0.4690355834267404  0.4714218366795433  0.02591869451470922  
7.5200000000000005  0.03360732267612148  0.46903809643841976  0.4714190825254789  0.0259187417916659  
7.54  0.033607597521276705  0.4690405612725891  0.47141627789357393  0.025918806702081285  
7.5600000000000005  0.03360794732655743  0.4690429791175631  0.4714134244956852  0.025918892401848276  
7.58  0.03360836553194073  0.46904535162386213  0.47141052450743987  0.025919001626206972  
7.6000000000000005  0.03360884517583156  0.4690476808679966  0.47140758052699794  0.025919136663428204  
7.62  0.033609378998776515  0.469049969312098  0.4714045955300542  0.02591929933642107  
7.640000000000001  0.03360995954585526  0.46905221975998157  0.47140157282171935  0.02591949099238742  
7.66  0.03361057926656993  0.46905443531010704  0.47139851598596405  0.02591971250051108  
7.68  0.03361123061111713  0.4690566193060203  0.47139542883331687  0.02591996425752121  
7.7  0.033611906122022875  0.4690587752849371  0.4713923153475053  0.02592024620084767  
7.72  0.0336125985201975  0.4690609069250681  0.4713891796317465  0.025920557828913053  
7.74  0.0336133007845776  0.46906301799245687  0.47138602585544737  0.025920898227994437  
7.76  0.033614006224622066  0.4690651122879622  0.47138285820196396  0.025921266104945936  
7.78  0.03361470854505159  0.46906719359520554  0.47137968081815473  0.025921659824985833  
7.8  0.033615401902340754  0.4690692656301511  0.4713764977663462  0.025922077453665985  
7.82  0.03361608095259906  0.4690713319930315  0.4713733129793232  0.025922516802075933  
7.84  0.03361674089061306  0.4690733961232687  0.471370130218872  0.025922975474335155  
7.86  0.03361737747994748  0.46907546125799765  0.4713669530383749  0.025923450916393836  
7.88  0.033617987074138794  0.46907753039471894  0.4713637847498044  0.02592394046519804  
7.9  0.03361856662913368  0.4690796062585162  0.4713606283954516  0.02592444139731851  
7.92  0.033619113707245185  0.469081691274205  0.47135748672457417  0.025924950976194853  
7.94  0.0336196264730065  0.4690837875436729  0.47135436217512494  0.02592546649721447  
7.96  0.03362010368140123  0.4690858968286148  0.471351256860583  0.02592598532994996  
7.98  0.03362054465902786  0.46908802053868975  0.47134817256183154  0.02592650495693912  
8.0  0.033620949278834876  0.46909015972513424  0.47134511072399243  0.025927023008520973  
8.02  0.033621317929115685  0.4690923150797242  0.47134207245799586  0.025927537293326912  
8.040000000000001  0.033621651477497676  0.46909448693887906  0.4713390585466384  0.025928045824115845  
8.06  0.03362195123069375  0.4690966752926858  0.4713360694548066  0.025928546838774248  
8.08  0.033622218890804294  0.4690988797984948  0.4713331053435391  0.025929038816366375  
8.1  0.03362245650896257  0.46910109979873643  0.47133016608747674  0.025929520488232376  
8.120000000000001  0.03362266643708675  0.46910333434250234  0.47132725129532854  0.025929990844204227  
8.14  0.03362285127846499  0.4691055822104896  0.4713243603328825  0.025930449134094535  
8.16  0.03362301383789853  0.46910784194276284  0.47132149234809606  0.025930894864678332  
8.18  0.03362315707212004  0.4691101118688088  0.47131864629785536  0.025931327792481113  
8.2  0.03362328404115192  0.4691123901393519  0.47131582097582836  0.025931747912718676  
8.22  0.033623397861209554  0.4691146747593836  0.47131301504105305  0.025932155444814982  
8.24  0.033623501659686354  0.46911696362182576  0.4713102270467178  0.025932550814929983  
8.26  0.033623598532706744  0.4691192545413574  0.4713074554688156  0.025932934635974306  
8.28  0.03362369150565662  0.469121545287861  0.4713046987341642  0.02593330768558936  
8.3  0.03362378349704567  0.4691238336190156  0.47130195524751367  0.025933670882585476  
8.32  0.033623877285986425  0.46912611731161835  0.47129922341737274  0.025934025262332083  
8.34  0.03362397548350587  0.46912839419119495  0.4712965016802603  0.025934371951578238  
8.36  0.033624080507843566  0.46913066215955085  0.47129378852312265  0.02593471214317197  
8.38  0.033624194563827536  0.4691329192199648  0.4712910825037334  0.025935047071114242  
8.4  0.033624319626355766  0.4691351634997326  0.471288382268852  0.025935377986368913  
8.42  0.03362445742795425  0.46913739326984627  0.4712856865700404  0.025935706133789666  
8.44  0.03362460945033166  0.4691396069616782  0.47128299427704895  0.025936032730517034  
8.46  0.03362477691979811  0.46914180318053844  0.4712803043886868  0.025936358946115637  
8.48  0.03362496080637317  0.4691439807160428  0.47127761604120794  0.025936685884714157  
8.5  0.03362516182636884  0.4691461385493119  0.4712749285142077  0.025937014569331635  
8.52  0.03362538044819758  0.4691482758570226  0.4712722412340859  0.02593734592853809  
8.540000000000001  0.033625616901129626  0.4691503920124137  0.47126955377519575  0.025937680785551614  
8.56  0.033625871186697534  0.46915248658338066  0.4712668658587635  0.02593801984981058  
8.58  0.03362614309243105  0.469154559327822  0.4712641773497565  0.0259383637110322  
8.6  0.03362643220759159  0.46915661018643956  0.4712614882518287  0.025938712835708748  
8.620000000000001  0.0336267379405712  0.4691586392732408  0.4712587987005875  0.02593906756596364  
8.64  0.0336270595376139  0.46916064686399783  0.47125610895529774  0.02593942812064317  
8.66  0.033627396102526214  0.46916263338292186  0.47125341938932624  0.02593979459849353  
8.68  0.03362774661704561  0.4691645993878808  0.471250730479474  0.025940166983244025  
8.700000000000001  0.033628109961550745  0.46916654555441994  0.4712480427944532  0.025940545150389075  
8.72  0.03362848493580856  0.4691684726589182  0.4712453569827218  0.02594092887544644  
8.74  0.033628870279474886  0.4691703815611733  0.4712426737599084  0.02594131784345729  
8.76  0.033629264692082134  0.4691722731867309  0.47123999389599114  0.02594171165948147  
8.78  0.03362966685227537  0.4691741485091836  0.47123731820251236  0.025942109859842116  
8.8  0.03363007543608003  0.46917600853280006  0.47123464751994343  0.025942511923868247  
8.82  0.033630489134010726  0.4691778542756728  0.4712319827054222  0.025942917285897177  
8.84  0.03363090666686298  0.46917968675363886  0.4712293246210184  0.02594332534730928  
8.86  0.03363132680005141  0.46918150696517336  0.4712266741226387  0.025943735488366874  
8.88  0.03363174835639132  0.4691833158774527  0.47122403204974095  0.02594414707966507  
8.9  0.03363217022724577  0.46918511441374183  0.4712213992159333  0.025944559493011228  
8.92  0.03363259138198916  0.46918690344220704  0.4712187764005458  0.025944972111567377  
8.94  0.033633010875764535  0.46918868376626416  0.47121616434123625  0.025945384339125976  
8.96  0.033633427855534956  0.46919045611655824  0.4712135637276988  0.025945795608397805  
8.98  0.03363384156445638  0.4691922211445544  0.4712109751964545  0.025946205388231187  
9.0  0.033634251344618116  0.46919397941780666  0.4712083993267837  0.02594661318970097  
9.02  0.033634656638218026  0.469195731416837  0.4712058366377213  0.02594701857102017  
9.040000000000001  0.033635056987257765  0.469197477533637  0.4712032875861747  0.025947421141273706  
9.06  0.03363545203185768  0.4691992180716759  0.4712007525660141  0.025947820562972696  
9.08  0.03363584150730627  0.4692009532473438  0.471198231908176  0.02594821655346838  
9.1  0.03363622523996514  0.4692026831927503  0.4711957258816307  0.025948608885272284  
9.120000000000001  0.03363660314216635  0.4692044079597393  0.47119323469521524  0.025948997385352654  
9.14  0.03363697520623714  0.46920612752494  0.4711907585001444  0.025949381933490608  
9.16  0.033637341497796305  0.46920784179580743  0.4711882973932006  0.025949762459791043  
9.18  0.033637702148464566  0.4692095506174223  0.47118585142045677  0.025950138941456296  
9.200000000000001  0.0336380573481336  0.4692112537798985  0.4711834205814245  0.025950511398933125  
9.22  0.03363840733693345  0.4692129510263006  0.47118100483355474  0.025950879891554233  
9.24  0.033638752397034594  0.4692146420608311  0.47117860409697787  0.025951244512795554  
9.26  0.03363909284441488  0.46921632655720136  0.4711762182593827  0.02595160538526267  
9.28  0.033639429020713894  0.4692180041670032  0.47117384718095606  0.02595196265553155  
9.3  0.033639761285288144  0.4692196745279571  0.47117149069927544  0.025952316488953985  
9.32  0.03364009000757039  0.4692213372718801  0.4711691486340912  0.025952667064525852  
9.34  0.0336404155598279  0.4692229920323118  0.47116682079193917  0.02595301456993053  
9.36  0.033640738310395345  0.469224638451618  0.47116450697047774  0.02595335919682647  
9.38  0.03364105861745503  0.46922627618755286  0.4711622069625444  0.025953701136469262  
9.4  0.03364137682341518  0.4692279049191671  0.4711599205598587  0.025954040575719796  
9.42  0.03364169324992727  0.4692295243519919  0.4711576475563518  0.02595437769349757  
9.44  0.033642008193565595  0.4692311342225125  0.4711553877511237  0.025954712657706384  
9.46  0.03364232192217577  0.4692327343018247  0.47115314095097066  0.025955045622655375  
9.48  0.03364263467188563  0.46923432439857166  0.47115090697255846  0.02595537672697714  
9.5  0.033642946644765095  0.4692359043610808  0.4711486856442  0.02595570609202926  
9.52  0.03364325800713692  0.46923747407880384  0.47114647680725014  0.02595603382076067  
9.540000000000001  0.03364356888857816  0.46923903348301854  0.4711442803170876  0.025956359997030345  
9.56  0.03364387938169601  0.4692405825467816  0.47114209604355584  0.025956684685412974  
9.58  0.03364418954273326  0.46924212128406606  0.4711399238708617  0.02595700793155996  
9.6  0.0336444993929744  0.469243649747983  0.47113776369697197  0.025957329763169827  
9.620000000000001  0.03364480892082617  0.46924516802822364  0.4711356154325835  0.02595765019150931  
9.64  0.03364511808440974  0.46924667624788896  0.47113347899981983  0.025957969213302533  
9.66  0.03364542681450477  0.46924817455993245  0.4711313543307529  0.025958286812802368  
9.68  0.03364573501772053  0.4692496631434317  0.47112924136586243  0.025958602963899964  
9.700000000000001  0.03364604257981552  0.4692511421997535  0.47112714005246875  0.025958917632213842  
9.72  0.03364634936911375  0.46925261194866574  0.4711250503431689  0.025959230777111028  
9.74  0.03364665523998515  0.4692540726244495  0.47112297219430405  0.025959542353644078  
9.76  0.033646960036347505  0.46925552447205887  0.47112090556447334  0.02595985231438284  
9.78  0.03364726359515611  0.46925696774335224  0.47111885041312274  0.025960160611103757  
9.8  0.03364756574983071  0.4692584026934728  0.471116806699208  0.0259604671963162  
9.82  0.033647866333577324  0.4692598295774055  0.47111477437998694  0.025960772024600794  
9.84  0.033648165182560565  0.46926124864677193  0.47111275340990977  0.025961075053731315  
9.86  0.03364846213888309  0.4692626601468967  0.4711107437396978  0.025961376245573795  
9.88  0.03364875705333558  0.4692640643141766  0.4711087453155467  0.025961675566737622  
9.9  0.03364904978788278  0.46926546137381475  0.47110675807852226  0.02596197298898753  
9.92  0.03364934021785826  0.46926685153787734  0.47110478196411487  0.025962268489415012  
9.94  0.03364962823384605  0.46926823500375725  0.4711028169019825  0.02596256205036761  
9.96  0.03364991374323008  0.4692696119529955  0.47110086281586  0.025962853659164238  
9.98  0.0336501966714024  0.46927098255048777  0.471098919623622  0.02596314330760673  
10.0  0.033650476962623695  0.4692723469440621  0.4710969872375256  0.025963430991313013  
10.02  0.03365075458053437  0.46927370526440637  0.47109506556458447  0.02596371670890094  
10.040000000000001  0.0336510295083214  0.4692750576253451  0.471093154507061  0.02596400046105101  
10.06  0.033651301748552756  0.4692764041244089  0.47109125396308743  0.025964282249486017  
10.08  0.03365157132268809  0.4692777448436985  0.471089363827368  0.0259645620758925  
10.1  0.03365183827028988  0.4692790798509937  0.4710874839919453  0.02596483994082994  
10.120000000000001  0.03365210264795227  0.4692804092010811  0.4710856143470276  0.025965115842652837  
10.14  0.03365236452797585  0.4692817329372517  0.4710837547818496  0.025965389776484105  
10.16  0.03365262399681398  0.46928305109293933  0.47108190518552406  0.025965661733270765  
10.18  0.03365288115332186  0.4692843636934585  0.47108006544789005  0.02596593169894601  
10.200000000000001  0.03365313610684196  0.4692856707578113  0.4710782354603409  0.025966199653730336  
10.22  0.03365338897515696  0.469286972300497  0.4710764151165803  0.02596646557158659  
10.24  0.033653639882345626  0.4692882683333216  0.47107460431333836  0.025966729419849587  
10.26  0.03365388895657659  0.469289558867172  0.47107280295099635  0.025966991159044776  
10.28  0.03365413632787329  0.46929084391369136  0.47107101093412385  0.025967250742896915  
10.3  0.03365438212588543  0.4692921234868547  0.4710692281719253  0.025967508118541663  
10.32  0.03365462647769774  0.4692933976044277  0.4710674545785676  0.025967763226932488  
10.34  0.03365486950570924  0.469294666289262  0.47106569007341687  0.02596801600343281  
10.36  0.03365511132561082  0.46929592957042376  0.47106393458114243  0.025968266378592522  
10.38  0.03365535204448996  0.46929718748414934  0.47106218803172883  0.02596851427908611  
10.4  0.03365559175908538  0.4692984400746116  0.4710604503603819  0.025968759628793036  
10.42  0.033655830554214596  0.46929968739448996  0.47105872150731487  0.025969002350002383  
10.44  0.03365606850139441  0.46930092950534197  0.47105700141745155  0.02596924236471469  
10.46  0.03365630565766867  0.4693021664778  0.47105529004004265  0.025969479596008913  
10.48  0.03365654206465622  0.46930339839157215  0.4710535873282079  0.025969713969454043  
10.5  0.03365677774782944  0.46930462533526046  0.47105189323841  0.025969945414528114  
10.52  0.03365701271602804  0.46930584740604475  0.471050207729871  0.025970173866016036  
10.540000000000001  0.03365724696121235  0.46930706470918054  0.47104853076395975  0.025970399265357307  
10.56  0.033657480458454146  0.4693082773573987  0.4710468623035425  0.025970621561914552  
10.58  0.0336577131661606  0.46930948547016565  0.47104520231233427  0.025970840714130673  
10.6  0.03365794502652835  0.46931068917286994  0.4710435507542326  0.025971056690558773  
10.620000000000001  0.03365817596621242  0.4693118885959166  0.4710419075926847  0.025971269470728153  
10.64  0.03365840589720182  0.46931308387378723  0.47104027279006067  0.025971479045841565  
10.66  0.03365863471788442  0.46931427514403395  0.4710386463070799  0.02597168541927327  
10.68  0.03365886231428569  0.4693154625463073  0.47103702810227677  0.025971888606864342  
10.700000000000001  0.03365908856145953  0.4693166462213369  0.4710354181315157  0.025972088637003423  
10.72  0.033659313325012305  0.4693178263099787  0.4710338163475822  0.025972285550488448  
10.74  0.03365953646273872  0.4693190029522612  0.4710322226998397  0.02597247940016489  
10.76  0.03365975782634184  0.46932017628654016  0.47103063713396176  0.025972670250351194  
10.78  0.03365997726321758  0.46932134644866685  0.47102905959173047  0.025972858176051185  
10.8  0.03366019461827778  0.46932251357126475  0.47102749001093397  0.02597304326197352  
10.82  0.033660409735786566  0.4693236777831053  0.4710259283253245  0.025973225601362563  
10.84  0.033660622461187735  0.4693248392085648  0.4710243744646534  0.025973405294675674  
10.86  0.033660832642900394  0.4693259979671942  0.471022828354771  0.025973582448118496  
10.88  0.033661040134061515  0.469327154173387  0.4710212899177809  0.025973757172075278  
10.9  0.03366124479419922  0.4693283079361583  0.471019759072236  0.025973929579467907  
10.92  0.03366144649081666  0.4693294593590144  0.47101823573334467  0.025974099784081512  
10.94  0.03366164510087917  0.4693306085399245  0.4710167198131982  0.025974267898903766  
10.96  0.033661840512188415  0.4693317555713468  0.4710152112209594  0.0259744340345153  
10.98  0.03366203262463962  0.4693329005403085  0.4710137098630455  0.025974598297582908  
11.0  0.033662221351347735  0.4693340435285254  0.47101221564325835  0.025974760789479346  
11.02  0.03366240661963833  0.46933518461253415  0.47101072846288866  0.02597492160505362  
11.040000000000001  0.03366258837188844  0.4693363238638251  0.47100924822081286  0.02597508083156392  
11.06  0.033662766566205815  0.46933746134898585  0.4710077748135899  0.025975238547764297  
11.08  0.033662941176934226  0.46933859712984055  0.4710063081355762  0.025975394823138747  
11.1  0.03366311219496915  0.4693397312636114  0.4710048480790693  0.025975549717271475  
11.120000000000001  0.03366327962787797  0.4693408638031065  0.47100339453452233  0.02597570327934306  
11.14  0.03366344349981289  0.46934199479692523  0.4710019473907767  0.025975855547752287  
11.16  0.033663603851213655  0.4693431242897241  0.4710005065353783  0.025976006549858505  
11.18  0.033663760738305154  0.4693442523224991  0.47099907185489576  0.025976156301859284  
11.200000000000001  0.033663914232392914  0.46934537893290734  0.47099764323531534  0.025976304808796313  
11.22  0.033664064418970026  0.4693465041556159  0.4709962205624197  0.025976452064706845  
11.24  0.03366421139664935  0.4693476280226695  0.47099480372219804  0.025976598052917955  
11.26  0.033664355275940756  0.46934875056386366  0.4709933926012632  0.025976742746492715  
11.28  0.033664496177893494  0.4693498718071076  0.4709919870872481  0.025976886108819118  
11.3  0.03366463423262691  0.4693509917787732  0.47099058706917313  0.025977028094348296  
11.32  0.03366476957777468  0.4693521105040351  0.4709891924378176  0.02597716864946774  
11.34  0.03366490235686369  0.4693532280071613  0.47098780308602856  0.0259773077135037  
11.36  0.03366503271765543  0.4693543443117805  0.4709864189089974  0.025977445219837803  
11.38  0.033665160810471204  0.4693554594411087  0.4709850398045089  0.025977581097117897  
11.4  0.03366528678652121  0.4693565734181338  0.4709836656731226  0.025977715270553373  
11.42  0.033665410796264984  0.4693576862657561  0.47098229641833017  0.025977847663265236  
11.44  0.03366553298781786  0.4693587980069003  0.47098093194664487  0.025977978197671878  
11.46  0.0336656535054226  0.4693599086645796  0.47097957216765635  0.02597810679688845  
11.48  0.03366577248800571  0.46936101826194354  0.47097821699406556  0.025978233386115695  
11.5  0.03366589006783092  0.46936212682228395  0.470976866341652  0.025978357893991263  
11.52  0.03366600636926345  0.4693632343690329  0.47097552012922933  0.025978480253886632  
11.540000000000001  0.03366612150765751  0.4693643409257295  0.4709741782785606  0.0259786004051215  
11.56  0.03366623558837753  0.46936544651599005  0.47097284071426004  0.025978718294078124  
11.58  0.033666348705957104  0.46936655116347187  0.47097150736368126  0.02597883387519947  
11.6  0.03366646094340898  0.46936765489183335  0.4709701781567731  0.02597894711185166  
11.620000000000001  0.033666572371681705  0.4693687577246961  0.47096885302595387  0.02597905797703681  
11.64  0.033666683049272596  0.46936985968561673  0.4709675319059646  0.025979166453951427  
11.66  0.03366679302199465  0.46937096079807583  0.4709662147337242  0.025979272536374474  
11.68  0.03366690232289549  0.46937206108547574  0.47096490144819875  0.02597937622888698  
11.700000000000001  0.03366701097232808  0.46937316057114536  0.4709635919902758  0.02597947754691833  
11.72  0.03366711897816674  0.46937425927837484  0.47096228630263803  0.025979576516623575  
11.74  0.03366722633616405  0.46937535723044643  0.47096098432966643  0.025979673174590243  
11.76  0.03366733303044  0.4693764544506999  0.47095968601733323  0.025979767567387683  
11.78  0.03366743903409575  0.4693775509625968  0.4709583913131299  0.02597985975096986  
11.8  0.03366754430994084  0.4693786467897978  0.47095710016599646  0.0259799497899352  
11.82  0.033667648811324384  0.46937974195624244  0.47095581252627094  0.02598003775666559  
11.84  0.03366775248305695  0.4693808364862453  0.47095452834564133  0.025980123730361345  
11.86  0.03366785526241079  0.4693819304045808  0.47095324757711354  0.025980207795978618  
11.88  0.033667957080184406  0.4693830237365674  0.47095197017499263  0.02598029004310601  
11.9  0.03366805786181972  0.46938411650816003  0.47095069609485585  0.02598037056478377  
11.92  0.033668157528554295  0.46938520874600925  0.47094942529355444  0.025980449456291303  
11.94  0.03366825599859655  0.46938630047751906  0.47094815772918475  0.025980526813925858  
11.96  0.033668353188309304  0.46938739173089783  0.47094689336109086  0.02598060273379111  
11.98  0.033668449013387836  0.4693884825351691  0.4709456321498377  0.025980677310610597  
12.0  0.03366854339001728  0.46938957292017663  0.47094437405720846  0.02598075063658979  
12.02  0.03366863623599779  0.46939066291656106  0.47094311904616076  0.02598082280034181  
12.040000000000001  0.03366872747182381  0.4693917525557051  0.47094186708079455  0.025980893885891147  
12.06  0.03366881702170785  0.4693928418696738  0.47094061812631594  0.025980963971771773  
12.08  0.03366890481453412  0.4693939308911004  0.47093937214896886  0.025981033130232208  
12.1  0.033668990784736626  0.4693950196530667  0.4709381291159665  0.025981101426554448  
12.120000000000001  0.03366907487308942  0.4693961081889457  0.47093688899540737  0.025981168918500133  
12.14  0.03366915702740513  0.4693971965322279  0.47093565175617846  0.025981235655884744  
12.16  0.03366923720313265  0.46939828471632866  0.4709344173678413  0.02598130168028394  
12.18  0.03366931536385163  0.4693993727743686  0.470933185800513  0.025981367024880138  
12.200000000000001  0.033669391481658976  0.4694004607389521  0.47093195702474355  0.025981431714437852  
12.22  0.03366946553744546  0.4694015486419058  0.4709307310113522  0.025981495765413913  
12.24  0.03366953752106326  0.46940263651403663  0.4709295077312952  0.025981559186190092  
12.26  0.03366960743138307  0.4694037243848794  0.4709282871555042  0.025981621977431393  
12.280000000000001  0.033669675276245405  0.4694048122824293  0.470927069254725  0.025981684132547273  
12.3  0.03366974107230594  0.46940590023289736  0.4709258539993754  0.025981745638258634  
12.32  0.03366980484478385  0.4694069882604573  0.47092464135937184  0.025981806475248687  
12.34  0.03366986662711459  0.469408076387023  0.47092343130398173  0.02598186661889394  
12.36  0.033669926460515864  0.46940916463202126  0.47092222380169496  0.025981926040055055  
12.38  0.03366998439347518  0.469410253012206  0.4709210188200866  0.025981984705915145  
12.4  0.03367004048116375  0.4694113415414806  0.4709198163256874  0.025982042580851603  
12.42  0.03367009478479012  0.46941243023075346  0.47091861628390547  0.02598209962732854  
12.44  0.03367014737089987  0.4694135190878443  0.4709174186589342  0.02598215580678826  
12.46  0.03367019831063226  0.4694146081173782  0.4709162234136893  0.02598221108053615  
12.48  0.03367024767894428  0.46941569732075505  0.47091503050977274  0.02598226541060125  
12.5  0.033670295553812284  0.4694167866961398  0.4709138399074634  0.025982318760555356  
12.52  0.03367034201542038  0.4694178762384874  0.470912651565724  0.025982371096286868  
12.540000000000001  0.033670387145347154  0.46941896593960825  0.47091146544224016  0.025982422386713996  
12.56  0.0336704310257613  0.46942005578826745  0.47091028149347697  0.025982472604424253  
12.58  0.03367047373863181  0.46942114577032346  0.4709090996747728  0.0259825217262426  
12.6  0.033670515364966874  0.46942223586889603  0.4709079199404548  0.02598256973370643  
12.620000000000001  0.033670555984085984  0.46942332606457027  0.4709067422439648  0.02598261661345891  
12.64  0.033670595672935115  0.46942441633561977  0.47090556653803073  0.02598266235754329  
12.66  0.033670634505451796  0.46942550665827093  0.4709043927748297  0.025982706963605075  
12.68  0.03367067255198453  0.46942659700697836  0.4709032209062036  0.02598275043499551  
12.700000000000001  0.03367070987877496  0.46942768735471535  0.470902050883862  0.02598279278078363  
12.72  0.03367074654750328  0.4694287776732937  0.470900882659594  0.02598283401567434  
12.74  0.033670782614905304  0.46942986793368  0.47089971618552523  0.025982874159839988  
12.76  0.0336708181324581  0.4694309581063188  0.4708985514143426  0.025982913238668356  
12.780000000000001  0.03367085314614007  0.46943204816145667  0.47089738829953043  0.02598295128243708  
12.8  0.03367088769626368  0.4694331380694742  0.4708962267956254  0.025982988325915255  
12.82  0.033670921817383154  0.4694342278011907  0.47089506685844634  0.02598302440791119  
12.84  0.0336709555382706  0.469435317328165  0.47089390844531237  0.025983059570764862  
12.86  0.03367098888196438  0.4694364066229921  0.47089275151526816  0.02598309385979949  
12.88  0.033671021865883326  0.46943749565954523  0.4708915960292809  0.025983127322746415  
12.9  0.03367105450200472  0.46943858441323855  0.470890441950427  0.025983160009142484  
12.92  0.03367108679709947  0.46943967286122057  0.47088928924405243  0.025983191969722073  
12.94  0.033671118753021465  0.46944076098256826  0.4708881378779038  0.025983223255803992  
12.96  0.03367115036704618  0.46944184875843425  0.4708869878222542  0.025983253918692446  
12.98  0.03367118163225095  0.46944293617215804  0.470885839049978  0.025983284009091407  
13.0  0.03367121253793042  0.4694440232093545  0.470884691536621  0.025983313576547873  
13.02  0.03367124307004378  0.4694451098579612  0.4708835452604201  0.02598334266893321  
13.040000000000001  0.033671273211682305  0.4694461961082351  0.4708824002023094  0.02598337133195932  
13.06  0.03367130294355611  0.46944728195274954  0.4708812563458934  0.02598339960875047  
13.08  0.03367133224448812  0.46944836738631895  0.47088011367737126  0.025983427539463276  
13.1  0.03367136109191235  0.46944945240591224  0.4708789721854795  0.025983455160968366  
13.120000000000001  0.03367138946236929  0.46945053701053024  0.47087783186134946  0.0259834825065899  
13.14  0.033671417331990854  0.46945162120105843  0.470876692698389  0.025983509605908183  
13.16  0.033671444676970995  0.46945270498008945  0.4708755546921103  0.025983536484628034  
13.18  0.03367147147401581  0.46945378835172524  0.47087441783994977  0.025983563164509095  
13.200000000000001  0.033671497700768355  0.4694548713213526  0.4708732821410681  0.02598358966335965  
13.22  0.033671523336203234  0.46945595389541567  0.4708721475961368  0.025983615995090355  
13.24  0.03367154836098791  0.46945703608117856  0.47087101420710686  0.025983642169824312  
13.26  0.03367157275780809  0.469458117886458  0.47086988197697943  0.025983668194062646  
13.280000000000001  0.033671596511651886  0.46945919931937147  0.47086875090955604  0.025983694070898088  
13.3  0.03367161961005339  0.469460280388081  0.47086762100920354  0.02598371980027165  
13.32  0.03367164204329377  0.4694613611005433  0.4708664922805996  0.02598374537926902  
13.34  0.03367166380455676  0.46946244146425187  0.4708653647285144  0.02598377080244869  
13.36  0.03367168489004228  0.4694635214860094  0.47086423835755775  0.025983796062192015  
13.38  0.0336717052990343  0.46946460117170374  0.47086311317197777  0.02598382114907833  
13.4  0.03367172503392661  0.4694656805261076  0.4708619891754589  0.025983846052266613  
13.42  0.03367174410020741  0.4694667595526881  0.4708608663709149  0.02598387075988603  
13.44  0.03367176250640353  0.4694678382534431  0.47085974476033327  0.025983895259423694  
13.46  0.03367178026398837  0.46946891662876145  0.4708586243446264  0.025983919538105762  
13.48  0.033671797387254045  0.46946999467731043  0.47085750512349756  0.025983943583266046  
13.5  0.03367181389315327  0.46947107239595365  0.4708563870953422  0.025983967382696035  
13.52  0.03367182980111208  0.46947214977968443  0.47085527025717133  0.025983990924969454  
13.540000000000001  0.03367184513281861  0.4694732268215889  0.4708541546045487  0.02598401419974095  
13.56  0.0336718599119907  0.4694743035128476  0.4708530401315736  0.02598403719801439  
13.58  0.03367187416412679  0.4694753798427522  0.4708519268308714  0.02598405991237059  
13.6  0.033671887916243474  0.4694764557987579  0.47085081469361295  0.025984082337165072  
13.620000000000001  0.0336719011966038  0.46947753136655074  0.4708497037095715  0.025984104468682295  
13.64  0.0336719140344402  0.46947860653014595  0.4708485938671657  0.025984126305251445  
13.66  0.033671926459676746  0.46947968127198425  0.4708474851535756  0.025984147847319224  
13.68  0.033671938502652904  0.4694807555730984  0.4708463775548296  0.025984169097490253  
13.700000000000001  0.03367195019385291  0.4694818294132379  0.47084527105593577  0.025984190060518046  
13.72  0.03367196156364347  0.4694829027710478  0.47084416564102016  0.025984210743267476  
13.74  0.03367197264202434  0.4694839756242338  0.47084306129347225  0.0259842311546363  
13.76  0.033671983458392986  0.46948504794974805  0.47084195799611045  0.02598425130544792  
13.780000000000001  0.03367199404132568  0.46948611972399523  0.4708408557313562  0.02598427120831232  
13.8  0.033672004418377546  0.46948719092300184  0.4708397544813889  0.025984290877462474  
13.82  0.033672014615903766  0.46948826152262185  0.47083865422833093  0.025984310328567045  
13.84  0.03367202465890241  0.4694893314987191  0.47083755495442264  0.02598432957852585  
13.86  0.03367203457088002  0.46949040082735666  0.4708364566421765  0.025984348645249854  
13.88  0.03367204437374087  0.46949146948496806  0.47083535927455483  0.025984367547432566  
13.9  0.03367205408770111  0.46949253744853137  0.4708342628351243  0.025984386304315734  
13.92  0.03367206373122523  0.4694936046957151  0.470833167308206  0.025984404935452288  
13.94  0.03367207332098678  0.4694946712050226  0.4708320726789871  0.025984423460469298  
13.96  0.03367208287185333  0.4694957369559145  0.47083097893366754  0.025984441898842237  
13.98  0.03367209239689044  0.46949680192891985  0.4708298860595472  0.025984460269675477  
14.0  0.0336721019073897  0.46949786610572575  0.4708287940451194  0.02598447859149519  
14.02  0.033672111412914346  0.4694989294692485  0.47082770288014514  0.025984496882057277  
14.040000000000001  0.03367212092136315  0.4694999920036996  0.47082661255570657  0.02598451515817745  
14.06  0.033672130439050846  0.4695010536946006  0.47082552306424263  0.025984533435578196  
14.08  0.03367213997080218  0.46950211452881846  0.47082443439956523  0.025984551728757063  
14.1  0.03367214952005882  0.4695031744945546  0.4708233465568594  0.02598457005088036  
14.120000000000001  0.03367215908899642  0.46950423358133764  0.47082225953268325  0.025984588413700292  
14.14  0.0336721686786494  0.46950529177997424  0.47082117332490375  0.025984606827494705  
14.16  0.03367217828904308  0.46950634908251654  0.47082008793268365  0.02598462530103477  
14.18  0.033672187919327586  0.4695074054821891  0.470819003356392  0.025984643841571866  
14.200000000000001  0.0336721975679167  0.46950846097331994  0.4708179195975465  0.025984662454851905  
14.22  0.03367220723262383  0.4695095155512472  0.470816836658713  0.025984681145148087  
14.24  0.0336722169107993  0.46951056921223827  0.47081575454342994  0.02598469991531619  
14.26  0.03367222659946097  0.46951162195337837  0.4708146732560831  0.025984718766867816  
14.280000000000001  0.03367223629542223  0.4695126737724622  0.4708135928018009  0.025984737700060493  
14.3  0.03367224599541307  0.46951372466789276  0.4708125131863555  0.02598475671400037  
14.32  0.033672255696192185  0.46951477463855984  0.4708114344160195  0.0259847758067596  
14.34  0.03367226539465161  0.46951582368374173  0.4708103564974645  0.025984794975501928  
14.36  0.03367227508791134  0.4695168718029813  0.4708092794376379  0.02598481421661575  
14.38  0.033672284773402734  0.4695179189959855  0.4708082032436528  0.02598483352585077  
14.4  0.033672294448942104  0.46951896526252823  0.47080712792267143  0.025984852898457363  
14.42  0.03367230411279234  0.46952001060234627  0.47080605348180443  0.025984872329328505  
14.44  0.03367231376371215  0.469521055015059  0.4708049799280032  0.02598489181313204  
14.46  0.03367232340099588  0.46952209850008436  0.47080390726798005  0.025984911344446332  
14.48  0.03367233302449964  0.46952314105656756  0.4708028355081192  0.025984930917882627  
14.5  0.03367234263465788  0.46952418268332635  0.47080176465440926  0.025984950528205812  
14.52  0.03367235223248913  0.46952522337879354  0.4708006947123796  0.025984970170436675  
14.540000000000001  0.03367236181959114  0.46952626314097856  0.47079962568704575  0.025984989839950727  
14.56  0.033672371398126684  0.4695273019674415  0.4707985575828751  0.02598500953255893  
14.58  0.03367238097080095  0.46952833985527237  0.4707974904037511  0.025985029244578815  
14.6  0.03367239054083125  0.46952937680108586  0.4707964241529717  0.025985048972892184  
14.620000000000001  0.033672400111910146  0.4695304128010122  0.4707953588332175  0.025985068714984513  
14.64  0.03367240968816172  0.46953144785072776  0.47079429444657633  0.025985088468975445  
14.66  0.03367241927409385  0.4695324819454581  0.4707932309945451  0.025985108233632766  
14.68  0.033672428874545884  0.46953351508001606  0.47079216847805805  0.02598512800837199  
14.700000000000001  0.033672438494633486  0.4695345472488304  0.4707911068975129  0.02598514779324847  
14.72  0.033672448139692834  0.46953557844599775  0.4707900462528112  0.025985167588930526  
14.74  0.03367245781522175  0.46953660866532326  0.4707889865434048  0.025985187396666488  
14.76  0.03367246752682138  0.4695376379003744  0.4707879277683368  0.02598520721824262  
14.780000000000001  0.03367247728014023  0.46953866614453305  0.4707868699263117  0.025985227055926638  
14.8  0.03367248708081761  0.46953969339105317  0.4707858130157384  0.025985246912412517  
14.82  0.03367249693442982  0.46954071963313315  0.47078475703479705  0.02598526679075258  
14.84  0.03367250684644054  0.46954174486395667  0.47078370198149416  0.02598528669429063  
14.86  0.033672516822153706  0.4695427690767543  0.470782647853733  0.025985306626586522  
14.88  0.03367252686666975  0.4695437922648727  0.4707815946493638  0.025985326591344796  
14.9  0.033672536984847665  0.4695448144218169  0.4707805423662527  0.025985346592340926  
14.92  0.03367254718127047  0.4695458355413024  0.47077949100232325  0.025985366633347464  
14.94  0.033672557460216565  0.4695468556173082  0.47077844055562257  0.02598538671806678  
14.96  0.033672567825634936  0.46954787464411313  0.4707773910243583  0.025985406850061843  
14.98  0.03367257828112694  0.46954889261633415  0.4707763424069468  0.025985427032697437  
15.0  0.03367258882993125  0.46954990952896225  0.47077529470205143  0.025985447269081727  
15.02  0.033672599474915556  0.46955092537739157  0.47077424790860684  0.02598546756201867  
15.040000000000001  0.033672610218571555  0.4695519401574339  0.47077320202586276  0.02598548791396343  
15.06  0.033672621063015704  0.4695529538653338  0.4707721570533795  0.025985508326988444  
15.08  0.03367263200999324  0.4695539664977825  0.47077111299106383  0.025985528802753136  
15.1  0.03367264306088664  0.46955497805192226  0.4707700698391668  0.025985549342485138  
15.120000000000001  0.03367265421672736  0.4695559885253417  0.4707690275982844  0.02598556994696548  
15.14  0.033672665478210746  0.4695569979160677  0.47076798626936356  0.025985590616527054  
15.16  0.03367267684571409  0.4695580062225651  0.4707669458536823  0.025985611351053338  
15.18  0.033672688319315955  0.4695590134437048  0.4707659063528429  0.02598563214998856  
15.200000000000001  0.03367269989881845  0.4695600195787609  0.4707648677687545  0.02598565301235258  
15.22  0.03367271158377037  0.4695610246273783  0.47076383010360984  0.025985673936762443  
15.24  0.033672723373490955  0.46956202858954726  0.47076279335985394  0.025985694921456946  
15.26  0.03367273526709485  0.4695630314655841  0.47076175754016975  0.025985715964330032  
15.280000000000001  0.033672747263517  0.4695640332560956  0.47076072264743407  0.025985737062962186  
15.3  0.03367275936153639  0.4695650339619471  0.47075968868469686  0.025985758214660204  
15.32  0.03367277155980102  0.46956603358423954  0.4707586556551409  0.025985779416493084  
15.34  0.033672783856849964  0.46956703212427225  0.4707576235620558  0.02598580066533414  
15.36  0.033672796251134986  0.4695680295835175  0.47075659240879825  0.02598582195790171  
15.38  0.03367280874104188  0.4695690259635928  0.47075556219876546  0.02598584329080127  
15.4  0.033672821324908016  0.46957002126622  0.47075453293535907  0.02598586466056229  
15.42  0.033672834001039806  0.46957101549322094  0.4707535046219657  0.025985886063677865  
15.44  0.0336728467677277  0.46957200864647636  0.4707524772619192  0.02598590749664009  
15.46  0.03367285962325819  0.46957300072791647  0.47075145085847603  0.025985928955973743  
15.48  0.03367287256592582  0.4695739917394939  0.4707504254148117  0.02598595043826532  
15.5  0.03367288559404069  0.4695749816831725  0.4707494009339718  0.025985971940190544  
15.52  0.03367289870593649  0.46957597056090716  0.4707483774188794  0.02598599345853621  
15.540000000000001  0.03367291189997438  0.469576958374644  0.4707473548723147  0.025986014990220272  
15.56  0.033672925174546085  0.46957794512630735  0.47074633329690224  0.025986036532303785  
15.58  0.03367293852807517  0.469578930817787  0.47074531269510056  0.025986058082006012  
15.6  0.03367295195901601  0.46957991545095107  0.4707442930692158  0.025986079636706808  
15.620000000000001  0.03367296546585331  0.46958089902763667  0.47074327442137837  0.025986101193951828  
15.64  0.033672979047097464  0.4695818815496499  0.47074225675355785  0.02598612275145004  
15.66  0.03367299270128117  0.46958286301878466  0.4707412400675615  0.025986144307072  
15.68  0.033673006426953846  0.4695838434368139  0.4707402243650475  0.025986165858839307  
15.700000000000001  0.03367302022267575  0.46958482280550295  0.47073920964752214  0.025986187404916615  
15.72  0.033673034087012166  0.4695858011266245  0.4707381959163589  0.025986208943597468  
15.74  0.033673048018526185  0.4695867784019569  0.47073718317280383  0.025986230473290278  
15.76  0.03367306201577218  0.4695877546333065  0.4707361714179849  0.025986251992502263  
15.780000000000001  0.03367307607728896  0.4695887298225217  0.4707351606529406  0.025986273499821196  
15.8  0.03367309020159342  0.46958970397148725  0.4707341508786074  0.025986294993897638  
15.82  0.033673104387174  0.469590677082151  0.4707331420958548  0.02598631647342712  
15.84  0.03367311863248503  0.4695916491565367  0.47073213430548677  0.025986337937131745  
15.860000000000001  0.03367313293594251  0.4695926201967485  0.47073112750825624  0.025986359383741806  
15.88  0.03367314729591785  0.4695935902049777  0.47073012170487183  0.025986380811977655  
15.9  0.03367316171073565  0.46959455918352444  0.4707291168960183  0.025986402220536393  
15.92  0.03367317617866996  0.4695955271347953  0.4707281130823598  0.025986423608075786  
15.94  0.033673190697942765  0.4695964940613048  0.47072711026454533  0.025986444973200296  
15.96  0.033673205266722635  0.46959745996570784  0.47072610844322393  0.025986466314453432  
15.98  0.03367321988312356  0.4695984248507665  0.4707251076190393  0.025986487630304964  
16.0  0.0336732345452071  0.46959938871938045  0.4707241077926394  0.025986508919147586  
16.02  0.03367324925098228  0.46960035157458124  0.47072310896467784  0.02598653017928903  
16.04  0.03367326399840809  0.46960131341952605  0.4707221111358184  0.02598655140895164  
16.06  0.03367327878539731  0.4696022742575017  0.47072111430672764  0.02598657260627057  
16.080000000000002  0.0336732936098188  0.46960323409191623  0.47072011847806994  0.025986593769296188  
16.1  0.033673308469502734  0.46960419292630623  0.47071912365052143  0.02598661489599679  
16.12  0.033673323362244725  0.4696051507643135  0.47071812982475475  0.025986635984264695  
16.14  0.033673338285811476  0.4696061076096943  0.47071713700141843  0.02598665703192056  
16.16  0.03367335323794636  0.4696070634662978  0.4707161451811614  0.02598667803672498  
16.18  0.0336733682163754  0.46960801833807075  0.4707151543646069  0.025986698996385293  
16.2  0.033673383218813  0.469608972229044  0.47071416455234766  0.025986719908567272  
16.22  0.03367339824296872  0.469609925143318  0.47071317574493793  0.025986740770904435  
16.240000000000002  0.033673413286553176  0.46961087708505095  0.47071218794289343  0.025986761581009293  
16.26  0.03367342834728504  0.46961182805846563  0.4707112011466782  0.025986782336486467  
16.28  0.03367344342289567  0.4696127780678179  0.47071021535669405  0.025986803034942392  
16.3  0.03367345851113653  0.4696137271173964  0.47070923057327596  0.025986823673997746  
16.32  0.033673473609783844  0.46961467521151873  0.4707082467966964  0.025986844251295427  
16.34  0.03367348871664387  0.4696156223545107  0.4707072640271421  0.025986864764511442  
16.36  0.03367350382955773  0.4696165685507019  0.47070628226472006  0.02598688521136474  
16.38  0.03367351894640585  0.4696175138044296  0.47070530150945633  0.025986905589624115  
16.4  0.03367353406511148  0.4696184581200094  0.4707043217612757  0.025986925897114047  
16.42  0.0336735491836438  0.46961940150174897  0.47070334302002836  0.025986946131721228  
16.44  0.033673564300021046  0.469620343953927  0.47070236528546033  0.025986966291397094  
16.46  0.03367357941231127  0.46962128548079374  0.47070138855722954  0.02598698637416253  
16.48  0.03367359451863524  0.46962222608657633  0.4707004128349036  0.025987006378107167  
16.5  0.03367360961716598  0.46962316577546015  0.4706994381179591  0.025987026301390895  
16.52  0.03367362470612962  0.46962410455160436  0.47069846440578766  0.025987046142243075  
16.54  0.03367363978380455  0.4696250424191232  0.47069749169769753  0.02598706589895788  
16.56  0.033673654848519904  0.46962597938209677  0.4706965199929215  0.02598708556989474  
16.580000000000002  0.033673669898655105  0.4696269154445711  0.4706955492906217  0.025987105153470365  
16.6  0.033673684932636505  0.4696278506105529  0.47069457958988975  0.025987124648156303  
16.62  0.033673699948935494  0.4696287848840132  0.47069361088976  0.025987144052472867  
16.64  0.03367371494606529  0.4696297182689026  0.4706926431892165  0.025987163364982045  
16.66  0.03367372992257618  0.46963065076913246  0.4706916764871914  0.02598718258428344  
16.68  0.03367374487705366  0.4696315823885911  0.47069071078258456  0.0259872017090041  
16.7  0.033673759808113116  0.4696325131311439  0.4706897460742579  0.02598722073779674  
16.72  0.033673774714395435  0.4696334430006395  0.47068878236105655  0.02598723966932937  
16.740000000000002  0.0336737895945627  0.46963437200091296  0.4706878196418028  0.025987258502282354  
16.76  0.033673804447292705  0.4696353001357907  0.470686857915311  0.025987277235340958  
16.78  0.033673819271275565  0.4696362274090803  0.470685897180393  0.02598729586719184  
16.8  0.03367383406520734  0.46963715382459237  0.47068493743585454  0.025987314396518434  
16.82  0.03367384882778629  0.46963807938613167  0.47068397868051376  0.02598733282199812  
16.84  0.03367386355770783  0.46963900409751247  0.4706830209132024  0.025987351142298196  
16.86  0.03367387825366023  0.4696399279625496  0.470682064132758  0.025987369356076328  
16.88  0.0336738929143201  0.46964085098505554  0.4706811083380408  0.025987387461979837  
16.9  0.03367390753834919  0.4696417731688615  0.47068015352792586  0.025987405458644704  
16.92  0.033673922124389265  0.4696426945177938  0.47067919970130856  0.02598742334469754  
16.94  0.033673936671060375  0.46964361503569957  0.470678246857107  0.025987441118758677  
16.96  0.033673951176956866  0.4696445347264311  0.47067729499426186  0.025987458779442266  
16.98  0.03367396564064507  0.46964545359385246  0.4706763441117223  0.025987476325362868  
17.0  0.03367398006066182  0.46964637164183576  0.47067539420846816  0.025987493755138827  
17.02  0.033673994435512104  0.46964728887425916  0.47067444528348434  0.025987511067397447  
17.04  0.03367400876366828  0.4696482052950064  0.4706734973357696  0.025987528260780587  
17.06  0.03367402304356954  0.4696491209079706  0.47067255036433414  0.025987545333948984  
17.080000000000002  0.03367403727362178  0.469650035717047  0.47067160436819055  0.02598756228559114  
17.1  0.03367405145219797  0.4696509497261283  0.4706706593463543  0.02598757911442699  
17.12  0.03367406557763883  0.46965186293910466  0.47066971529782836  0.02598759581921594  
17.14  0.033674079648254564  0.4696527753598624  0.47066877222161563  0.025987612398761836  
17.16  0.033674093662326335  0.4696536869922799  0.4706678301166976  0.025987628851919246  
17.18  0.033674107618108545  0.4696545978402286  0.4706668889820452  0.025987645177599605  
17.2  0.0336741215138323  0.46965550790755906  0.470665948816601  0.025987661374774013  
17.22  0.03367413534770742  0.4696564171981079  0.4706650096192786  0.025987677442479002  
17.240000000000002  0.03367414911792718  0.469657325715694  0.4706640713889686  0.02598769337982158  
17.26  0.03367416282267137  0.4696582334641099  0.47066313412451555  0.025987709185979962  
17.28  0.03367417646011112  0.469659140447119  0.47066219782473073  0.025987724860206673  
17.3  0.033674190028413015  0.4696600466684564  0.4706612624883805  0.025987740401830783  
17.32  0.033674203525744746  0.46966095213183245  0.47066032811418795  0.025987755810257612  
17.34  0.033674216950279584  0.46966185684091605  0.470659394700826  0.025987771084968487  
17.36  0.03367423030020169  0.46966276079934266  0.470658462246923  0.025987786225520657  
17.38  0.03367424357371173  0.4696636640107079  0.4706575307510464  0.025987801231545243  
17.400000000000002  0.033674256769032185  0.4696645664785625  0.47065660021171857  0.025987816102744612  
17.42  0.033674269884413494  0.46966546820641936  0.470655670627413  0.025987830838890016  
17.44  0.03367428291813858  0.46966636919774274  0.47065474199653956  0.025987845439816103  
17.46  0.033674295868528985  0.46966726945595294  0.4706538143174617  0.02598785990541992  
17.48  0.033674308733949845  0.46966816898442665  0.47065288758849316  0.025987874235652825  
17.5  0.03367432151281496  0.46966906778648326  0.47065196180788854  0.025987888430518517  
17.52  0.033674334203591734  0.46966996586539855  0.47065103697385713  0.02598790249006664  
17.54  0.03367434680480617  0.4696708632244002  0.4706501130845614  0.025987916414387097  
17.56  0.033674359315045456  0.46967175986665477  0.47064919013811746  0.0259879302036046  
17.580000000000002  0.03367437173296353  0.46967265579528783  0.4706482681325917  0.025987943857874264  
17.6  0.03367438405728303  0.4696735510133634  0.47064734706601447  0.025987957377375873  
17.62  0.03367439628679922  0.4696744455239042  0.47064642693637476  0.025987970762309368  
17.64  0.03367440842038126  0.46967533932987143  0.4706455077416243  0.025987984012887527  
17.66  0.033674420456974656  0.4696762324341776  0.4706445894796797  0.02598799712933509  
17.68  0.03367443239560192  0.46967712483968005  0.47064367214843233  0.025988010111881153  
17.7  0.03367444423536332  0.46967801654918945  0.4706427557457401  0.025988022960758122  
17.72  0.033674455975436966  0.4696789075654584  0.4706418402694457  0.025988035676196702  
17.740000000000002  0.03367446761507781  0.4696797978911886  0.4706409257173566  0.02598804825842433  
17.76  0.03367447915361692  0.4696806875290287  0.4706400120872744  0.025988060707662585  
17.78  0.0336744905904592  0.4696815764815751  0.4706390993769834  0.025988073024123946  
17.8  0.033674501925081875  0.46968246475137854  0.4706381875842525  0.025988085208013594  
17.82  0.03367451315703122  0.46968335234093084  0.47063727670684613  0.025988097259526055  
17.84  0.03367452428591984  0.46968423925268277  0.47063636674252174  0.025988109178846974  
17.86  0.0336745353114221  0.4696851254890203  0.47063545768903536  0.02598812096615142  
17.88  0.033674546233271874  0.4696860110522889  0.47063454954414324  0.02598813262160681  
17.900000000000002  0.033674557051257686  0.46968689594478036  0.47063364230560384  0.025988144145374724  
17.92  0.03367456776521848  0.46968778016873447  0.47063273597118455  0.025988155537610424  
17.94  0.03367457837503912  0.46968866372633805  0.4706318305386525  0.025988166798466335  
17.96  0.03367458888064657  0.4696895466197315  0.47063092600579065  0.02598817792809668  
17.98  0.03367459928200508  0.4696904288510079  0.4706300223703862  0.02598818892665899  
18.0  0.03367460957911153  0.4696913104221999  0.4706291196302426  0.025988199794317046  
18.02  0.03367461977199167  0.4696921913352923  0.47062821778317593  0.025988210531247658  
18.04  0.03367462986069542  0.46969307159221463  0.4706273168270038  0.02598822113764253  
18.06  0.03367463984529276  0.4696939511948585  0.47062641675956646  0.025988231613714937  
18.080000000000002  0.03367464972587036  0.4696948301450442  0.4706255175787071  0.02598824195970098  
18.1  0.03367465950252718  0.4696957084445569  0.4706246192822794  0.025988252175869295  
18.12  0.033674669175371603  0.4696965860951234  0.4706237218681464  0.025988262262520635  
18.14  0.03367467874451749  0.46969746309841715  0.4706228253341783  0.025988272219994436  
18.16  0.03367468821008182  0.46969833945606754  0.4706219296782469  0.0259882820486741  
18.18  0.033674697572181736  0.4696992151696463  0.470621034898235  0.025988291748986276  
18.2  0.03367470683093197  0.4697000902406826  0.47062014099202093  0.025988301321408076  
18.22  0.03367471598644329  0.46970096467065836  0.47061924795748694  0.025988310766467574  
18.240000000000002  0.0336747250388199  0.4697018384610064  0.4706183557925116  0.025988320084745935  
18.26  0.03367473398815905  0.4697027116131138  0.47061746449497616  0.025988329276877803  
18.28  0.0336747428345489  0.46970358412832725  0.47061657406275936  0.025988338343553116  
18.3  0.03367475157806904  0.46970445600794597  0.4706156844937318  0.025988347285514867  
18.32  0.03367476021878862  0.4697053272532336  0.4706147957857648  0.02598835610356011  
18.34  0.03367476875676805  0.4697061978654175  0.470613907936728  0.025988364798537514  
18.36  0.03367477719205789  0.4697070678456834  0.4706130209444849  0.02598837337134362  
18.38  0.033674785524700046  0.46970793719518167  0.4706121348068903  0.025988381822922298  
18.400000000000002  0.033674793754729725  0.4697088059150399  0.47061124952181044  0.02598839015426059  
18.42  0.03367480188217611  0.4697096740063386  0.4706103650870976  0.02598839836638292  
18.44  0.033674809907063924  0.4697105414701436  0.4706094815006054  0.025988406460349295  
18.46  0.03367481782941619  0.4697114083074892  0.47060859876018957  0.0259884144372502  
18.48  0.033674825649256085  0.46971227451938263  0.4706077168637006  0.02598842229819963  
18.5  0.03367483336661009  0.46971314010680404  0.4706068358089993  0.025988430044332555  
18.52  0.03367484098151101  0.46971400507071925  0.4706059555939421  0.02598843767679847  
18.54  0.033674848493999945  0.4697148694120571  0.4706050762163894  0.02598844519675658  
18.56  0.03367485590413158  0.46971573313173864  0.47060419767420836  0.025988452605371776  
18.580000000000002  0.03367486321197583  0.4697165962306525  0.47060331996527144  0.025988459903807944  
18.6  0.03367487041762186  0.46971745870967446  0.4706024430874578  0.02598846709322477  
18.62  0.03367487752118169  0.4697183205696536  0.4706015670386511  0.025988474174772257  
18.64  0.033674884522793484  0.469719181811425  0.4706006918167429  0.02598848114958802  
18.66  0.03367489142262472  0.46972004243579407  0.4705998174196434  0.02598848801879237  
18.68  0.033674898220875285  0.4697209024435523  0.4705989438452568  0.025988494783486412  
18.7  0.0336749049177803  0.4697217618354617  0.4705980710915061  0.025988501444748107  
18.72  0.03367491151361342  0.46972262061226916  0.47059719915631965  0.02598850800363196  
18.740000000000002  0.033674918008687556  0.4697234787746912  0.47059632803763585  0.025988514461165582  
18.76  0.03367492440335838  0.4697243363234232  0.4705954577334076  0.02598852081835048  
18.78  0.03367493069802528  0.46972519325913115  0.4705945882415906  0.025988527076160638  
18.8  0.03367493689313267  0.46972604958246655  0.47059371956014645  0.025988533235541737  
18.82  0.03367494298916998  0.4697269052940399  0.4705928516870536  0.02598853929741443  
18.84  0.033674948986673336  0.4697277603944357  0.4705919846202924  0.02598854526267341  
18.86  0.033674954886223976  0.4697286148842179  0.47059111835784967  0.025988551132191107  
18.88  0.03367496068844883  0.46972946876391347  0.47059025289771994  0.02598855690681807  
18.900000000000002  0.03367496639401929  0.4697303220340236  0.47058938823789903  0.025988562587385883  
18.92  0.033674972003649446  0.46973117469501374  0.47058852437639115  0.025988568174712273  
18.94  0.033674977518094604  0.46973202674731984  0.47058766131119284  0.025988573669600116  
18.96  0.033674982938149994  0.46973287819135  0.4705867990403184  0.025988579072846046  
18.98  0.03367498826464699  0.46973372902747096  0.4705859375617697  0.02598858438524048  
19.0  0.033674993498451336  0.46973457925602324  0.47058507687355366  0.02598858960757345  
19.02  0.03367499864046049  0.4697354288773085  0.47058421697367225  0.025988594740636892  
19.04  0.03367500369159946  0.4697362778916045  0.4705833578601277  0.025988599785230056  
19.06  0.03367500865281886  0.46973712629915115  0.47058249953091547  0.025988604742162413  
19.080000000000002  0.03367501352509014  0.46973797410016066  0.470581641984037  0.02598860961225787  
19.1  0.033675018309403656  0.46973882129481  0.47058078521748054  0.02598861439635645  
19.12  0.033675023006763595  0.46973966788324223  0.4705799292292356  0.025988619095319403  
19.14  0.03367502761818558  0.46974051386558013  0.4705790740172862  0.02598862371002983  
19.16  0.03367503214469294  0.46974135924190985  0.4705782195796125  0.025988628241396493  
19.18  0.033675036587313245  0.4697422040122869  0.470577365914185  0.02598863269035475  
19.2  0.03367504094707578  0.4697430481767533  0.4705765130189811  0.025988637057867706  
19.22  0.03367504522500733  0.4697438917353135  0.4705756608919666  0.025988641344928086  
19.240000000000002  0.033675049422130926  0.4697447346879548  0.4705748095311181  0.025988645552557584  
19.26  0.03367505353946246  0.4697455770346383  0.47057395893440085  0.02598864968180725  
19.28  0.03367505757800885  0.4697464187753067  0.47057310909979033  0.025988653733756445  
19.3  0.03367506153876553  0.4697472599098788  0.4705722600252575  0.025988657709513505  
19.32  0.03367506542271575  0.46974810043826143  0.47057141170878547  0.02598866161021232  
19.34  0.03367506923082829  0.46974894036034087  0.47057056414835674  0.025988665437013884  
19.36  0.033675072964056973  0.4697497796759859  0.470569717341958  0.025988669191100544  
19.38  0.03367507662333971  0.4697506183850576  0.47056887128758956  0.025988672873679123  
19.400000000000002  0.033675080209598654  0.46975145648740335  0.4705680259832645  0.025988676485971755  
19.42  0.03367508372373895  0.4697522939828535  0.4705671814269962  0.025988680029220352  
19.44  0.03367508716665027  0.46975313087123616  0.4705663376168138  0.02598868350467926  
19.46  0.03367509053920587  0.46975396715236467  0.47056549455076213  0.025988686913616894  
19.48  0.03367509384226421  0.46975480282604815  0.4705646522269007  0.025988690257307583  
19.5  0.033675097076669394  0.4697556378920954  0.4705638106432988  0.025988693537034924  
19.52  0.03367510024325185  0.46975647235030155  0.4705629697980378  0.025988696754084127  
19.54  0.03367510334283032  0.46975730620045175  0.4705621296892199  0.025988699909743052  
19.56  0.03367510637621285  0.46975813944234596  0.4705612903149672  0.025988703005296807  
19.580000000000002  0.03367510934419768  0.4697589720757689  0.4705604516734063  0.02598870604202651  
19.6  0.03367511224757569  0.46975980410050416  0.4705596137626899  0.025988709021206712  
19.62  0.03367511508713122  0.4697606355163308  0.47055877658098577  0.025988711944104678  
19.64  0.03367511786364424  0.4697614663230303  0.47055794012647534  0.02598871481197484  
19.66  0.033675120577892015  0.46976229652038676  0.4705571043973635  0.025988717626060122  
19.68  0.033675123230650035  0.4697631261081744  0.4705562693918634  0.025988720387587705  
19.7  0.03367512582269488  0.4697639550861723  0.4705554351082155  0.025988723097769093  
19.72  0.033675128354804296  0.4697647834541545  0.4705546015446698  0.025988725757798523  
19.740000000000002  0.033675130827759976  0.4697656112118944  0.4705537686994906  0.02598872836885035  
19.76  0.033675133242348824  0.46976643835917264  0.4705529365709677  0.025988730932079915  
19.78  0.03367513559936391  0.46976726489575366  0.4705521051573998  0.02598873344862182  
19.8  0.033675137899605516  0.46976809082140725  0.47055127445710526  0.025988735919589633  
19.82  0.03367514014388357  0.46976891613590255  0.4705504444684183  0.02598873834607384  
19.84  0.03367514233301739  0.4697697408389973  0.4705496151896843  0.025988740729144144  
19.86  0.03367514446783765  0.469770564930455  0.47054878661926647  0.025988743069848497  
19.88  0.03367514654918633  0.4697713884100294  0.4705479587555447  0.025988745369211565  
19.900000000000002  0.03367514857791847  0.46977221127746926  0.47054713159690725  0.025988747628237024  
19.92  0.03367515055490202  0.46977303353252287  0.47054630514175705  0.02598874984790791  
19.94  0.033675152481018295  0.4697738551749287  0.47054547938851427  0.025988752029185234  
19.96  0.033675154357163097  0.4697746762044242  0.4705446543356071  0.02598875417301008  
19.98  0.03367515618424607  0.4697754966207352  0.47054382998148037  0.025988756280304524  
20.0  0.033675157963190705  0.46977631642358136  0.4705430063245792  0.0259887583519704  
