0.02  -0.03229419330276416  0.0013166781145928087
0.04  -0.0749040749127835  0.002235795075250171
0.06  -0.11249189780168573  0.0025448246838312713
0.08  -0.14592766070440338  0.0024442210852119893
0.1  -0.17572640523172617  0.0021195869621013063
0.12  -0.2022117175329949  0.0016843010586951254
0.14  -0.2256156054803018  0.0012104302843470196
0.16  -0.2461239546569607  0.0007371585510796974
0.18  -0.26390173974049447  0.00028621699548164996
0.2  -0.2791023639795832  -0.00012864962986861928
0.22  -0.2918680177770925  -0.000501633289075522
0.24  -0.30233252608451633  -0.0008336041439938532
0.26  -0.3106243486662817  -0.0011254969265814183
0.28  -0.31686694825964  -0.001378445972053893
0.3  -0.32118041832760524  -0.0015947001158399415
0.32  -0.32368079367716657  -0.001776289711752475
0.34  -0.3244800091716776  -0.0019240882343031678
0.36  -0.3236871081962158  -0.0020385812832325848
0.38  -0.32141003166171195  -0.0021204759776673973
0.4  -0.31775705493341977  -0.0021709297467057504
0.42  -0.3128374693810062  -0.002191573135719177
0.44  -0.3067619005773761  -0.002184413165560391
0.46  -0.2996424401619237  -0.002151671711278476
0.48  -0.29159228705846263  -0.0020956807728481327
0.5  -0.2827249936609304  -0.002018866980830194
0.52  -0.27315402833190716  -0.0019237490999146367
0.54  -0.26299216689933674  -0.0018129063025469345
0.56  -0.2523506816673085  -0.001688939798931976
0.58  -0.241338505781801  -0.0015544348440324923
0.6  -0.2300614075530925  -0.001411922917006518
0.62  -0.21862119443685993  -0.0012638477028607056
0.64  -0.2071149706987246  -0.0011125339856753466
0.66  -0.19563446588996564  -0.000960159296588035
0.68  -0.18426544484999405  -0.0008087298356905345
0.7000000000000001  -0.17308720652690793  -0.0006600613921632223
0.72  -0.16217217809985635  -0.0005157651439417798
0.74  -0.1515856073147241  -0.00037723934181303564
0.76  -0.14138534968407182  -0.0002456691059386396
0.78  -0.1316217459111433  -0.00012203595843350362
0.8  -0.12233758579191849  -7.136792305705074e-06
0.8200000000000001  -0.11356815563452001  9.838864476690147e-05
0.84  -0.10534137133452592  0.0001940220141496184
0.86  -0.09767801095514937  0.0002793307835098579
0.88  -0.09059205692310518  0.00035395960822981817
0.9  -0.08409107430743408  0.0004176729457209383
0.92  -0.07817647049000032  0.0004704281014796411
0.9400000000000001  -0.07284366973333524  0.0005124261914039201
0.96  -0.06808243021273049  0.0005441086929855454
0.98  -0.06387736657960731  0.000566096443256606
1.0  -0.06020855064486308  0.0005790972836745954
1.02  -0.057052089113338894  0.0005838295818427731
1.04  -0.05438068057367645  0.0005809798536998142
1.06  -0.05216420254971583  0.0005711635197669029
1.08  -0.050370419747949605  0.0005548216411346825
1.1  -0.04896598126577095  0.0005319600963612906
1.12  -0.047917636515536335  0.0005019367394434456
1.1400000000000001  -0.047192061759309165  0.0004646167974996869
1.16  -0.046753285405228835  0.00042238987778628995
1.18  -0.04656262542415723  0.0003785791734621446
1.2  -0.046581461848066816  0.0003341746576312727
1.22  -0.046772690918921195  0.00028865949858577296
1.24  -0.04710042672399816  0.00024364047999191302
1.26  -0.04753037402968601  0.0002005033911549724
1.28  -0.04803002529781812  0.00015965465170006087
1.3  -0.048568932649618375  0.00012110551964932565
1.32  -0.04911887861751231  8.47694015265143e-05
1.34  -0.04965399837266232  5.056228129350312e-05
1.36  -0.050150884471486835  1.8429001291829283e-05
1.3800000000000001  -0.05058867063707812  -1.1655011680941922e-05
1.4000000000000001  -0.05094908946617298  -3.968919766428856e-05
1.42  -0.051216501872952055  -6.565488864702424e-05
1.44  -0.051377897592154935  -8.95218824277465e-05
1.46  -0.0514228675368492  -0.00011125347828224867
1.48  -0.05134354938432631  -0.00013081021900104487
1.5  -0.051134548211111505  -0.00014815264663340288
1.52  -0.05079283576151923  -0.00016324021157810642
1.54  -0.05031763009433933  -0.00017602652393252857
1.56  -0.04971024475664351  -0.00018648524042704108
1.58  -0.048973927753124084  -0.0001946334798069947
1.6  -0.04811370297610902  -0.00020051554809308238
1.62  -0.04713619455004142  -0.00020419257343282646
1.6400000000000001  -0.04604944025107505  -0.00020574227540628965
1.6600000000000001  -0.0448627006854727  -0.00020525983207976014
1.68  -0.04358626641753924  -0.00020285810226245918
1.7  -0.042231264964817654  -0.00019866709210273297
1.72  -0.040809469531213595  -0.00019283277165969872
1.74  -0.0393331112763204  -0.00018551538106992488
1.76  -0.037814696889875474  -0.00017688736591042612
1.78  -0.03626683324904043  -0.00016713106243560584
1.8  -0.03470206081210529  -0.00015643625709885079
1.82  -0.0331326970718384  -0.00014499768786443252
1.84  -0.031570691313415736  -0.00013301265556046784
1.86  -0.030027491916328114  -0.00012067911381808369
1.8800000000000001  -0.028513927237315863  -0.00010819427141244645
1.9000000000000001  -0.02704010011584328  -9.575373335361334e-05
1.92  -0.025615296549677292  -8.355077583597475e-05
1.94  -0.024247909458285925  -7.17751363593968e-05
1.96  -0.02294537735607076  -6.0610999488076834e-05
1.98  -0.021714138064419748  -5.0234070171502907e-05
2.0  -0.020559597292486284  -4.080812006511195e-05
2.02  -0.019486111730871815  -3.248138256212772e-05
2.04  -0.01849698686410857  -2.538299490554679e-05
2.06  -0.01759449010787462  -1.9620431542743114e-05
2.08  -0.01677987620106733  -1.5279018125003655e-05
2.1  -0.016053421578269195  -1.2422616161458848e-05
2.12  -0.015414468951016207  -1.1094241900755353e-05
2.14  -0.014861481225941626  -1.1316223321267333e-05
2.16  -0.01439210342330727  -1.3090613014934385e-05
2.18  -0.014003231294481805  -1.6399996815532572e-05
2.2  -0.013691085406859232  -2.120841378014859e-05
2.22  -0.013451289591292728  -2.746249191685026e-05
2.24  -0.013278952452734838  -3.509265296096337e-05
2.2600000000000002  -0.013168750868401174  -4.401441485604713e-05
2.2800000000000002  -0.013115014382048127  -5.412981887421083e-05
2.3000000000000003  -0.01311180942294506  -6.53289643651572e-05
2.32  -0.013153022340413312  -7.74916309419995e-05
2.34  -0.0132324403123249  -9.048896637889531e-05
2.36  -0.013343829258835468  -0.00010418521985531079
2.38  -0.013481007971693774  -0.00011843950113101019
2.4  -0.013637917755148691  -0.00013310754389382
2.42  -0.013808686965761222  -0.00014804344611833004
2.44  -0.013987689933054107  -0.00016310135456729574
2.46  -0.014169599839107337  -0.00017813705979504547
2.48  -0.014349435230907535  -0.00019300947520449425
2.5  -0.014522599933494355  -0.000207581986586418
2.52  -0.014684916225470683  -0.00022172366882312623
2.54  -0.014832651231930314  -0.00023531037037795923
2.56  -0.014962536584290496  -0.00024822566510546574
2.58  -0.01507178148554271  -0.00026036167590193275
2.6  -0.015158079412944003  -0.0002716197924381864
2.62  -0.015219608779086707  -0.0002819113236383938
2.64  -0.015255027919338658  -0.00029115813175909855
2.66  -0.015263464828554233  -0.00029929332538314925
2.68  -0.015244502099552089  -0.0003062620997226856
2.7  -0.015198157484295566  -0.00031202279547631385
2.72  -0.015124860433474207  -0.0003165482158430048
2.74  -0.015025424880481598  -0.0003198271855442374
2.7600000000000002  -0.014901018454742995  -0.0003218662612268219
2.7800000000000002  -0.014753128290358252  -0.00032269142609858784
2.8000000000000003  -0.01458352368511054  -0.0003223495430486191
2.82  -0.014394216067922447  -0.0003209093152289906
2.84  -0.01418741699456867  -0.00031846151738318987
2.86  -0.013965495110975477  -0.0003151183114195732
2.88  -0.013730933103382723  -0.00031101153513686633
2.9  -0.013486285557148037  -0.0003062899415728112
2.92  -0.013234138426030221  -0.00030111545643394546
2.94  -0.01297707059959332  -0.00029565859621724053
2.96  -0.01271761791959634  -0.00029009325693847663
2.98  -0.012458239898679975  -0.0002845911618319691
3.0  -0.012201289344982718  -0.0002793162966788955
3.02  -0.011948985113240003  -0.0002744196339658252
3.04  -0.011703388252284182  -0.0002700343843317043
3.06  -0.011466381857501758  -0.0002662719473390207
3.08  -0.011239654919058383  -0.00026321868591009306
3.1  -0.011024690356754298  -0.0002609336244291908
3.12  -0.010822757259707817  -0.00025944715641547584
3.14  -0.010634907140893383  -0.0002587608253169815
3.16  -0.010461973823298332  -0.0002588481989221391
3.18  -0.01030457644211179  -0.0002596567936234565
3.2  -0.010163125001332807  -0.00026111093074355726
3.22  -0.010037827960580361  -0.0002631153403128504
3.24  -0.009928701422807312  -0.00026555928268092376
3.2600000000000002  -0.009835579610683973  -0.00026832094228093194
3.2800000000000002  -0.00975812642699282  -0.00027127185937026225
3.3000000000000003  -0.009695847973129447  -0.0002742811975299984
3.3200000000000003  -0.009648105943623437  -0.0002772196880825263
3.34  -0.009614131827413948  -0.0002799631389756706
3.36  -0.009593041837387895  -0.00028239543925559756
3.38  -0.00958385246795214  -0.00028441102739867647
3.4  -0.009585496554296528  -0.0002859168213039034
3.42  -0.009596839681972339  -0.0002868336294945543
3.44  -0.009616696774968342  -0.0002870970780832202
3.46  -0.00964384867621492  -0.00028665809747076856
3.48  -0.009677058526967992  -0.0002854830177478629
3.5  -0.0097150877505221  -0.00028355332365713774
3.52  -0.009756711450501356  -0.0002808651195423241
3.54  -0.00980073304380356  -0.0002774283528037029
3.56  -0.009845997962103423  -0.00027326584149824334
3.58  -0.009891406272910835  -0.00026841214823395825
3.6  -0.009935924090709194  -0.0002629123387941892
3.62  -0.009978593669963145  -0.0002568206601384324
3.64  -0.010018542094170479  -0.0002501991687177063
3.66  -0.010054988498067099  -0.00024311633649129846
3.68  -0.010087249783127897  -0.00023564565877773563
3.7  -0.010114744809202079  -0.0002278642849679282
3.72  -0.010136997067092757  -0.00021985169029753898
3.74  -0.010153635857838373  -0.00021168840425386885
3.7600000000000002  -0.010164396024114968  -0.00020345480875607496
3.7800000000000002  -0.010169116297276272  -0.00019523001701077876
3.8000000000000003  -0.010167736339946838  -0.00018709084188145577
3.8200000000000003  -0.010160292578641988  -0.00017911086071343727
3.84  -0.01014691293347403  -0.00017135958180594435
3.86  -0.010127810562627975  -0.00016390171610519385
3.88  -0.010103276747816296  -0.00015679655614391988
3.9  -0.010073673053366476  -0.00015009746284693512
3.92  -0.010039422895734031  -0.0001438514594231205
3.94  -0.010001002662189416  -0.00013809893033897385
3.96  -0.009958932517268888  -0.00013287342229892986
3.98  -0.009913767033588528  -0.0001282015431530038
4.0  -0.009866085780011653  -0.00012410295385272403
4.0200000000000005  -0.0098164839951115  -0.00012059044783290326
4.04  -0.00976556346740241  -0.00011767011151432387
4.0600000000000005  -0.009713923736033952  -0.00011534155912442236
4.08  -0.009662153716525151  -0.00011359823451411453
4.1  -0.009610823845931638  -0.0001124277723714215
4.12  -0.009560478830772335  -0.00011181241092131968
4.14  -0.009511631069320157  -0.00011172944806772775
4.16  -0.009464754807739527  -0.0001121517328848322
4.18  -0.009420281077134147  -0.00011304818442026924
4.2  -0.009378593446117838  -0.00011438432991648002
4.22  -0.00934002461108991  -0.00011612285484462523
4.24  -0.009304853834220212  -0.00011822415743312475
4.26  -0.009273305227358936  -0.00012064690081400631
4.28  -0.00924554686877984  -0.00012334855633089304
4.3  -0.009221690729079518  -0.000126285932069238
4.32  -0.009201793372648231  -0.00012941568122433673
4.34  -0.009185857392190879  -0.0001326947854689957
4.36  -0.009173833525675024  -0.0001360810091026562
4.38  -0.00916562339809357  -0.00013953332036480018
4.4  -0.009161082824431885  -0.00014301227690934211
4.42  -0.009160025605367621  -0.00014648037304644713
4.44  -0.00916222774345832  -0.00014990234694584964
4.46  -0.0091674320049413  -0.000153245446564851
4.48  -0.009175352750712667  -0.00015647965361892846
4.5  -0.009185680959632028  -0.00015957786540258346
4.5200000000000005  -0.009198089367857345  -0.00016251603476076298
4.54  -0.009212237649543722  -0.00016527326893786066
4.5600000000000005  -0.009227777566739526  -0.0001678318884542511
4.58  -0.00924435801971622  -0.00017017744750552177
4.6000000000000005  -0.00926162993314591  -0.00017229871772936426
4.62  -0.009279250918391928  -0.00017418763746702824
4.64  -0.009296889657658122  -0.0001758392289087881
4.66  -0.00931422996169563  -0.00017725148573045408
4.68  -0.009330974459134892  -0.00017842523400048713
4.7  -0.009346847882193646  -0.00017936396928457587
4.72  -0.009361599920377184  -0.00018007367297403804
4.74  -0.009375007620765232  -0.00018056261092329036
4.76  -0.009386877320463408  -0.00018084111751469345
4.78  -0.009397046103687051  -0.00018092136824634462
4.8  -0.009405382782671532  -0.0001808171439279492
4.82  -0.009411788408042014  -0.0001805435894629339
4.84  -0.009416196320398803  -0.00018011697012461754
4.86  -0.009418571760613819  -0.00017955442812436686
4.88  -0.009418911061547026  -0.00017887374209910875
4.9  -0.00941724044865425  -0.0001780930920106641
4.92  -0.009413614481126115  -0.00017723083178737347
4.94  -0.009408114168771783  -0.00017630527184384087
4.96  -0.009400844802829635  -0.00017533447341668208
4.98  -0.009391933541233152  -0.00017433605646904182
5.0  -0.009381526790572463  -0.00017332702264618205
5.0200000000000005  -0.009369787428083165  -0.00017232359451850392
5.04  -0.009356891907512228  -0.0001713410720232708
5.0600000000000005  -0.00934302729262423  -0.00017039370668099114
5.08  -0.009328388261478056  -0.00016949459381207423
5.1000000000000005  -0.009313174123401269  -0.00016865558265332395
5.12  -0.009297585888786198  -0.00016788720410024487
5.14  -0.009281823429534358  -0.00016719861569391222
5.16  -0.009266082765122053  -0.0001665975635530721
5.18  -0.00925055350603371  -0.00016609036098577489
5.2  -0.009235416482797737  -0.00016568188358071498
5.22  -0.009220841585131354  -0.00016537558049947536
5.24  -0.009206985831921631  -0.000165173501485034
5.26  -0.009193991688861178  -0.00016507633888627305
5.28  -0.009181985646675895  -0.00016508348370953207
5.3  -0.009171077068965786  -0.00016519309448377812
5.32  -0.009161357314778747  -0.00016540217757150588
5.34  -0.009152899137207215  -0.00016570667742183738
5.36  -0.009145756355592543  -0.00016610157521541804
5.38  -0.009139963795338393  -0.00016658099432676464
5.4  -0.009135537485977993  -0.0001671383110322103
5.42  -0.009132475105037185  -0.00016776626892480795
5.44  -0.009130756652400783  -0.00016845709553371397
5.46  -0.009130345337376661  -0.00016920261972666058
5.48  -0.009131188658478201  -0.00016999438849853838
5.5  -0.00913321965412983  -0.00017082378185877018
5.5200000000000005  -0.00913635830104471  -0.00017168212458659602
5.54  -0.009140513035926938  -0.00017256079371964577
5.5600000000000005  -0.009145582375466851  -0.00017345132071092584
5.58  -0.00915145660922272  -0.00017434548730841965
5.6000000000000005  -0.009158019540011603  -0.0001752354142929077
5.62  -0.00916515024676606  -0.00017611364232976792
5.64  -0.009172724845494779  -0.00017697320431421103
5.66  -0.009180618224931101  -0.0001778076886767062
5.68  -0.009188705734725182  -0.00017861129328040925
5.7  -0.009196864805500235  -0.0001793788696192804
5.72  -0.009204976481810002  -0.00018010595719145924
5.74  -0.00921292685093121  -0.00018078880800581544
5.76  -0.009220608352456139  -0.0001814244013174095
5.78  -0.009227920955840723  -0.00018201044878322887
5.8  -0.009234773195281695  -0.00018254539036603056
5.82  -0.009241083053648942  -0.00018302838136593185
5.84  -0.009246778689468554  -0.00018345927109990638
5.86  -0.009251799003312675  -0.0001838385737924391
5.88  -0.009256094042196742  -0.00018416743235272654
5.9  -0.009259625242788111  -0.00018444757572912439
5.92  -0.00926236551634196  -0.00018468127063689247
5.94  -0.009264299180251217  -0.0001848712684577123
5.96  -0.009265421742932085  -0.00018502074816280118
5.98  -0.009265739550463776  -0.0001851332561203228
6.0  -0.009265269304868127  -0.0001852126436662384
6.0200000000000005  -0.00926403746525186  -0.00018526300330579755
6.04  -0.00926207954412067  -0.00018528860440757757
6.0600000000000005  -0.009259439312095968  -0.00018529382922889714
6.08  -0.009256167924936505  -0.00018528311007454898
6.1000000000000005  -0.009252322987256319  -0.00018526086835247627
6.12  -0.00924796756760681  -0.00018523145624178535
6.140000000000001  -0.009243169179646871  -0.00018519910163064334
6.16  -0.009237998744001084  -0.00018516785690593626
6.18  -0.009232529545086096  -0.00018514155214423273
6.2  -0.009226836196694378  -0.00018512375311372067
6.22  -0.009220993629466566  -0.0001851177244989032
6.24  -0.009215076112586675  -0.0001851263986100789
6.26  -0.009209156321091825  -0.0001851523498011453
6.28  -0.009203304459156  -0.0001851977747216081
6.3  -0.00919758744856142  -0.0001852644784495161
6.32  -0.009192068190353793  -0.00018535386647462368
6.34  -0.009186804906416692  -0.00018546694242738062
6.36  -0.009181850566384816  -0.00018560431137443824
6.38  -0.00917725240399905  -0.0001857661884279902
6.4  -0.009173051525661835  -0.0001859524123711456
6.42  -0.009169282612671553  -0.000186162463918045
6.44  -0.009165973717313265  -0.0001863954882049951
6.46  -0.009163146151770447  -0.00018665032105269106
6.48  -0.009160814467654037  -0.00018692551849054792
6.5  -0.009158986522868949  -0.00018721938903446949
6.5200000000000005  -0.009157663631519274  -0.0001875300281775454
6.54  -0.00915684079167216  -0.0001878553545266029
6.5600000000000005  -0.009156506984974782  -0.00018819314703030473
6.58  -0.009156645541470103  -0.00018854108275356357
6.6000000000000005  -0.009157234562327077  -0.00018889677463977103
6.62  -0.009158247392805718  -0.00018925780875370384
6.640000000000001  -0.009159653137400485  -0.0001896217804831497
6.66  -0.009161417208885851  -0.000189986329248115
6.68  -0.009163501902920656  -0.000190349171279187
6.7  -0.009165866989831517  -0.00019070813006471908
6.72  -0.009168470315345928  -0.0001910611641350026
6.74  -0.009171268402245952  -0.0001914063918792789
6.76  -0.009174217045244536  -0.00019174211314845969
6.78  -0.009177271891761797  -0.00019206682745773212
6.8  -0.009180389001786143  -0.00019237924865414595
6.82  -0.009183525380524058  -0.00019267831595418388
6.84  -0.009186639478173445  -0.00019296320134878513
6.86  -0.009189691651783051  -0.00019323331336924495
6.88  -0.009192644584874132  -0.00019348829732139343
6.9  -0.009195463661200203  -0.0001937280320882485
6.92  -0.009198117289773433  -0.00019395262367820197
6.94  -0.009200577179003615  -0.00019416239571933252
6.96  -0.00920281855855944  -0.00019435787715247471
6.98  -0.009204820348255406  -0.00019453978737506833
7.0  -0.009206565273997703  -0.00019470901915589084
7.0200000000000005  -0.009208039931471169  -0.0001948666196246094
7.04  -0.00920923479889365  -0.0001950137696729636
7.0600000000000005  -0.009210144200752338  -0.00019515176211217406
7.08  -0.00921076622496748  -0.0001952819789438839
7.1000000000000005  -0.00921110259642994  -0.00019540586809141733
7.12  -0.009211158510268958  -0.00019552491994351013
7.140000000000001  -0.009210942428589825  -0.00019564064405076608
7.16  -0.009210465844717523  -0.00019575454630591893
7.18  -0.009209743019218751  -0.00019586810692123356
7.2  -0.009208790692167528  -0.00019598275949439422
7.22  -0.009207627776219246  -0.00019609987143873393
7.24  -0.009206275035116937  -0.00019622072600460365
7.26  -0.009204754752245525  -0.00019634650611572552
7.28  -0.009203090393774808  -0.0001964782801932334
7.3  -0.009201306270828949  -0.00019661699010987396
7.32  -0.009199427204927092  -0.00019676344137902157
7.34  -0.009197478200737807  -0.00019691829566275922
7.36  -0.009195484129927708  -0.00019708206561046217
7.38  -0.009193469429570052  -0.00019725511204492566
7.4  -0.009191457818288857  -0.00019743764345161167
7.42  -0.009189472032914073  -0.00019762971769947125
7.44  -0.009187533588090206  -0.00019783124590012934
7.46  -0.009185662560866576  -0.00019804199827161986
7.48  -0.009183877401911582  -0.00019826161185293358
7.5  -0.009182194774589654  -0.00019848959990132836
7.5200000000000005  -0.009180629422749984  -0.00019872536278209578
7.54  -0.009179194067663609  -0.00019896820013555537
7.5600000000000005  -0.009177899334196837  -0.00019921732411400236
7.58  -0.0091767537059091  -0.00019947187347148546
7.6000000000000005  -0.009175763508443093  -0.00019973092825975114
7.62  -0.009174932920238979  -0.0001999935249289724
7.640000000000001  -0.00917426400931277  -0.00020025867157886623
7.66  -0.009173756794554724  -0.00020052536315627026
7.68  -0.009173409329783545  -0.00020079259637888707
7.7  -0.009173217808564229  -0.00020105938417597192
7.72  -0.009173176687636696  -0.00020132476945768438
7.74  -0.00917327882665259  -0.0002015878380297191
7.76  -0.009173515641818892  -0.00020184773049731927
7.78  -0.009173877270962472  -0.00020210365301010739
7.8  -0.009174352747505695  -0.00020235488674307867
7.82  -0.009174930180835417  -0.00020260079599084918
7.84  -0.009175596940564378  -0.00020284083482657427
7.86  -0.009176339842247753  -0.00020307455225231807
7.88  -0.0091771453322058  -0.00020330159583167732
7.9  -0.009177999669202628  -0.00020352171378774616
7.92  -0.009178889100874926  -0.00020373475559465993
7.94  -0.009179800032944267  -0.00020394067109046863
7.96  -0.009180719189436286  -0.00020413950818114614
7.98  -0.00918163376229101  -0.00020433140921715222
8.0  -0.009182531548968541  -0.00020451660612167663
8.02  -0.00918340107685748  -0.00020469541439904374
8.040000000000001  -0.009184231713484241  -0.00020486822613365372
8.06  -0.009185013761771152  -0.00020503550211543544
8.08  -0.009185738539778294  -0.00020519776323885093
8.1  -0.009186398444597569  -0.00020535558131348796
8.120000000000001  -0.009186987000270729  -0.00020550956944649846
8.14  -0.009187498889797197  -0.00020566037213612962
8.16  -0.009187929971506482  -0.00020580865524772482
8.18  -0.009188277280236226  -0.00020595509600253742
8.2  -0.009188539013940658  -0.00020610037312700967
8.22  -0.009188714506490996  -0.00020624515730980887
8.24  -0.009188804187592617  -0.00020639010208143145
8.26  -0.009188809530823714  -0.0002065358352369653
8.28  -0.009188732990962862  -0.00020668295091135462
8.3  -0.009188577931799585  -0.00020683200239872862
8.32  -0.009188348545724687  -0.00020698349578779742
8.34  -0.009188049766440934  -0.0002071378844826375
8.36  -0.009187687176146014  -0.00020729556466077476
8.38  -0.009187266908580499  -0.00020745687168686615
8.4  -0.00918679554930656  -0.0002076220775146418
8.42  -0.00918628003456274  -0.00020779138907757824
8.44  -0.009185727550019894  -0.00020796494764946047
8.46  -0.009185145430689403  -0.00020814282915042722
8.48  -0.009184541063180722  -0.00020832504537253557
8.5  -0.009183921791432091  -0.00020851154605815457
8.52  -0.009183294826933804  -0.00020870222178304962
8.540000000000001  -0.009182667164381302  -0.00020889690756364368
8.56  -0.009182045503581256  -0.00020909538712363503
8.58  -0.00918143617833069  -0.0002092973977171782
8.6  -0.009180845092855211  -0.0002095026354394949
8.620000000000001  -0.00918027766630476  -0.00020971076091464834
8.64  -0.009179738785648959  -0.00020992140526809638
8.66  -0.009179232767229085  -0.0002101341763000708
8.68  -0.009178763327077243  -0.00021034866474713002
8.700000000000001  -0.009178333560023549  -0.0002105644505477102
8.72  -0.009177945927479052  -0.00021078110902394894
8.74  -0.009177602253697889  -0.0002109982168894362
8.76  -0.009177303730213384  -0.00021121535800571552
8.78  -0.009177050928048637  -0.0002114321288128829
8.8  -0.00917684381723961  -0.0002116481433818591
8.82  -0.009176681793111374  -0.00021186303800525217
8.84  -0.009176563708706086  -0.0002120764753129084
8.86  -0.009176487912698362  -0.0002122881478391561
8.88  -0.009176452292090704  -0.00021249778104332617
8.9  -0.009176454318959571  -0.0002127051357346897
8.92  -0.009176491100486673  -0.00021291000991671222
8.94  -0.009176559431512597  -0.00021311224002462534
8.96  -0.009176655848842499  -0.00021331170158797683
8.98  -0.009176776686548007  -0.00021350830930827203
9.0  -0.009176918131509611  -0.00021370201659398727
9.02  -0.009177076278502113  -0.00021389281457546576
9.040000000000001  -0.00917724718412554  -0.00021408073062899286
9.06  -0.009177426918956936  -0.00021426582646825743
9.08  -0.009177611617319607  -0.00021444819582673
9.1  -0.009177797524142276  -0.00021462796181074482
9.120000000000001  -0.009177981038424658  -0.00021480527394392114
9.14  -0.009178158752892952  -0.00021498030498312912
9.16  -0.009178327489501328  -0.0002151532475496876
9.18  -0.009178484330484824  -0.0002153243106333793
9.200000000000001  -0.009178626644753097  -0.00021549371602905563
9.22  -0.009178752109482265  -0.0002156616947530733
9.24  -0.009178858726814837  -0.00021582848350562827
9.26  -0.009178944835659876  -0.00021599432120446814
9.28  -0.009179009118639968  -0.00021615944565679267
9.3  -0.009179050604296045  -0.00021632409040711663
9.32  -0.009179068664709305  -0.00021648848178610844
9.34  -0.009179063008769292  -0.00021665283620537893
9.36  -0.009179033671344618  -0.00021681735772206254
9.38  -0.009178980998670937  -0.00021698223589282443
9.4  -0.009178905630289485  -0.00021714764393368778
9.42  -0.009178808477928587  -0.00021731373720579284
9.44  -0.009178690701711909  -0.00021748065202102147
9.46  -0.009178553684121397  -0.00021764850476982167
9.48  -0.00917839900214808  -0.0002178173913839947
9.5  -0.009178228398056463  -0.00021798738710561227
9.52  -0.009178043749214711  -0.00021815854655338993
9.540000000000001  -0.009177847037420604  -0.00021833090408480754
9.56  -0.009177640318134945  -0.0002185044744180623
9.58  -0.009177425690048688  -0.0002186792534961885
9.6  -0.009177205265353053  -0.00021885521957047173
9.620000000000001  -0.009176981141089587  -0.00021903233447363181
9.64  -0.00917675537189978  -0.00021921054505417748
9.66  -0.00917652994449086  -0.0002193897847374306
9.68  -0.00917630675407153  -0.000219569975200013
9.700000000000001  -0.00917608758300761  -0.00021975102810100483
9.72  -0.009175874081867421  -0.0002199328468640472
9.74  -0.009175667753034692  -0.00022011532846918653
9.76  -0.00917546993698563  -0.0002202983652229097
9.78  -0.009175281801305658  -0.00022048184648700204
9.8  -0.009175104332483891  -0.0002206656603338843
9.82  -0.00917493833047004  -0.000220849695096834
9.84  -0.009174784405954902  -0.00022103384080575465
9.86  -0.009174642980284562  -0.00022121799046796536
9.88  -0.009174514287901342  -0.00022140204119502172
9.9  -0.009174398381159238  -0.00022158589515022798
9.92  -0.009174295137338691  -0.00022176946030903392
9.94  -0.009174204267671798  -0.0002219526510421342
9.96  -0.009174125328149114  -0.00022213538851499252
9.98  -0.009174057731899015  -0.00022231760094013872
10.0  -0.009174000762898355  -0.00022249922369745192
10.02  -0.009173953590778994  -0.0002226801993577696
10.040000000000001  -0.009173915286502334  -0.00022286047766509472
10.06  -0.009173884838679258  -0.00022304001548790602
10.08  -0.009173861170307364  -0.0002232187767976355
10.1  -0.009173843155720075  -0.0002233967326601737
10.120000000000001  -0.009173829637543585  -0.00022357386127295017
10.14  -0.009173819443457656  -0.00022375014801439202
10.16  -0.009173811402574839  -0.00022392558548382975
10.18  -0.009173804361245777  -0.00022410017352243066
10.200000000000001  -0.009173797198110222  -0.00022427391916143646
10.22  -0.009173788838226143  -0.00022444683649188818
10.24  -0.009173778266105041  -0.0002246189464287291
10.26  -0.009173764537524998  -0.0002247902763615285
10.28  -0.009173746789980147  -0.00022496085968921935
10.3  -0.009173724251665821  -0.0002251307352473659
10.32  -0.009173696248922475  -0.00022529994663009347
10.34  -0.009173662212078226  -0.00022546854143059978
10.36  -0.00917362167965225  -0.00022563657041949737
10.38  -0.009173574300918459  -0.00022580408667019735
10.4  -0.009173519836839974  -0.00022597114466905202
10.42  -0.009173458159418842  -0.00022613779941283238
10.44  -0.00917338924951049  -0.00022630410553421676
10.46  -0.009173313193191254  -0.00022647011645143844
10.48  -0.009173230176779859  -0.00022663588357841376
10.5  -0.009173140480611396  -0.0002268014555984472
10.52  -0.00917304447171582  -0.00022696687781397108
10.540000000000001  -0.00917294259552278  -0.00022713219159001328
10.56  -0.009172835366754705  -0.00022729743389084312
10.58  -0.009172723359659499  -0.00022746263691972155
10.6  -0.0091726071977483  -0.00022762782786041232
10.620000000000001  -0.009172487543197334  -0.00022779302873181522
10.64  -0.009172365086082433  -0.0002279582563340151
10.66  -0.009172240533603387  -0.00022812352230537115
10.68  -0.009172114599447435  -0.00022828883326692025
10.700000000000001  -0.00917198799344966  -0.00022845419106170157
10.72  -0.009171861411674042  -0.00022861959306141747
10.74  -0.009171735527051684  -0.0002287850325582988
10.76  -0.009171610980686197  -0.00022895049920262776
10.78  -0.009171488373924149  -0.00022911597949392895
10.8  -0.009171368261273707  -0.00022928145730524078
10.82  -0.009171251144253125  -0.0002294469144336645
10.84  -0.009171137466201676  -0.00022961233115719847
10.86  -0.009171027608110043  -0.00022977768680223815
10.88  -0.009170921885478904  -0.0002299429602851047
10.9  -0.009170820546216943  -0.00023010813064220536
10.92  -0.009170723769573678  -0.00023027317752723355
10.94  -0.009170631666068164  -0.00023043808166133185
10.96  -0.009170544278395325  -0.00023060282524410818
10.98  -0.009170461583244305  -0.0002307673923111205
11.0  -0.00917038349398041  -0.0002309317690257745
11.02  -0.009170309864112172  -0.00023109594391544804
11.040000000000001  -0.009170240491466019  -0.00023125990804761024
11.06  -0.009170175122990105  -0.00023142365513640245
11.08  -0.009170113460080032  -0.00023158718159009344
11.1  -0.009170055164353505  -0.0002317504864996985
11.120000000000001  -0.009169999863752196  -0.0002319135715742203
11.14  -0.009169947158893648  -0.00023207644101196306
11.16  -0.009169896629556123  -0.00023223910134106415
11.18  -0.009169847841219023  -0.0002324015612092512
11.200000000000001  -0.009169800351556612  -0.0002325638311382507
11.22  -0.009169753716787798  -0.00023272592326062364
11.24  -0.009169707497820739  -0.00023288785102580146
11.26  -0.00916966126609705  -0.00023304962889440805
11.28  -0.0091696146090787  -0.000233211272027102
11.3  -0.009169567135308124  -0.00023337279597376273
11.32  -0.009169518478993046  -0.000233534216356091
11.34  -0.009169468304072394  -0.0002336955485767158
11.36  -0.009169416307725997  -0.000233856807527789
11.38  -0.009169362223294378  -0.0002340180073260829
11.4  -0.00916930582260618  -0.00023417916106656172
11.42  -0.009169246917686863  -0.00023434028060294576
11.44  -0.009169185361857873  -0.00023450137636004748
11.46  -0.00916912105023009  -0.00023466245717311535
11.48  -0.009169053919607859  -0.0002348235301607025
11.5  -0.0091689839478319  -0.0002349846006324872
11.52  -0.009168911152580665  -0.00023514567203497804
11.540000000000001  -0.009168835589682525  -0.00023530674592392404
11.56  -0.009168757350965218  -0.00023546782197398606
11.58  -0.009168676561701027  -0.0002356288980216324
11.6  -0.00916859337769339  -0.00023578997013776003
11.620000000000001  -0.009168507982060191  -0.00023595103272796073
11.64  -0.009168420581769303  -0.00023611207865232848
11.66  -0.00916833140397898  -0.00023627309937399553
11.68  -0.009168240692247837  -0.0002364340851203005
11.700000000000001  -0.009168148702667115  -0.00023659502506451398
11.72  -0.009168055699966648  -0.00023675590751154178
11.74  -0.009167961953656132  -0.00023691672009696095
11.76  -0.009167867734247343  -0.0002370774499841942
11.78  -0.009167773309607016  -0.00023723808406765564
11.8  -0.009167678941482058  -0.00023739860917208896
11.82  -0.009167584882240195  -0.00023755901223907307
11.84  -0.009167491371859144  -0.00023771928051514264
11.86  -0.009167398635194156  -0.00023787940172012687
11.88  -0.009167306879557132  -0.0002380393642098151
11.9  -0.009167216292612334  -0.00023819915711398987
11.92  -0.009167127040622971  -0.000238358770467259
11.94  -0.00916703926704196  -0.00023851819531604866
11.96  -0.009166953091464999  -0.0002386774238053436
11.98  -0.009166868608937326  -0.00023883644925267307
12.0  -0.00916678588961014  -0.00023899526619913195
12.02  -0.009166704978745591  -0.00023915387043539946
12.040000000000001  -0.009166625897046126  -0.00023931225901874546
12.06  -0.00916654864129592  -0.0002394704302644702
12.08  -0.009166473185297293  -0.00023962838371895258
12.1  -0.009166399481069312  -0.00023978612012335421
12.120000000000001  -0.009166327460292223  -0.000239943641350211
12.14  -0.009166257035957505  -0.00024010095034166114
12.16  -0.009166188104208463  -0.0002402580510227415
12.18  -0.009166120546325578  -0.00024041494820865357
12.200000000000001  -0.009166054230834096  -0.0002405716475005404
12.22  -0.00916598901569217  -0.00024072815518232495
12.24  -0.009165924750542495  -0.00024088447810316694
12.26  -0.009165861278976678  -0.00024104062355876006
12.280000000000001  -0.009165798440798806  -0.00024119659917392776
12.3  -0.009165736074246292  -0.00024135241278350395
12.32  -0.009165674018150147  -0.00024150807231289176
12.34  -0.009165612114002105  -0.00024166358566543545
12.36  -0.009165550207907325  -0.00024181896061130018
12.38  -0.009165488152401698  -0.00024197420468504116
12.4  -0.00916542580811923  -0.00024212932508790077
12.42  -0.009165363045287173  -0.00024228432859618834
12.44  -0.009165299745037929  -0.00024243922148671943
12.46  -0.009165235800536919  -0.00024259400946403958
12.48  -0.009165171117898909  -0.00024274869759795834
12.5  -0.009165105616919144  -0.0002429032902775341
12.52  -0.009165039231581344  -0.00024305779117021558
12.540000000000001  -0.009164971910378274  -0.00024321220319409824
12.56  -0.009164903616425215  -0.0002433665285012345
12.58  -0.009164834327384356  -0.00024352076847443567
12.6  -0.009164764035203617  -0.00024367492372364167
12.620000000000001  -0.009164692745687701  -0.00024382899410426264
12.64  -0.009164620477899343  -0.00024398297873795647
12.66  -0.009164547263421564  -0.00024413687604610485
12.68  -0.009164473145486136  -0.0002442906837852599
12.700000000000001  -0.009164398177986314  -0.0002444443990923504
12.72  -0.009164322424392815  -0.000244598018541187
12.74  -0.00916424595658986  -0.00024475153819268484
12.76  -0.009164168853647268  -0.00024490495366252726
12.780000000000001  -0.009164091200554909  -0.00024505826017759744
12.8  -0.009164013086920934  -0.00024521145264835934
12.82  -0.009163934605675411  -0.0002453645257352662
12.84  -0.009163855851765778  -0.00024551747391473753
12.86  -0.009163776920893981  -0.00024567029154798115
12.88  -0.009163697908282923  -0.00024582297294797287
12.9  -0.009163618907499262  -0.0002459755124423745
12.92  -0.00916354000934422  -0.0002461279044379893
12.94  -0.009163461300822403  -0.00024628014347396365
12.96  -0.009163382864197774  -0.00024643222428144627
12.98  -0.009163304776146854  -0.00024658414183087435
13.0  -0.009163227107013915  -0.00024673589137525094
13.02  -0.00916314992017627  -0.00024688746849424383
13.040000000000001  -0.009163073271522715  -0.00024703886912739667
13.06  -0.009162997209041717  -0.0002471900896007593
13.08  -0.009162921772530301  -0.0002473411266533251
13.1  -0.009162846993412029  -0.0002474919774529002
13.120000000000001  -0.009162772894670027  -0.0002476426396081678
13.14  -0.009162699490885705  -0.00024779311117794793
13.16  -0.00916262678838142  -0.00024794339066635195
13.18  -0.00916255478546036  -0.00024809347702601126
13.200000000000001  -0.009162483472734597  -0.00024824336964522815
13.22  -0.00916241283353987  -0.0002483930683346012
13.24  -0.009162342844420683  -0.00024854257330829454
13.26  -0.009162273475681444  -0.000248691885166748
13.280000000000001  -0.00916220469199157  -0.00024884100486951855
13.3  -0.009162136453039173  -0.00024898993370445877
13.32  -0.009162068714216574  -0.0002491386732628597
13.34  -0.009162001427336523  -0.0002492872254023265
13.36  -0.00916193454135571  -0.00024943559221478047
13.38  -0.009161868003113638  -0.0002495837759926076
13.4  -0.009161801758061076  -0.00024973177918886225
13.42  -0.009161735750980993  -0.00024987960438511975
13.44  -0.00916166992668447  -0.00025002725425221504
13.46  -0.009161604230681537  -0.00025017473151664097
13.48  -0.009161538609812985  -0.0002503220389254847
13.5  -0.009161473012844038  -0.0002504691792133117
13.52  -0.009161407391007521  -0.00025061615507319246
13.540000000000001  -0.009161341698495595  -0.00025076296912221837
13.56  -0.009161275892892819  -0.00025090962387931936
13.58  -0.00916120993555527  -0.0002510561217391176
13.6  -0.009161143791924127  -0.00025120246495181144
13.620000000000001  -0.009161077431773707  -0.00025134865560124965
13.64  -0.009161010829402535  -0.00025149469559387064
13.66  -0.00916094396375714  -0.0002516405866410071
13.68  -0.009160876818492213  -0.00025178633025494773
13.700000000000001  -0.009160809381977539  -0.00025193192773890794
13.72  -0.009160741647236993  -0.0002520773801880488
13.74  -0.009160673611843485  -0.0002522226884860998
13.76  -0.009160605277753479  -0.000252367853310549
13.780000000000001  -0.009160536651100016  -0.0002525128751413555
13.8  -0.009160467741942624  -0.0002526577542641119
13.82  -0.009160398563975014  -0.0002528024907874647
13.84  -0.009160329134206504  -0.00025294708465618587
13.86  -0.0091602594726146  -0.00025309153566487427
13.88  -0.009160189601768615  -0.00025323584347874625
13.9  -0.009160119546448721  -0.00025338000764905635
13.92  -0.009160049333245601  -0.00025352402763713806
13.94  -0.009159978990153675  -0.00025366790283796905
13.96  -0.00915990854617273  -0.0002538116325978618
13.98  -0.009159838030905094  -0.0002539552162399232
14.0  -0.009159767474163784  -0.00025409865308329216
14.02  -0.009159696905598709  -0.00025424194247240746
14.040000000000001  -0.009159626354335728  -0.000254385083794265
14.06  -0.009159555848641353  -0.00025452807649554787
14.08  -0.00915948541560809  -0.0002546709201099891
14.1  -0.009159415080870094  -0.00025481361427147955
14.120000000000001  -0.009159344868349706  -0.00025495615873190184
14.14  -0.009159274800031668  -0.0002550985533769592
14.16  -0.009159204895773276  -0.00025524079823659927
14.18  -0.009159135173153388  -0.0002553828934979386
14.200000000000001  -0.0091590656473448  -0.0002555248395115608
14.22  -0.009158996331035093  -0.0002556666367964084
14.24  -0.009158927234370617  -0.0002558082860454663
14.26  -0.009158858364942322  -0.0002559497881256767
14.280000000000001  -0.00915878972779973  -0.00025609114407705894
14.3  -0.009158721325496829  -0.00025623235510366024
14.32  -0.009158653158167208  -0.00025637342257314104
14.34  -0.009158585223629105  -0.00025651434800602054
14.36  -0.009158517517511018  -0.0002566551330636457
14.38  -0.009158450033401641  -0.00025679577953548915
14.4  -0.009158382763019102  -0.00025693628932586755
14.42  -0.009158315696397964  -0.0002570766644361044
14.44  -0.009158248822085664  -0.0002572169069489992
14.46  -0.009158182127353125  -0.00025735701900973004
14.48  -0.009158115598415742  -0.0002574970028055772
14.5  -0.009158049220648858  -0.000257636860546723
14.52  -0.009157982978815916  -0.0002577765944486217
14.540000000000001  -0.00915791685728851  -0.00025791620670692525
14.56  -0.00915785084026326  -0.00025805569948182807
14.58  -0.009157784911975471  -0.000258195074880009
14.6  -0.009157719056899988  -0.0002583343349306375
14.620000000000001  -0.00915765325994396  -0.0002584734815733727
14.64  -0.009157587506620317  -0.00025861251664255184
14.66  -0.00915752178321836  -0.0002587514418480517
14.68  -0.009157456076945503  -0.0002588902587659243
14.700000000000001  -0.00915739037605882  -0.0002590289688281777
14.72  -0.00915732466997405  -0.00025916757331101046
14.74  -0.0091572589493642  -0.0002593060733275224
14.76  -0.009157193206223333  -0.00025944446982695485
14.780000000000001  -0.009157127433927329  -0.00025958276358861525
14.8  -0.00915706162726563  -0.0002597209552194225
14.82  -0.00915699578245471  -0.00025985904516216815
14.84  -0.009156929897137064  -0.00025999703368949985
14.86  -0.00915686397035884  -0.00026013492091749024
14.88  -0.00915679800253307  -0.0002602727068085381
14.9  -0.009156731995385206  -0.0002604103911806797
14.92  -0.009156665951887074  -0.00026054797372068397
14.94  -0.009156599876177264  -0.0002606854539916268
14.96  -0.00915653377346746  -0.00026082283144835983
14.98  -0.009156467649943158  -0.00026096010544872654
15.0  -0.009156401512650066  -0.00026109727526954344
15.02  -0.00915633536938273  -0.00026123434011990343
15.040000000000001  -0.009156269228554777  -0.00026137129915188484
15.06  -0.009156203099078481  -0.0002615081514805428
15.08  -0.009156136990232166  -0.00026164489619324695
15.1  -0.009156070911530704  -0.00026178153236230495
15.120000000000001  -0.009156004872596261  -0.0002619180590582995
15.14  -0.009155938883028764  -0.00026205447536363686
15.16  -0.009155872952282818  -0.0002621907803840619
15.18  -0.009155807089545793  -0.0002623269732583576
15.200000000000001  -0.009155741303626876  -0.00026246305317657436
15.22  -0.009155675602853762  -0.00026259901939235786
15.24  -0.009155609994978246  -0.0002627348712330431
15.26  -0.009155544487093777  -0.00026287060811620605
15.280000000000001  -0.009155479085567252  -0.0002630062295661656
15.3  -0.009155413795984585  -0.00026314173522570675
15.32  -0.009155348623105138  -0.0002632771248683843
15.34  -0.00915528357084111  -0.0002634123984065255
15.36  -0.009155218642239692  -0.0002635475559003697
15.38  -0.009155153839486497  -0.0002636825975591614
15.4  -0.009155089163916493  -0.000263817523740353
15.42  -0.009155024616039148  -0.00026395233494285977
15.44  -0.009154960195573837  -0.0002640870317964575
15.46  -0.00915489590149168  -0.0002642216150472848
15.48  -0.009154831732068852  -0.00026435608553964144
15.5  -0.009154767684942156  -0.00026449044419707066
15.52  -0.009154703757175187  -0.0002646246919937346
15.540000000000001  -0.009154639945322205  -0.0002647588299352617
15.56  -0.009154576245501964  -0.00026489285902592485
15.58  -0.00915451265346705  -0.00026502678025141623
15.6  -0.00915444916467862  -0.00026516059454686266
15.620000000000001  -0.009154385774381432  -0.0002652943027761293
15.64  -0.009154322477672288  -0.000265427905708641
15.66  -0.00915425926957423  -0.0002655614040009507
15.68  -0.009154196145101184  -0.00026569479817908985
15.700000000000001  -0.009154133099324927  -0.000265828088623142
15.72  -0.009154070127436591  -0.0002659612755595165
15.74  -0.009154007224798599  -0.0002660943590488115
15.76  -0.00915394438699952  -0.00026622733898530273
15.780000000000001  -0.00915388160989729  -0.00026636021509047054
15.8  -0.009153818889660692  -0.0002664929869213623
15.82  -0.009153756222800277  -0.0002666256538711539
15.84  -0.009153693606197704  -0.000266758215176983
15.860000000000001  -0.00915363103712666  -0.0002668906699317918
15.88  -0.00915356851326778  -0.00026702301709750497
15.9  -0.009153506032714281  -0.00026715525551749143
15.92  -0.009153443593978237  -0.000267287383936074
15.94  -0.009153381195984679  -0.0002674194010158675
15.96  -0.009153318838064767  -0.0002675513053574038
15.98  -0.00915325651993808  -0.00026768309552015744
16.0  -0.009153194241698344  -0.000267814770044743
16.02  -0.00915313200378911  -0.0002679463274702417
16.04  -0.009153069806975002  -0.00026807776635992634
16.06  -0.009153007652314905  -0.0002682090853209988
16.080000000000002  -0.009152945541128107  -0.00026834028302404696
16.1  -0.009152883474960535  -0.00026847135822220797
16.12  -0.009152821455549097  -0.0002686023097712819
16.14  -0.009152759484783897  -0.00026873313664487267
16.16  -0.009152697564674583  -0.0002688638379481678
16.18  -0.00915263569730947  -0.00026899441293595094
16.2  -0.009152573884822327  -0.0002691248610184682
16.22  -0.009152512129359922  -0.00026925518177319305
16.240000000000002  -0.009152450433043547  -0.0002693853749508538
16.26  -0.009152388797942623  -0.0002695154404832435
16.28  -0.00915232722604814  -0.0002696453784794982
16.3  -0.009152265719244174  -0.00026977518923367846
16.32  -0.009152204279286383  -0.0002699048732148551
16.34  -0.009152142907786813  -0.00027003443106953776
16.36  -0.009152081606192956  -0.00027016386361084806
16.38  -0.009152020375782258  -0.00027029317181517234
16.4  -0.009151959217648824  -0.0002704223568023563
16.42  -0.009151898132703671  -0.00027055141983188937
16.44  -0.009151837121670075  -0.0002706803622866839
16.46  -0.009151776185087189  -0.000270809185654659
16.48  -0.009151715323316585  -0.00027093789151805834
16.5  -0.009151654536549125  -0.00027106648153081515
16.52  -0.009151593824816426  -0.00027119495740255604
16.54  -0.009151533188006397  -0.000271323320879868
16.56  -0.009151472625877014  -0.0002714515737231585
16.580000000000002  -0.009151412138070237  -0.0002715797176936231
16.6  -0.009151351724139651  -0.0002717077545296383
16.62  -0.009151291383561402  -0.0002718356859277054
16.64  -0.009151231115759878  -0.0002719635135262821
16.66  -0.009151170920125839  -0.0002720912388852013
16.68  -0.009151110796037415  -0.0002722188634711896
16.7  -0.009151050742880883  -0.00027234638864098
16.72  -0.009150990760067635  -0.00027247381562681307
16.740000000000002  -0.009150930847056229  -0.0002726011455231431
16.76  -0.00915087100336613  -0.0002727283792771709
16.78  -0.009150811228594912  -0.00027285551767622737
16.8  -0.009150751522431565  -0.0002729825613419441
16.82  -0.009150691884665956  -0.0002731095107220003
16.84  -0.00915063231520213  -0.000273236366089143
16.86  -0.009150572814063136  -0.0002733631275338188
16.88  -0.009150513381395702  -0.00027348979496835386
16.9  -0.009150454017476757  -0.0002736163681242234
16.92  -0.009150394722709485  -0.0002737428465582257
16.94  -0.009150335497624597  -0.00027386922965377277
16.96  -0.009150276342875397  -0.000273995516633304
16.98  -0.009150217259234521  -0.0002741217065596284
17.0  -0.009150158247584179  -0.0002742477983483339
17.02  -0.009150099308907238  -0.0002743737907799706
17.04  -0.009150040444277367  -0.00027449968250801423
17.06  -0.009149981654848592  -0.00027462547207641937
17.080000000000002  -0.009149922941840128  -0.0002747511579278695
17.1  -0.009149864306522672  -0.0002748767384240732
17.12  -0.009149805750208002  -0.0002750022118548549
17.14  -0.00914974727422739  -0.0002751275764557793
17.16  -0.009149688879923474  -0.000275252830421993
17.18  -0.009149630568631242  -0.00027537797192210236
17.2  -0.009149572341664405  -0.00027550299911607807
17.22  -0.00914951420030179  -0.00027562791016383744
17.240000000000002  -0.009149456145772922  -0.0002757527032412086
17.26  -0.009149398179244296  -0.00027587737655063833
17.28  -0.009149340301808025  -0.0002760019283333495
17.3  -0.009149282514470313  -0.0002761263568764718
17.32  -0.009149224818137921  -0.0002762506605238395
17.34  -0.009149167213612811  -0.00027637483768070385
17.36  -0.00914910970157918  -0.0002764988868203716
17.38  -0.009149052282598616  -0.00027662280648800964
17.400000000000002  -0.009148994957101846  -0.0002767465953020268
17.42  -0.009148937725381428  -0.00027687025195467503
17.44  -0.00914888058758856  -0.0002769937752121628
17.46  -0.009148823543727605  -0.0002771171639125112
17.48  -0.009148766593650975  -0.0002772404169609213
17.5  -0.009148709737057188  -0.00027736353332735085
17.52  -0.00914865297348999  -0.0002774865120416655
17.54  -0.00914859630233155  -0.00027760935218638065
17.56  -0.009148539722806121  -0.0002777320528873571
17.580000000000002  -0.009148483233977288  -0.00027785461331308984
17.6  -0.009148426834748015  -0.0002779770326676594
17.62  -0.009148370523860904  -0.00027809931018034036
17.64  -0.00914831429990201  -0.0002782214451025274
17.66  -0.00914825816129925  -0.0002783434367076723
17.68  -0.0091482021063258  -0.0002784652842803155
17.7  -0.009148146133107498  -0.0002785869871196841
17.72  -0.009148090239624485  -0.0002787085445350642
17.740000000000002  -0.009148034423717689  -0.0002788299558478051
17.76  -0.009147978683095854  -0.0002789512203951906
17.78  -0.009147923015345219  -0.00027907233752950657
17.8  -0.009147867417935746  -0.00027919330662694856
17.82  -0.009147811888237557  -0.0002793141270941879
17.84  -0.009147756423526165  -0.0002794347983741407
17.86  -0.009147701021000916  -0.0002795553199535295
17.88  -0.009147645677797335  -0.0002796756913772803
17.900000000000002  -0.00914759039100322  -0.0002797959122551053
17.92  -0.009147535157675881  -0.00027991598227508586
17.94  -0.009147479974858517  -0.00028003590120989104
17.96  -0.009147424839599239  -0.00028015566893325485
17.98  -0.00914736974897088  -0.00028027528542989274
18.0  -0.009147314700090909  -0.00028039475080015637
18.02  -0.009147259690136737  -0.0002805140652762246
18.04  -0.009147204716370134  -0.0002806332292242137
18.06  -0.00914714977615391  -0.00028075224315236315
18.080000000000002  -0.009147094866969428  -0.0002808711077171446
18.1  -0.009147039986437847  -0.0002809898237222866
18.12  -0.009146985132331743  -0.00028110839212562393
18.14  -0.009146930302596164  -0.000281226814033539
18.16  -0.009146875495360179  -0.000281345090699298
18.18  -0.009146820708949736  -0.00028146322351999524
18.2  -0.00914676594189709  -0.0002815812140278278
18.22  -0.009146711192951327  -0.000281699063880932
18.240000000000002  -0.009146656461084287  -0.00028181677485437077
18.26  -0.009146601745494306  -0.0002819343488273262
18.28  -0.009146547045609799  -0.00028205178776872326
18.3  -0.00914649236108852  -0.0002821690937224992
18.32  -0.00914643769181428  -0.0002822862687913822
18.34  -0.009146383037894765  -0.0002824033151203484
18.36  -0.00914632839965282  -0.00028252023487724957
18.38  -0.00914627377761699  -0.00028263703023651503
18.400000000000002  -0.009146219172512276  -0.0002827537033615931
18.42  -0.009146164585246258  -0.0002828702563816756
18.44  -0.009146110016894863  -0.00028298669138274103
18.46  -0.009146055468685896  -0.0002831030103825105
18.48  -0.009146000941981789  -0.0002832192153173661
18.5  -0.009145946438262406  -0.0002833353080268816
18.52  -0.009145891959103373  -0.0002834512902402252
18.54  -0.009145837506157745  -0.00028356716356473313
18.56  -0.009145783081137056  -0.0002836829294727181
18.580000000000002  -0.009145728685788935  -0.00028379858929522686
18.6  -0.00914567432187581  -0.000283914144213276
18.62  -0.009145619991159943  -0.0002840295952539859
18.64  -0.009145565695376008  -0.0002841449432850744
18.66  -0.009145511436221573  -0.00028426018901620925
18.68  -0.009145457215333597  -0.00028437533299755945
18.7  -0.009145403034275206  -0.00028449037562525056
18.72  -0.009145348894518698  -0.00028460531714069533
18.740000000000002  -0.009145294797434438  -0.0002847201576416905
18.76  -0.009145240744281007  -0.0002848348970901301
18.78  -0.009145186736188752  -0.0002849495353172806
18.8  -0.009145132774159048  -0.00028506407203875107
18.82  -0.009145078859055113  -0.0002851785068619495
18.84  -0.009145024991599632  -0.0002852928393052096
18.86  -0.009144971172369652  -0.0002854070688026784
18.88  -0.009144917401801712  -0.00028552119472645686
18.900000000000002  -0.009144863680189085  -0.00028563521639522787
18.92  -0.009144810007687834  -0.0002857491330918966
18.94  -0.009144756384321714  -0.00028586294407643965
18.96  -0.009144702809987679  -0.0002859766486002101
18.98  -0.009144649284467204  -0.00028609024592061527
19.0  -0.009144595807433615  -0.00028620373531343645
19.02  -0.009144542378464092  -0.0002863171160860106
19.04  -0.009144488997051801  -0.00028643038758558657
19.06  -0.009144435662616763  -0.00028654354921419197
19.080000000000002  -0.00914438237452165  -0.0002866566004350896
19.1  -0.009144329132082666  -0.0002867695407805673
19.12  -0.009144275934585626  -0.000286882369858152
19.14  -0.009144222781296663  -0.0002869950873570735
19.16  -0.009144169671480771  -0.00028710769305005505
19.18  -0.009144116604409482  -0.0002872201867986967
19.2  -0.009144063579376915  -0.00028733256854921726
19.22  -0.009144010595711502  -0.0002874448383371919
19.240000000000002  -0.009143957652784179  -0.00028755699628283684
19.26  -0.009143904750023324  -0.0002876690425881169
19.28  -0.009143851886919581  -0.0002877809775327667
19.3  -0.00914379906303554  -0.00028789280146996
19.32  -0.00914374627801072  -0.00028800451481928
19.34  -0.009143693531570116  -0.00028811611805746625
19.36  -0.009143640823522738  -0.00028822761171325286
19.38  -0.009143588153770345  -0.0002883389963588678
19.400000000000002  -0.009143535522302258  -0.0002884502726023443
19.42  -0.009143482929200277  -0.0002885614410737545
19.44  -0.00914343037463294  -0.00028867250242388496
19.46  -0.00914337785885551  -0.0002887834573060131
19.48  -0.00914332538220505  -0.0002888943063727521
19.5  -0.009143272945095156  -0.00028900505026888194
19.52  -0.009143220548007546  -0.00028911568961742447
19.54  -0.0091431681914897  -0.0002892262250172881
19.56  -0.009143115876143592  -0.0002893366570313031
19.580000000000002  -0.009143063602618354  -0.00028944698618636093
19.6  -0.00914301137159966  -0.00028955721295955176
19.62  -0.009142959183802674  -0.00028966733778093676
19.64  -0.009142907039960853  -0.00028977736102540105
19.66  -0.009142854940818245  -0.00028988728301115077
19.68  -0.009142802887115957  -0.0002899971039952239
19.7  -0.00914275087958711  -0.0002901068241793652
19.72  -0.009142698918945511  -0.0002902164437017564
19.740000000000002  -0.00914264700587498  -0.00029032596264142287
19.76  -0.009142595141026388  -0.00029043538101946405
19.78  -0.009142543325004176  -0.0002905446988043871
19.8  -0.009142491558365754  -0.000290653915912356
19.82  -0.009142439841608115  -0.00029076303220890404
19.84  -0.009142388175167819  -0.00029087204751985466
19.86  -0.009142336559417395  -0.0002909809616320343
19.88  -0.009142284994657591  -0.000291089774298296
19.900000000000002  -0.009142233481117087  -0.00029119848524689263
19.92  -0.009142182018952581  -0.000291307094185035
19.94  -0.009142130608246871  -0.00029141560080487964
19.96  -0.009142079249010358  -0.00029152400479532953
19.98  -0.009142027941179591  -0.0002916323058398412
20.0  -0.009141976684623973  -0.0002917405036286127
