0.02  -0.04648777841754412  0.001472466803885333
0.04  -0.08721249930831855  0.0014240194404032392
0.06  -0.12333017420089208  0.0013291017329340863
0.08  -0.15555337603187863  0.0012151303055067944
0.1  -0.18430685335350772  0.0010825518868907205
0.12  -0.2098699736705072  0.0009333778169987514
0.14  -0.23245200163440885  0.0007698867249219714
0.16  -0.2522253642207923  0.0005958343833589624
0.18  -0.26934458435695957  0.0004149485973703739
0.2  -0.2839533950746185  0.00023088332326791103
0.22  -0.29618802607309036  4.739829416615393e-05
0.24  -0.3061772695725035  -0.00013238475638081693
0.26  -0.31404376220160657  -0.00030606503656195074
0.28  -0.3199072420680648  -0.00047070691258398705
0.3  -0.32388316083270996  -0.0006232637368857907
0.32  -0.3260815955550059  -0.0007619586543696944
0.34  -0.3266094252995425  -0.0008860013120870467
0.36  -0.3255720661119772  -0.0009950989590036038
0.38  -0.32307443886860865  -0.001089223786667384
0.4  -0.3192218783178688  -0.0011683961464422907
0.42  -0.3141210750139232  -0.0012325123341426006
0.44  -0.30788060039356174  -0.0012813241855569829
0.46  -0.30061086404456844  -0.001314568499768775
0.48  -0.2924236993527592  -0.0013320909661399746
0.5  -0.28343176885845234  -0.0013339164300138326
0.52  -0.2737478647007735  -0.0013202803546555363
0.54  -0.2634841353734779  -0.001291637590852579
0.56  -0.2527512658412713  -0.0012486548332331284
0.58  -0.24165763868333362  -0.0011921939647026548
0.6  -0.23030850160514482  -0.001123290485013302
0.62  -0.2188051653068532  -0.001043128015593023
0.64  -0.20724425475097777  -0.0009530098846689123
0.66  -0.1957170326406677  -0.0008543291499242174
0.68  -0.18430880802143101  -0.0007485381473320864
0.7000000000000001  -0.17309843783169745  -0.0006371184762115739
0.72  -0.16215792513398583  -0.0005215514096026631
0.74  -0.15155211563582227  -0.00040328786708121044
0.76  -0.14133849248425487  -0.0002837183536414932
0.78  -0.13156706693761672  -0.0001641430115608836
0.8  -0.12228036166731361  -4.573873185791848e-05
0.8200000000000001  -0.11351348645616868  7.048030475004371e-05
0.84  -0.10529429951884017  0.00018369389301901542
0.86  -0.09764361852491195  0.00029324655801599197
0.88  -0.0905754193837435  0.000398504681203484
0.9  -0.08409699654492696  0.0004986791191424426
0.92  -0.07820918156565154  0.0005928214834397855
0.9400000000000001  -0.07290673032689263  0.0006799896891609885
0.96  -0.06817882978717936  0.0007593793860936397
0.98  -0.06400962127398775  0.0008303636990076957
1.0  -0.06037871513768174  0.0008924967795629793
1.02  -0.05726171548568826  0.0009455096932078082
1.04  -0.0546307588092338  0.0009892952623663223
1.06  -0.0524550575651708  0.0010238806406350433
1.08  -0.05070144255312052  0.0010493943630703346
1.1  -0.04933490190148043  0.001066035610620559
1.12  -0.04831910952302868  0.0010740592018237153
1.1400000000000001  -0.04761690731698128  0.0010737629178960927
1.16  -0.047190705042418755  0.0010654221330619984
1.18  -0.04700294061684337  0.0010494473774329237
1.2  -0.047017525420903636  0.0010276436184278848
1.22  -0.04720119413465772  0.001002992067141531
1.24  -0.04751964815944832  0.0009755419393992637
1.26  -0.04793815732761696  0.000944519139448444
1.28  -0.048423644240752906  0.0009099421789726943
1.3  -0.04894532005577759  0.0008723027819847677
1.32  -0.04947487400216815  0.0008322575713703938
1.34  -0.049986546937350614  0.0007904781136938481
1.36  -0.050457176324932615  0.0007475899896223351
1.3800000000000001  -0.05086622956675355  0.0007041535323706891
1.4000000000000001  -0.051195825419183764  0.0006606623078185545
1.42  -0.05143073827043162  0.0006175482767552458
1.44  -0.05155838089558895  0.0005751888324829413
1.46  -0.05156876420048438  0.0005339136702431464
1.48  -0.0514544340932375  0.000494010978695383
1.5  -0.051210386910204436  0.0004557341111198268
1.52  -0.05083396516675265  0.0004193169060724555
1.54  -0.05032469914743665  0.00038500835633836143
1.56  -0.04968408517087547  0.00035298865595836937
1.58  -0.04891556473305371  0.00032329757327605435
1.6  -0.04802442143137662  0.0002959451452535609
1.62  -0.04701755101124543  0.00027094820634639637
1.6400000000000001  -0.04590324801075474  0.0002483279442776826
1.6600000000000001  -0.04469100634284698  0.00022810544561482465
1.68  -0.0433913237454971  0.0002102983075391422
1.7  -0.04201550870576556  0.00019491795104344768
1.72  -0.040575490923148674  0.00018196753939967721
1.74  -0.03908363674357884  0.00017144049800719595
1.76  -0.03755257087303481  0.0001633194728423442
1.78  -0.03599500546741982  0.0001575757649408415
1.8  -0.034423577103713035  0.0001541697589890151
1.82  -0.03285069116103426  0.00015305318588175015
1.84  -0.0312883717907341  0.0001541736947379427
1.86  -0.029748114815132273  0.0001574793140523837
1.8800000000000001  -0.02824074618597023  0.00016292181134648054
1.9000000000000001  -0.026776288114115063  0.0001704609364335552
1.92  -0.02536383805536173  0.0001800589121346387
1.94  -0.024011477966139116  0.00019166952863763708
1.96  -0.02272622062149358  0.0002052249483076903
1.98  -0.021513992806850086  0.00022062353759368084
2.0  -0.020379646924469176  0.00023772256164919715
2.02  -0.01932698851960166  0.0002563372739185435
2.04  -0.01835880949927527  0.00027624547307042083
2.06  -0.01747692208616982  0.00029719528149882115
2.08  -0.016682193135706107  0.00031891415459184475
2.1  -0.015974581033537508  0.00034111786868046626
2.12  -0.015353177457443835  0.00036351845365078535
2.14  -0.014816255413966101  0.0003858308669549623
2.16  -0.01436132404108537  0.00040777853780048863
2.18  -0.013985189941541763  0.0004290979058131679
2.2  -0.01368402437302591  0.0004495420815967943
2.22  -0.013453435356411358  0.0004688837383314502
2.24  -0.013288543609081025  0.00048691731259154744
2.2600000000000002  -0.013184061174393587  0.0005034605800684959
2.2800000000000002  -0.013134371632159074  0.000518355674250012
2.3000000000000003  -0.013133610795292598  0.0005314696305905117
2.32  -0.013175746818700335  0.0005426945547929488
2.34  -0.013254658689809682  0.0005519475053433062
2.36  -0.01336421214463783  0.0005591701469106398
2.38  -0.013498332142333477  0.0005643281984526404
2.4  -0.013651071123104014  0.0005674106832506984
2.42  -0.013816672370352652  0.0005684289823651447
2.44  -0.01398962790022234  0.0005674156899763872
2.46  -0.014164730408651452  0.0005644232667744967
2.48  -0.014337118913638437  0.0005595224863784432
2.5  -0.01450231783557751  0.0005528006703858382
2.52  -0.014656269358843553  0.0005443597094999004
2.54  -0.01479535901301161  0.0005343138717905467
2.56  -0.014916434499276859  0.0005227874018158823
2.58  -0.015016817867053434  0.0005099119131189444
2.6  -0.015094311199185053  0.0004958235869601673
2.62  -0.015147196031912384  0.0004806602270405489
2.64  -0.015174226833842732  0.0004645582005962941
2.66  -0.015174618878254463  0.0004476492822185426
2.68  -0.015148030863547348  0.0004300574747438907
2.7  -0.015094542706833643  0.0004118959009640402
2.72  -0.015014628989095712  0.0003932638695037451
2.74  -0.01490912858840053  0.0003742442401780639
2.7600000000000002  -0.014779211110798007  0.000354901236543657
2.7800000000000002  -0.014626340807341466  0.0003352788692051204
2.8000000000000003  -0.014452238733593458  0.0003154001340344223
2.82  -0.014258843943610693  0.0002952671281271589
2.84  -0.014048274496966735  0.0002748621999562993
2.86  -0.013822788996519677  0.00025415024639927986
2.88  -0.01358474926879738  0.0002330822368258132
2.9  -0.01333658462931289  0.00021159989879266945
2.92  -0.01308075798374371  0.00018964132745012913
2.94  -0.01281973390007303  0.00016714718219129428
2.96  -0.012555948740983938  0.0001440670653799792
2.98  -0.012291782925175392  0.00012036563241774807
3.0  -0.012029535379671791  9.602798638322759e-05
3.02  -0.011771400233133857  7.106396235507991e-05
3.04  -0.011519445763330083  4.55109976254006e-05
3.06  -0.011275595556530616  1.94354050572742e-05
3.08  -0.011041611792787379  -7.067997751997483e-06
3.1  -0.010819080573300534  -3.3877821207714705e-05
3.12  -0.0106093992702431  -6.084940911721604e-05
3.14  -0.010413765990433225  -8.781925109900622e-05
3.16  -0.010233171360843873  -0.00011461018982525343
3.18  -0.01006839291857985  -0.0001410370909021149
3.2  -0.009919992389403286  -0.0001669126470991656
3.22  -0.00978831606415409  -0.00019205301532665647
3.24  -0.009673498353539653  -0.00021628303140399686
3.2600000000000002  -0.009575468452631956  -0.00023944080828829757
3.2800000000000002  -0.009493959908595483  -0.0002613815892318669
3.3000000000000003  -0.009428522779223614  -0.000281980789615387
3.3200000000000003  -0.009378538003367746  -0.0003011362135231569
3.34  -0.009343233574711344  -0.0003187694707077368
3.36  -0.009321702109457871  -0.0003348266466232865
3.38  -0.009312919416670264  -0.00034927829482244924
3.4  -0.009315763708608706  -0.00036211882996048383
3.42  -0.009329035121056048  -0.0003733654034959361
3.44  -0.009351475246267851  -0.000383056344808384
3.46  -0.009381786411767581  -0.0003912492491174562
3.48  -0.009418650466047482  -0.0003980187910325224
3.5  -0.00946074685751263  -0.00040345433905025286
3.52  -0.009506769816338911  -0.00040765744207915076
3.54  -0.009555444470913249  -0.000410739254114012
3.56  -0.009605541751927557  -0.0004128179575737515
3.58  -0.009655891958372  -0.0004140162397092788
3.6  -0.009705396880946543  -0.00041445886988874007
3.62  -0.009753040399913045  -0.00041427041874880755
3.64  -0.009797897496053677  -0.0004135731532041111
3.66  -0.009839141635100027  -0.0004124851344114159
3.68  -0.009876050507513032  -0.0004111185389884535
3.7  -0.009908010126585657  -0.0004095782173639161
3.72  -0.009934517308229189  -0.00040796049707945997
3.74  -0.009955180575236748  -0.0004063522333287657
3.7600000000000002  -0.009969719547012262  -0.00040483010398169864
3.7800000000000002  -0.009977962892558992  -0.00040346014194621776
3.8000000000000003  -0.00997984493962196  -0.00040229749389712066
3.8200000000000003  -0.009975401046239028  -0.000401386391168014
3.84  -0.009964761852410697  -0.0004007603160356203
3.86  -0.009948146538993844  -0.0004004423445377452
3.88  -0.009925855228361646  -0.00040044564552783234
3.9  -0.009898260666658394  -0.00040077411465653173
3.92  -0.00986579933078014  -0.0004014231214724361
3.94  -0.009828962104447274  -0.00040238034769599925
3.96  -0.009788284667028383  -0.0004036266950002965
3.98  -0.009744337736157915  -0.0004051372412268579
4.0  -0.009697717300790379  -0.00040688222486273906
4.0200000000000005  -0.009649034975362623  -0.0004088280387487025
4.04  -0.009598908598202758  -0.0004109382153954686
4.0600000000000005  -0.009547953188631943  -0.0004131743877650696
4.08  -0.00949677236728224  -0.0004154972111278014
4.1  -0.009445950333397693  -0.00041786723332171854
4.12  -0.009396044481318816  -0.0004202457025930227
4.14  -0.009347578726266733  -0.0004225953040188452
4.16  -0.009301037597026569  -0.000424880817325346
4.18  -0.009256861140425243  -0.00042706969071643405
4.2  -0.009215440669736362  -0.0004291325270411149
4.22  -0.009177115376509011  -0.00043104348029156014
4.24  -0.009142169812960881  -0.0004327805619950166
4.26  -0.009110832240169548  -0.0004343258584966812
4.28  -0.009083273825940784  -0.00043566566149646504
4.3  -0.009059608665603654  -0.0004367905153675455
4.32  -0.009039894589148632  -0.0004376951858820436
4.34  -0.009024134709185377  -0.0004383785558482037
4.36  -0.009012279656266223  -0.00043884345396393417
4.38  -0.009004230441224  -0.0004390964238097226
4.4  -0.00899984187835992  -0.00043914744035406677
4.42  -0.008998926498643672  -0.00043900958174329684
4.44  -0.009001258878551638  -0.00043869866431652427
4.46  -0.009006580307758052  -0.00043823284887145294
4.48  -0.009014603717626813  -0.00043763222620712256
4.5  -0.009025018792257295  -0.0004369183897753757
4.5200000000000005  -0.009037497184720767  -0.0004361140030634179
4.54  -0.009051697762961504  -0.00043524236896610064
4.5600000000000005  -0.00906727181265754  -0.00043432700798666117
4.58  -0.009083868127957698  -0.00043339125159743325
4.6000000000000005  -0.009101137925436141  -0.000432457856542171
4.62  -0.009118739521719718  -0.0004315486452247084
4.64  -0.009136342720902845  -0.00043068417667005166
4.66  -0.009153632864043849  -0.00042988345186663487
4.68  -0.009170314499591683  -0.00042916365657236184
4.7  -0.009186114640415438  -0.00042853994394040227
4.72  -0.009200785580130013  -0.0004280252586228854
4.74  -0.009214107248484845  -0.00042763020327412423
4.76  -0.009225889092653372  -0.0004273629477103846
4.78  -0.009235971478215508  -0.0004272291803075549
4.8  -0.009244226610373885  -0.0004272321006081523
4.82  -0.009250558982404102  -0.00042737245152893666
4.84  -0.00925490536445752  -0.0004276485890269185
4.86  -0.009257234351506455  -0.00042805658663191894
4.88  -0.009257545494420826  -0.0004285903718079286
4.9  -0.009255868042831834  -0.00042924189080080526
4.92  -0.009252259332524031  -0.0004300012983050816
4.94  -0.009246802853568412  -0.0004308571680925088
4.96  -0.009239606038272669  -0.0004317967205788375
4.98  -0.009230797810240865  -0.0004328060632240744
5.0  -0.009220525937367583  -0.0004338704396356929
5.0200000000000005  -0.009208954232564563  -0.0004349744832855552
5.04  -0.009196259646263603  -0.00043610247185318614
5.0600000000000005  -0.009182629294473383  -0.0004372385783496373
5.08  -0.009168257465251399  -0.0004383671153901883
5.1000000000000005  -0.00915334264503661  -0.00043947276923952125
5.12  -0.009138084604373556  -0.0004405408205193181
5.14  -0.009122681580155112  -0.0004415573488136076
5.16  -0.009107327588747733  -0.0004425094187579874
5.18  -0.009092209901222382  -0.0004433852455433475
5.2  -0.009077506708476056  -0.00044417433819468014
5.22  -0.009063385000363772  -0.00044486761931580014
5.24  -0.009049998679110782  -0.0004454575204095664
5.26  -0.00903748692329994  -0.0004459380522541085
5.28  -0.00902597281472482  -0.0004463048501723298
5.3  -0.009015562236346161  -0.0004465551943905054
5.32  -0.00900634304563222  -0.0004466880060579295
5.34  -0.008998384523686977  -0.00044670381976935657
5.36  -0.008991737096831012  -0.0004466047337982253
5.38  -0.008986432323792325  -0.0004463943394746888
5.4  -0.00898248313833673  -0.0004460776314224171
5.42  -0.00897988433415926  -0.0004456609005505429
5.44  -0.008978613276121762  -0.00044515161189197743
5.46  -0.008978630819497298  -0.00044455826951591795
5.48  -0.008979882416832799  -0.0004438902708308152
5.5  -0.008982299390317649  -0.0004431577526849615
5.5200000000000005  -0.008985800346207055  -0.0004423714316727324
5.54  -0.00899029270685925  -0.00044154244109424474
5.5600000000000005  -0.008995674335351353  -0.0004406821669236442
5.58  -0.009001835227360335  -0.0004398020851269699
5.6000000000000005  -0.009008659245110379  -0.0004389136025360776
5.62  -0.009016025868618951  -0.00043802790337601756
5.64  -0.00902381194019576  -0.0004371558033946215
5.66  -0.009031893379208447  -0.00043630761336091917
5.68  -0.009040146845411684  -0.0004354930135258401
5.7  -0.009048451330679254  -0.0004347209404234092
5.72  -0.009056689660732956  -0.0004339994871801432
5.74  -0.00906474989036714  -0.0004333358182749392
5.76  -0.009072526577752172  -0.0004327360994634792
5.78  -0.009079921925555116  -0.00043220544335300845
5.8  -0.009086846778881826  -0.0004317478708622624
5.82  -0.00909322147232848  -0.0004313662886297783
5.84  -0.009098976520742208  -0.00043106248214454495
5.86  -0.009104053150566033  -0.00043083712422704217
5.88  -0.009108403670886011  -0.000430689798250625
5.9  -0.009111991685447515  -0.0004306190353414772
5.92  -0.009114792148964112  -0.0004306223646117099
5.94  -0.009116791272970694  -0.00043069637535308336
5.96  -0.009117986288240657  -0.0004308367899634471
5.98  -0.009118385072420052  -0.0004310385463095474
6.0  -0.009118005652952826  -0.0004312958881134287
6.0200000000000005  -0.009116875596622734  -0.0004316024619052873
6.04  -0.009115031298071704  -0.0004319514190408599
6.0600000000000005  -0.009112517180520176  -0.0004323355212530446
6.08  -0.009109384822502757  -0.000432747248223497
6.1000000000000005  -0.009105692024907032  -0.00043317890567543454
6.12  -0.009101501832775576  -0.0004336227325238559
6.140000000000001  -0.009096881526382383  -0.0004340710056886448
6.16  -0.009091901595897648  -0.0004345161412521048
6.18  -0.009086634713622428  -0.00043495079072318894
6.2  -0.009081154717238677  -0.00043536793128827337
6.22  -0.009075535616831085  -0.0004357609490283438
6.24  -0.009069850637650615  -0.0004361237142386486
6.26  -0.009064171309605594  -0.0004364506480730757
6.28  -0.009058566613452702  -0.0004367367799206791
6.3  -0.009053102192503156  -0.00043697779503389203
6.32  -0.009047839637465346  -0.00043717007208612474
6.34  -0.009042835850775663  -0.0004373107104743694
6.36  -0.009038142495507877  -0.0004373975473234
6.38  -0.009033805532616786  -0.0004374291642890003
6.4  -0.009029864849007172  -0.0004374048843839367
6.42  -0.009026353977616669  -0.0004373247591799749
6.44  -0.009023299909487099  -0.0004371895468535194
6.46  -0.009020722996588086  -0.00043700068163373144
6.48  -0.009018636943048296  -0.0004367602353332436
6.5  -0.009017048881405783  -0.00043647087171441577
6.5200000000000005  -0.009015959529514232  -0.0004361357944872827
6.54  -0.009015363422904796  -0.00043575868983430454
6.5600000000000005  -0.009015249216614557  -0.00043534366438418925
6.58  -0.009015600049868629  -0.00043489517957856353
6.6000000000000005  -0.009016393966449165  -0.00043441798339957985
6.62  -0.009017604383172464  -0.0004339170404342687
6.640000000000001  -0.009019200598572388  -0.000433397461249121
6.66  -0.00902114833371588  -0.0004328644320020758
6.68  -0.009023410296986348  -0.00043232314520843016
6.7  -0.00902594676468757  -0.0004317787325366094
6.72  -0.009028716169477815  -0.0004312362004369044
6.74  -0.009031675688849852  -0.00043070036936119745
6.76  -0.009034781826200777  -0.0004301758172459401
6.78  -0.009037990977437503  -0.000429666827872337
6.8  -0.009041259976542378  -0.00042917734462734455
6.82  -0.009044546614041016  -0.0004287109300898454
6.84  -0.009047810122946146  -0.00042827073179707863
6.86  -0.009051011627344865  -0.0004278594544442374
6.88  -0.00905411454951316  -0.00042747933868537237
6.9  -0.00905708497209812  -0.0004271321465965752
6.92  -0.009059891952648912  -0.00042681915380060853
6.94  -0.009062507788477614  -0.0004265411481449798
6.96  -0.00906490823055471  -0.0004262984347379099
6.98  -0.009067072645827507  -0.0004260908471078144
7.0  -0.009068984128027893  -0.0004259177641204127
7.0200000000000005  -0.009070629557705184  -0.0004257781322906329
7.04  -0.009071999612786003  -0.0004256704930042572
7.0600000000000005  -0.009073088731573562  -0.0004255930141675808
7.08  -0.009073895030593282  -0.0004255435257159069
7.1000000000000005  -0.009074420180154037  -0.0004255195584190572
7.12  -0.00907466924092747  -0.00042551838536860373
7.140000000000001  -0.009074650465177705  -0.00042553706552029923
7.16  -0.009074375066570453  -0.00042557248867346425
7.18  -0.009073856962715489  -0.00042562142124085
7.2  -0.009073112494781769  -0.00042568055220764013
7.22  -0.009072160128591598  -0.0004257465386559664
7.24  -0.009071020141689708  -0.00042581605029507277
7.26  -0.009069714300830204  -0.0004258858124313611
7.28  -0.009068265534289566  -0.0004259526468801775
7.3  -0.009066697603265207  -0.00042601351034221113
7.32  -0.009065034776476785  -0.00042606552983337736
7.34  -0.009063301511852778  -0.00042610603478703316
7.36  -0.009061522148948562  -0.0004261325855253496
7.38  -0.009059720615454837  -0.00042614299783935673
7.4  -0.009057920150824184  -0.0004261353634746261
7.42  -0.009056143049733678  -0.00042610806638668306
7.44  -0.009054410427706798  -0.00042605979468939573
7.46  -0.009052742010877295  -0.0004259895482690192
7.48  -0.009051155951472746  -0.00042589664209663155
7.5  -0.009049668670225107  -0.0004257807053414849
7.5200000000000005  -0.009048294726534494  -0.00042564167641212156
7.54  -0.009047046716808255  -0.0004254797941230598
7.5600000000000005  -0.009045935201083528  -0.0004252955852298258
7.58  -0.009044968657625486  -0.00042508984858512374
7.6000000000000005  -0.009044153464918499  -0.00042486363625369495
7.62  -0.009043493910112568  -0.0004246182319137606
7.640000000000001  -0.009042992222733396  -0.0004243551269073461
7.66  -0.009042648632179908  -0.00042407599433748783
7.68  -0.00904246144731509  -0.00042378266160734187
7.7  -0.00904242715625886  -0.00042347708180060157
7.72  -0.009042540544316179  -0.00042316130433298944
7.74  -0.009042794827835364  -0.00042283744525541567
7.76  -0.00904318180170806  -0.0004225076576343297
7.78  -0.00904369199812139  -0.0004221741023779649
7.8  -0.009044314854167203  -0.0004218389198696541
7.82  -0.00904503888587584  -0.000421504202779391
7.84  -0.00904585186629155  -0.0004211719703378427
7.86  -0.009046741005230969  -0.0004208441443917363
7.88  -0.009047693128468832  -0.0004205225274755305
7.9  -0.009048694854173818  -0.0004202087831348715
7.92  -0.009049732764557138  -0.00041990441868482414
7.94  -0.009050793570832837  -0.00041961077054339976
7.96  -0.009051864269754586  -0.00041932899226189885
7.98  -0.009052932290149885  -0.0004190600453198284
8.0  -0.009053985628098508  -0.00041880469271071897
8.02  -0.00905501296955066  -0.0004185634953237394
8.040000000000001  -0.009056003799422951  -0.0004183368110782577
8.06  -0.00905694849637913  -0.000418124796734369
8.08  -0.00905783841275461  -0.0004179274122666413
8.1  -0.009058665939236522  -0.0004177444276824677
8.120000000000001  -0.009059424554150933  -0.00041757543209366824
8.14  -0.009060108857393095  -0.0004174198448720776
8.16  -0.009060714589207767  -0.0004172769286692078
8.18  -0.009061238634229833  -0.0004171458040720816
8.2  -0.009061679011330778  -0.0004170254656584698
8.22  -0.009062034849984371  -0.0004169147991863491
8.24  -0.00906230635400674  -0.0004168125996656987
8.26  -0.009062494753618547  -0.00041671759005214786
8.28  -0.009062602246907213  -0.00041662844028904404
8.3  -0.009062631931843541  -0.00041654378643739693
8.32  -0.009062587730071564  -0.0004164622496594785
8.34  -0.009062474303746897  -0.0004163824547777653
8.36  -0.009062296966727935  -0.00041630304821968354
8.38  -0.009062061591448303  -0.000416222715100727
8.4  -0.009061774512782683  -0.0004161401952671317
8.42  -0.009061442430223582  -0.00041605429811104286
8.44  -0.009061072309630743  -0.0004159639160085318
8.46  -0.00906067128579308  -0.00041586803624991687
8.48  -0.009060246566952625  -0.00041576575133993733
8.5  -0.009059805342409924  -0.0004156562676017455
8.52  -0.00905935469420386  -0.0004155389120118751
8.540000000000001  -0.009058901513804396  -0.00041541313723508793
8.56  -0.009058452424639218  -0.00041527852486106964
8.58  -0.009058013711167684  -0.00041513478683601355
8.6  -0.009057591255125456  -0.00041498176513941816
8.620000000000001  -0.009057190479427556  -0.0004148194297719992
8.64  -0.009056816300112283  -0.0004146478751166156
8.66  -0.009056473086604223  -0.0004144673147882326
8.68  -0.009056164630444492  -0.0004142780750739207
8.700000000000001  -0.00905589412253093  -0.0004140805871057893
8.72  -0.009055664138815808  -0.00041387537789671226
8.74  -0.009055476634275014  -0.00041366306040253273
8.76  -0.009055332944914955  -0.00041344432277105674
8.78  -0.00905523379744068  -0.00041321991693457795
8.8  -0.00905517932617431  -0.00041299064673017106
8.82  -0.009055169096698333  -0.00041275735570721843
8.84  -0.00905520213567335  -0.0004125209147999353
8.86  -0.00905527696619303  -0.0004122822100242029
8.88  -0.009055391648012799  -0.0004120421303693679
8.9  -0.009055543821955605  -0.00041180155602670807
8.92  -0.009055730757753946  -0.0004115613471031601
8.94  -0.009055949404597755  -0.0004113223329599836
8.96  -0.009056196443636587  -0.0004110853022839961
8.98  -0.009056468341698062  -0.0004108509940078686
9.0  -0.009056761405484724  -0.0004106200891687062
9.02  -0.00905707183555822  -0.0004103932037853247
9.040000000000001  -0.00905739577941964  -0.00041017088281022906
9.06  -0.009057729383068662  -0.00040995359520707217
9.08  -0.009058068840421003  -0.00040974173017957813
9.1  -0.00905841044007022  -0.0004095355945638976
9.120000000000001  -0.009058750608884388  -0.00040933541138818533
9.14  -0.009059085952015721  -0.0004091413195746877
9.16  -0.00905941328896324  -0.0004089533747597067
9.18  -0.009059729685372768  -0.00040877155116921725
9.200000000000001  -0.009060032480351154  -0.0004085957445196198
9.22  -0.009060319309113708  -0.00040842577584154506
9.24  -0.009060588120873223  -0.00040826139617240997
9.26  -0.009060837191922555  -0.00040810229202044513
9.28  -0.009061065133937271  -0.00040794809149562
9.3  -0.00906127089758718  -0.00040779837101372936
9.32  -0.009061453771595649  -0.0004076526624779435
9.34  -0.009061613377440738  -0.0004075104608042624
9.36  -0.009061749659942692  -0.00040737123170252925
9.38  -0.009061862874026348  -0.00040723441959322434
9.4  -0.009061953567984466  -0.00040709945555316535
9.42  -0.009062022563594995  -0.00040696576518493415
9.44  -0.009062070933480458  -0.00040683277631122053
9.46  -0.009062099976121826  -0.0004066999264004487
9.48  -0.009062111188931587  -0.0004065666696240194
9.5  -0.009062106239835872  -0.000406432483479753
9.52  -0.00906208693778254  -0.0004062968748986696
9.540000000000001  -0.009062055202608717  -0.00040615938577238166
9.56  -0.009062013034697083  -0.00040601959784995544
9.58  -0.009061962484816829  -0.00040587713695751804
9.6  -0.009061905624552136  -0.0004057316765069162
9.620000000000001  -0.00906184451767432  -0.00040558294027480467
9.64  -0.009061781192800064  -0.00040543070442764667
9.66  -0.009061717617660461  -0.0004052747988037938
9.68  -0.009061655675233031  -0.00040511510744966294
9.700000000000001  -0.009061597142001162  -0.0004049515684278893
9.72  -0.009061543668534166  -0.00040478417292615836
9.74  -0.009061496762555597  -0.0004046129636967007
9.76  -0.0090614577746304  -0.00040443803287475177
9.78  -0.009061427886551057  -0.0004042595192156722
9.8  -0.009061408102477929  -0.00040407760480788826
9.82  -0.009061399242835392  -0.00040389251132803453
9.84  -0.00906140194093991  -0.000403704495894744
9.86  -0.009061416642301666  -0.00040351384659225955
9.88  -0.009061443606489427  -0.00040332087773277896
9.9  -0.009061482911442504  -0.0004031259249280565
9.92  -0.009061534460069433  -0.00040292934004877907
9.94  -0.009061597988953108  -0.0004027314861250506
9.96  -0.009061673078957706  -0.00040253273228684687
9.98  -0.009061759167517468  -0.0004023334487745412
10.0  -0.009061855562378218  -0.0004021340021136816
10.02  -0.00906196145653496  -0.0004019347504943266
10.040000000000001  -0.009062075944120737  -0.0004017360394090313
10.06  -0.009062198036993391  -0.0004015381976018862
10.08  -0.009062326681762276  -0.00040134153336356793
10.1  -0.009062460777012154  -0.0004011463312026028
10.120000000000001  -0.009062599190477909  -0.0004009528489346691
10.14  -0.009062740775943389  -0.0004007613151925009
10.16  -0.00906288438965272  -0.00040057192738950743
10.18  -0.009063028906026973  -0.0004003848501418636
10.200000000000001  -0.009063173232499874  -0.0004002002141453755
10.22  -0.009063316323319533  -0.0004000181155383081
10.24  -0.009063457192153429  -0.00039983861570521643
10.26  -0.009063594923388235  -0.0003996617415475752
10.28  -0.009063728682010526  -0.00039948748618318265
10.3  -0.009063857721992169  -0.0003993158100733184
10.32  -0.009063981393125836  -0.0003991466425302197
10.34  -0.009064099146266626  -0.00039897988359945916
10.36  -0.009064210536983933  -0.0003988154062652214
10.38  -0.009064315227615364  -0.0003986530589474499
10.4  -0.009064412987769525  -0.0003984926682502076
10.42  -0.009064503693319575  -0.0003983340419155669
10.44  -0.009064587323968547  -0.00039817697193915874
10.46  -0.009064663959463053  -0.0003980212378064466
10.48  -0.009064733774563374  -0.00039786660978403834
10.5  -0.009064797032892235  -0.00039771285225093247
10.52  -0.009064854079776124  -0.00039755972699539847
10.540000000000001  -0.009064905334238513  -0.00039740699645139763
10.56  -0.009064951280261937  -0.0003972544268292946
10.58  -0.009064992457492281  -0.00039710179110023016
10.6  -0.009065029451514366  -0.0003969488718004255
10.620000000000001  -0.0090650628838688  -0.0003967954636272287
10.64  -0.00906509340194869  -0.0003966413757926924
10.66  -0.00906512166892388  -0.0003964864341150029
10.68  -0.009065148353826172  -0.0003963304828300899
10.700000000000001  -0.009065174121943513  -0.0003961733861026279
10.72  -0.009065199625622853  -0.0003960150292324255
10.74  -0.009065225495615425  -0.0003958553195433235
10.76  -0.009065252333049615  -0.00039569418695894326
10.78  -0.009065280702123753  -0.00039553158425812763
10.8  -0.009065311123597299  -0.0003953674870319103
10.82  -0.00906534406913343  -0.00039520189333392547
10.84  -0.00906537995654699  -0.00039503482305154093
10.86  -0.00906541914597796  -0.0003948663170052257
10.88  -0.009065461937022165  -0.00039469643580849274
10.9  -0.009065508566809917  -0.0003945252584929619
10.92  -0.009065559209032282  -0.00039435288093992723
10.94  -0.00906561397388005  -0.00039417941413688763
10.96  -0.009065672908880227  -0.0003940049822869991
10.98  -0.009065736000563023  -0.00039382972080857353
11.0  -0.009065803176914404  -0.0003936537742373693
11.02  -0.009065874310551527  -0.00039347729408551146
11.040000000000001  -0.00906594922254415  -0.0003933004366616736
11.06  -0.009066027686803462  -0.0003931233609062085
11.08  -0.009066109434965178  -0.00039294622624771514
11.1  -0.009066194161663068  -0.00039276919052460375
11.120000000000001  -0.009066281530122101  -0.0003925924079885731
11.14  -0.009066371177971053  -0.0003924160274145769
11.16  -0.009066462723187963  -0.00039224019034389735
11.18  -0.009066555770093365  -0.00039206502947003273
11.200000000000001  -0.00906664991530452  -0.0003918906671961525
11.22  -0.009066744753570211  -0.00039171721436522227
11.24  -0.009066839883411264  -0.00039154476918214557
11.26  -0.009066934912496463  -0.00039137341633913866
11.28  -0.009067029462689592  -0.00039120322633833253
11.3  -0.009067123174711396  -0.00039103425502441295
11.32  -0.009067215712365826  -0.0003908665433262658
11.34  -0.009067306766297464  -0.00039070011719562393
11.36  -0.009067396057231232  -0.00039053498774526546
11.38  -0.009067483338690271  -0.0003903711515773411
11.4  -0.009067568399157495  -0.00039020859128996465
11.42  -0.009067651063683875  -0.00039004727615219077
11.44  -0.009067731194936623  -0.0003898871629214236
11.46  -0.009067808693702103  -0.00038972819680514173
11.48  -0.009067883498850649  -0.00038957031253482246
11.5  -0.009067955586782805  -0.0003894134355396115
11.52  -0.009068024970397225  -0.00038925748320692137
11.540000000000001  -0.009068091697598746  -0.0003891023661922795
11.56  -0.009068155849390889  -0.0003889479897823767
11.58  -0.009068217537597456  -0.0003887942552750169
11.6  -0.00906827690225071  -0.00038864106136210307
11.620000000000001  -0.009068334108700882  -0.00038848830550413104
11.64  -0.009068389344492361  -0.00038833588526473436
11.66  -0.009068442816063813  -0.0003881836996035933
11.68  -0.009068494745313554  -0.0003880316501012741
11.700000000000001  -0.009068545366091887  -0.0003878796421092608
11.72  -0.009068594920664148  -0.00038772758580977784
11.74  -0.009068643656193039  -0.0003875753971814054
11.76  -0.009068691821288085  -0.000387422998844674
11.78  -0.009068739662666112  -0.0003872703207999508
11.8  -0.0090687874219644  -0.0003871173010449146
11.82  -0.009068835332734951  -0.00038696388606307495
11.84  -0.009068883617662175  -0.00038681003118652967
11.86  -0.009068932486033734  -0.00038665570083775254
11.88  -0.009068982131470036  -0.0003865008686373908
11.9  -0.009069032729959927  -0.00038634551740133306
11.92  -0.00906908443819159  -0.0003861896390098632
11.94  -0.009069137392205454  -0.00038603323417380847
11.96  -0.009069191706369549  -0.000385876312092823
11.98  -0.009069247472670227  -0.0003857188900231044
12.0  -0.009069304760329425  -0.00038556099275136713
12.02  -0.009069363615731144  -0.00038540265200291023
12.040000000000001  -0.00906942406264838  -0.0003852439057746995
12.06  -0.009069486102754046  -0.0003850847976193352
12.08  -0.009069549716406295  -0.0003849253758884733
12.1  -0.009069614863673754  -0.0003847656929363935
12.120000000000001  -0.009069681485587915  -0.00038460580431251996
12.14  -0.009069749505595921  -0.00038444576793959036
12.16  -0.009069818831186096  -0.0003842856432935893
12.18  -0.00906988935565406  -0.00038412549060368336
12.200000000000001  -0.009069960959987813  -0.00038396537006121095
12.22  -0.009070033514844011  -0.0003838053410727649
12.24  -0.009070106882573155  -0.00038364546154347255
12.26  -0.009070180919281827  -0.00038348578721741233
12.280000000000001  -0.009070255476894452  -0.0003833263710586502
12.3  -0.009070330405189717  -0.00038316726270619736
12.32  -0.009070405553788859  -0.0003830085079815465
12.34  -0.009070480774068473  -0.00038285014847143383
12.36  -0.009070555920979495  -0.0003826922211766897
12.38  -0.009070630854754012  -0.0003825347582330509
12.4  -0.009070705442473355  -0.0003823777867074534
12.42  -0.009070779559495645  -0.0003822213284640873
12.44  -0.00907085309072147  -0.00038206540010202834
12.46  -0.00907092593169192  -0.00038191001296158787
12.48  -0.009070997989508108  -0.0003817551731948436
12.5  -0.009071069183572079  -0.00038160088190248887
12.52  -0.00907113944614199  -0.00038144713532357584
12.540000000000001  -0.00907120872270461  -0.00038129392507969313
12.56  -0.009071276972170238  -0.00038114123847189814
12.58  -0.009071344166888871  -0.0003809890588106102
12.6  -0.009071410292494054  -0.0003808373657896863
12.620000000000001  -0.009071475347593571  -0.00038068613588606237
12.64  -0.009071539343302522  -0.00038053534278504
12.66  -0.009071602302643575  -0.00038038495781893283
12.68  -0.009071664259816484  -0.000380234950422874
12.700000000000001  -0.009071725259361042  -0.00038008528859088286
12.72  -0.009071785355219058  -0.0003799359393305969
12.74  -0.009071844609719132  -0.00037978686911474405
12.76  -0.009071903092491857  -0.0003796380443150867
12.780000000000001  -0.009071960879338913  -0.0003794894316244358
12.8  -0.009072018051072626  -0.0003793409984525174
12.82  -0.009072074692327814  -0.00037919271329978825
12.84  -0.00907213089038305  -0.0003790445461013371
12.86  -0.009072186733986671  -0.00037889646853226646
12.88  -0.009072242312217309  -0.00037874845428806494
12.9  -0.009072297713373475  -0.0003786004793190794
12.92  -0.00907235302392858  -0.00037845252203330074
12.94  -0.009072408327538181  -0.00037830456345337314
12.96  -0.009072463704123072  -0.00037815658734096036
12.98  -0.009072519229038692  -0.00037800858027774376
13.0  -0.009072574972324415  -0.00037786053170544046
13.02  -0.009072630998052549  -0.00037771243393397615
13.040000000000001  -0.009072687363774964  -0.0003775642821066463
13.06  -0.00907274412006983  -0.0003774160741410955
13.08  -0.009072801310188696  -0.0003772678106229719
13.1  -0.009072858969814331  -0.000377119494686478
13.120000000000001  -0.00907291712691161  -0.00037697113185786185
13.14  -0.009072975801684124  -0.00037682272987789
13.16  -0.009073035006624822  -0.0003766742985046541
13.18  -0.009073094746661027  -0.00037652584929863734
13.200000000000001  -0.009073155019381707  -0.00037637739539592347
13.22  -0.009073215815350465  -0.00037622895126791084
13.24  -0.009073277118490361  -0.00037608053247536273
13.26  -0.00907333890653041  -0.0003759321554206205
13.280000000000001  -0.009073401151518525  -0.00037578383709823825
13.3  -0.009073463820374978  -0.0003756355948453962
13.32  -0.009073526875494153  -0.0003754874461046985
13.34  -0.009073590275372075  -0.0003753394081913157
13.36  -0.009073653975261463  -0.00037519149807007025
13.38  -0.009073717927840888  -0.00037504373214896817
13.4  -0.00907378208388367  -0.0003748961260853327
13.42  -0.009073846392933375  -0.00037474869461131177
13.44  -0.009073910803958446  -0.0003746014513791885
13.46  -0.009073975265997972  -0.00037445440882360136
13.48  -0.009074039728772774  -0.00037430757804258845
13.5  -0.009074104143272591  -0.00037416096870975923
13.52  -0.009074168462298495  -0.00037401458899654353
13.540000000000001  -0.00907423264096962  -0.0003738684455235766
13.56  -0.009074296637175953  -0.000373722543332672
13.58  -0.009074360411984509  -0.00037357688587785716
13.6  -0.009074423929988655  -0.000373431475039094
13.620000000000001  -0.009074487159603793  -0.000373286311154689
13.64  -0.009074550073303302  -0.00037314139306668067
13.66  -0.009074612647798103  -0.00037299671819794784
13.68  -0.009074674864158794  -0.00037285228262863584
13.700000000000001  -0.009074736707875595  -0.00037270808119532826
13.72  -0.009074798168867484  -0.0003725641075988276
13.74  -0.009074859241437201  -0.00037242035452827635
13.76  -0.009074919924171494  -0.00037227681378642984
13.780000000000001  -0.009074980219795865  -0.00037213347642364166
13.8  -0.009075040134986261  -0.00037199033288312004
13.82  -0.0090750996801367  -0.0003718473731344902
13.84  -0.009075158869092957  -0.00037170458682696554
13.86  -0.009075217718854188  -0.0003715619634237306
13.88  -0.009075276249245546  -0.0003714194923454917
13.9  -0.009075334482575564  -0.00037127716310770073
13.92  -0.00907539244326947  -0.0003711349654433054
13.94  -0.009075450157493392  -0.0003709928894329906
13.96  -0.009075507652774649  -0.0003708509256119148
13.98  -0.009075564957615368  -0.0003707090650812759
14.0  -0.00907562210111052  -0.0003705672995908025
14.02  -0.00907567911257949  -0.00037042562162897775
14.040000000000001  -0.009075736021197545  -0.00037028402448881546
14.06  -0.009075792855651939  -0.00037014250232455533
14.08  -0.00907584964381598  -0.00037000105019564095
14.1  -0.009075906412442394  -0.00036985966409792216
14.120000000000001  -0.009075963186885146  -0.00036971834097930816
14.14  -0.009076019990846968  -0.00036957707874623794
14.16  -0.009076076846156779  -0.0003694358762564485
14.18  -0.00907613377258062  -0.00036929473329390454
14.200000000000001  -0.009076190787662915  -0.0003691536505457235
14.22  -0.00907624790660139  -0.00036901262955273324
14.24  -0.009076305142154772  -0.0003688716726613842
14.26  -0.009076362504587165  -0.00036873078296417863
14.280000000000001  -0.009076420001640396  -0.0003685899642291881
14.3  -0.00907647763854049  -0.0003684492208258931
14.32  -0.0090765354180373  -0.0003683085576456601
14.34  -0.009076593340466147  -0.00036816798001663173
14.36  -0.009076651403843637  -0.00036802749361656157
14.38  -0.009076709603984233  -0.0003678871043803264
14.4  -0.009076767934641631  -0.00036774681841349524
14.42  -0.00907682638766541  -0.0003676066419001761
14.44  -0.009076884953181522  -0.0003674665810161969
14.46  -0.009076943619782804  -0.0003673266418435343
14.48  -0.009077002374728802  -0.0003671868302878499
14.5  -0.009077061204160318  -0.00036704715200425826
14.52  -0.00907712009331341  -0.000366907612321903
14.540000000000001  -0.00907717902673915  -0.0003667682161848858
14.56  -0.009077237988522677  -0.00036662896808759053
14.58  -0.00907729696249824  -0.0003664898720281653
14.6  -0.009077355932461902  -0.0003663509314698476
14.620000000000001  -0.009077414882367353  -0.00036621214929830016
14.64  -0.009077473796524401  -0.0003660735278031588
14.66  -0.009077532659776118  -0.00036593506865980745
14.68  -0.009077591457663878  -0.00036579677291978036
14.700000000000001  -0.009077650176578866  -0.00036565864101062407
14.72  -0.00907770880389554  -0.00036552067274879844
14.74  -0.009077767328084851  -0.00036538286735155796
14.76  -0.009077825738814877  -0.00036524522346200367
14.780000000000001  -0.009077884027025331  -0.0003651077391828115
14.8  -0.009077942184989276  -0.00036497041211096254
14.82  -0.009078000206348722  -0.00036483323938257334
14.84  -0.009078058086137687  -0.0003646962177196002
14.86  -0.009078115820784008  -0.0003645593434835659
14.88  -0.009078173408089339  -0.0003644226127303288
14.9  -0.009078230847202239  -0.00036428602126935744
14.92  -0.00907828813856433  -0.0003641495647261323
14.94  -0.009078345283850082  -0.0003640132385976755
14.96  -0.009078402285888392  -0.0003638770383176069
14.98  -0.009078459148575971  -0.000363740959316619
15.0  -0.009078515876778947  -0.00036360499707762235
15.02  -0.009078572476226471  -0.0003634691471969607
15.040000000000001  -0.009078628953399476  -0.0003633334054328709
15.06  -0.009078685315408497  -0.000363197767756292
15.08  -0.009078741569877202  -0.000363062230399044
15.1  -0.009078797724816566  -0.0003629267898894327
15.120000000000001  -0.009078853788504062  -0.00036279144309102503
15.14  -0.009078909769358764  -0.00036265618723125865
15.16  -0.009078965675827408  -0.00036252101992328934
15.18  -0.009079021516267983  -0.00036238593919003104
15.200000000000001  -0.009079077298838695  -0.0003622509434735251
15.22  -0.00907913303140162  -0.0003621160316415909
15.24  -0.009079188721423145  -0.0003619812029894836
15.26  -0.009079244375890942  -0.0003618464572394919
15.280000000000001  -0.009079300001237503  -0.0003617117945315023
15.3  -0.009079355603272115  -0.0003615772154098281
15.32  -0.009079411187130014  -0.00036144272080711095
15.34  -0.009079466757221523  -0.00036130831201930825
15.36  -0.009079522317206032  -0.0003611739906849445
15.38  -0.009079577869963877  -0.00036103975875428256
15.4  -0.009079633417590171  -0.0003609056184595986
15.42  -0.00907968896139607  -0.00036077157227808074
15.44  -0.009079744501917161  -0.00036063762290032076
15.46  -0.009079800038935621  -0.00036050377318854745
15.48  -0.009079855571510533  -0.0003603700261402585
15.5  -0.009079911098020733  -0.00036023638484785063
15.52  -0.00907996661620799  -0.00036010285245803705
15.540000000000001  -0.009080022123232665  -0.000359969432136774
15.56  -0.009080077615735687  -0.00035983612702411284
15.58  -0.009080133089899883  -0.00035970294020307955
15.6  -0.009080188541518916  -0.0003595698746601247
15.620000000000001  -0.00908024396607044  -0.0003594369332573182
15.64  -0.009080299358786327  -0.0003593041186974948
15.66  -0.009080354714725927  -0.00035917143349643003
15.68  -0.009080410028850208  -0.00035903887996362063
15.700000000000001  -0.009080465296091576  -0.00035890646017475305
15.72  -0.00908052051142172  -0.00035877417595815643
15.74  -0.009080575669915616  -0.00035864202888070805
15.76  -0.009080630766817074  -0.0003585100202374465
15.780000000000001  -0.009080685797589567  -0.0003583781510427699
15.8  -0.009080740757969313  -0.0003582464220339056
15.82  -0.009080795644013272  -0.0003581148336683153
15.84  -0.009080850452132432  -0.0003579833861294122
15.860000000000001  -0.00908090517912653  -0.00035785207933392385
15.88  -0.009080959822208058  -0.0003577209129472516
15.9  -0.009081014379023422  -0.0003575898863948834
15.92  -0.009081068847663982  -0.00035745899888169416
15.94  -0.009081123226667959  -0.0003573282494088991
15.96  -0.009081177515022645  -0.0003571976368036217
15.98  -0.009081231712154251  -0.00035706715973476055
16.0  -0.00908128581791598  -0.00035693681674272106
16.02  -0.009081339832572456  -0.0003568066062658052
16.04  -0.009081393756766528  -0.00035667652666573397
16.06  -0.009081447591501625  -0.00035654657625892216
16.080000000000002  -0.009081501338104222  -0.0003564167533401794
16.1  -0.009081554998191988  -0.00035628705621073946
16.12  -0.009081608573635422  -0.00035615748320647083
16.14  -0.009081662066518191  -0.0003560280327237782
16.16  -0.009081715479098248  -0.0003558987032401895
16.18  -0.009081768813768301  -0.00035576949333853254
16.2  -0.009081822073011378  -0.00035564040172705305
16.22  -0.009081875259365909  -0.0003555114272560106
16.240000000000002  -0.009081928375384471  -0.00035538256893828256
16.26  -0.009081981423598555  -0.0003552538259563938
16.28  -0.009082034406482392  -0.00035512519767622237
16.3  -0.00908208732642308  -0.0003549966836519379
16.32  -0.00908214018569104  -0.00035486828363477
16.34  -0.009082192986413483  -0.00035473999757202235
16.36  -0.009082245730555175  -0.00035461182560616184
16.38  -0.009082298419896388  -0.0003544837680716023
16.4  -0.009082351056021313  -0.00035435582549107674
16.42  -0.00908240364030819  -0.0003542279985633353
16.44  -0.009082456173919621  -0.00035410028815133373
16.46  -0.00908250865780182  -0.000353972695275349
16.48  -0.009082561092682753  -0.0003538452210911194
16.5  -0.00908261347908116  -0.00035371786687650594
16.52  -0.00908266581730633  -0.0003535906340125376
16.54  -0.009082718107475334  -0.00035346352396242714
16.56  -0.009082770349522939  -0.00035333653825494446
16.580000000000002  -0.009082822543214917  -0.00035320967846039436
16.6  -0.00908287468816998  -0.0003530829461707135
16.62  -0.009082926783874033  -0.00035295634297867863
16.64  -0.00908297882970251  -0.0003528298704566557
16.66  -0.00908303082494252  -0.0003527035301360163
16.68  -0.009083082768811234  -0.00035257732349053023
16.7  -0.00908313466048085  -0.00035245125191403314
16.72  -0.009083186499098797  -0.0003523253167038143
16.740000000000002  -0.009083238283808562  -0.00035219951904801776
16.76  -0.009083290013770205  -0.000352073860008227
16.78  -0.009083341688179335  -0.000351948340509789
16.8  -0.00908339330628684  -0.0003518229613294921
16.82  -0.009083444867410036  -0.0003516977230881049
16.84  -0.009083496370954958  -0.00035157262624497615
16.86  -0.00908354781642133  -0.0003514476710896094
16.88  -0.00908359920341802  -0.0003513228577471997
16.9  -0.009083650531670304  -0.0003511981861711906
16.92  -0.00908370180102476  -0.00035107365614745693
16.94  -0.009083753011455527  -0.0003509492673015684
16.96  -0.009083804163065942  -0.0003508250190965767
16.98  -0.009083855256085703  -0.00035070091085019373
17.0  -0.009083906290873899  -0.0003505769417370247
17.02  -0.009083957267909525  -0.00035045311080099476
17.04  -0.009084008187790808  -0.000350329416966111
17.06  -0.00908405905122283  -0.0003502058590508473
17.080000000000002  -0.00908410985901336  -0.0003500824357807986
17.1  -0.00908416061206088  -0.00034995914580115706
17.12  -0.009084211311341761  -0.0003498359876928319
17.14  -0.009084261957901324  -0.0003497129599868767
17.16  -0.009084312552838984  -0.00034959006118008757
17.18  -0.009084363097297793  -0.00034946728974964247
17.2  -0.009084413592445637  -0.00034934464416489885
17.22  -0.009084464039468452  -0.0003492221229053069
17.240000000000002  -0.009084514439555394  -0.00034909972447204064
17.26  -0.00908456479388098  -0.0003489774473975237
17.28  -0.009084615103597909  -0.00034885529026024164
17.3  -0.009084665369826835  -0.00034873325169492087
17.32  -0.009084715593637934  -0.0003486113303996086
17.34  -0.009084765776047072  -0.0003484895251456227
17.36  -0.00908481591800652  -0.00034836783478418685
17.38  -0.009084866020392655  -0.0003482462582501461
17.400000000000002  -0.009084916084004503  -0.00034812479456727445
17.42  -0.009084966109552787  -0.0003480034428514776
17.44  -0.009085016097661276  -0.0003478822023097792
17.46  -0.009085066048856817  -0.0003477610722438818
17.48  -0.009085115963573052  -0.00034764005204601645
17.5  -0.009085165842146036  -0.00034751914119837864
17.52  -0.009085215684815351  -0.0003473983392688628
17.54  -0.009085265491726315  -0.00034727764590694333
17.56  -0.009085315262930146  -0.0003471570608420589
17.580000000000002  -0.009085364998390116  -0.00034703658387123863
17.6  -0.009085414697982585  -0.00034691621485748555
17.62  -0.009085464361503523  -0.00034679595372117593
17.64  -0.009085513988672047  -0.0003466758004341356
17.66  -0.009085563579138443  -0.0003465557550100717
17.68  -0.00908561313248846  -0.00034643581749834763
17.7  -0.009085662648252462  -0.0003463159879761624
17.72  -0.00908571212591015  -0.00034619626654183646
17.740000000000002  -0.009085761564897996  -0.00034607665330656825
17.76  -0.009085810964616442  -0.0003459571483894761
17.78  -0.009085860324437308  -0.00034583775190792995
17.8  -0.009085909643709898  -0.0003457184639759093
17.82  -0.009085958921767749  -0.00034559928469777543
17.84  -0.009086008157934838  -0.0003454802141596218
17.86  -0.00908605735153359  -0.0003453612524333676
17.88  -0.009086106501888461  -0.0003452423995664711
17.900000000000002  -0.00908615560833129  -0.00034512365558560563
17.92  -0.009086204670208712  -0.00034500502048998927
17.94  -0.009086253686883778  -0.00034488649425522055
17.96  -0.009086302657740896  -0.00034476807683022666
17.98  -0.009086351582191432  -0.0003446497681416955
18.0  -0.009086400459672874  -0.00034453156809090236
18.02  -0.009086449289657229  -0.0003444134765611205
18.04  -0.009086498071645382  -0.0003442954934145104
18.06  -0.009086546805177707  -0.00034417761849938895
18.080000000000002  -0.009086595489829766  -0.0003440598516542499
18.1  -0.009086644125215957  -0.0003439421927062878
18.12  -0.009086692710990149  -0.00034382464148042375
18.14  -0.009086741246844818  -0.00034370719780202666
18.16  -0.009086789732513152  -0.0003435898615001756
18.18  -0.009086838167768816  -0.00034347263241028716
18.2  -0.009086886552423672  -0.00034335551038342616
18.22  -0.00908693488633015  -0.00034323849528255243
18.240000000000002  -0.00908698316937951  -0.000343121586989655
18.26  -0.009087031401500344  -0.00034300478541014534
18.28  -0.009087079582658066  -0.0003428880904707729
18.3  -0.009087127712853998  -0.000342771502127203
18.32  -0.009087175792123862  -0.0003426550203601756
18.34  -0.00908722382053508  -0.0003425386451812244
18.36  -0.009087271798188488  -0.00034242237662902164
18.38  -0.009087319725213958  -0.0003423062147719685
18.400000000000002  -0.009087367601767107  -0.00034219015970526787
18.42  -0.009087415428031684  -0.00034207421155191915
18.44  -0.009087463204212377  -0.0003419583704591002
18.46  -0.0090875109305357  -0.00034184263659717615
18.48  -0.009087558607249106  -0.0003417270101554662
18.5  -0.009087606234612761  -0.00034161149134328184
18.52  -0.009087653812902316  -0.00034149608037950367
18.54  -0.009087701342402787  -0.0003413807774965757
18.56  -0.009087748823408948  -0.0003412655829321821
18.580000000000002  -0.009087796256218602  -0.00034115049692822673
18.6  -0.00908784364113147  -0.00034103551972136485
18.62  -0.009087890978446022  -0.00034092065154828113
18.64  -0.009087938268458651  -0.00034080589263353747
18.66  -0.009087985511456311  -0.0003406912431912862
18.68  -0.009088032707717408  -0.0003405767034210438
18.7  -0.009088079857506053  -0.00034046227350395476
18.72  -0.009088126961071344  -0.00034034795359890336
18.740000000000002  -0.009088174018646627  -0.00034023374384534356
18.76  -0.00908822103044065  -0.0003401196443544699
18.78  -0.009088267996643034  -0.0003400056552142169
18.8  -0.009088314917416839  -0.0003398917764837748
18.82  -0.009088361792902355  -0.0003397780081955036
18.84  -0.009088408623209735  -0.00033966435035671683
18.86  -0.00908845540842241  -0.0003395508029465687
18.88  -0.00908850214859538  -0.0003394373659194932
18.900000000000002  -0.009088548843755328  -0.000339324039207029
18.92  -0.009088595493900948  -0.00033921082271549306
18.94  -0.009088642099002595  -0.000339097716336848
18.96  -0.009088688659004102  -0.0003389847199421819
18.98  -0.009088735173824471  -0.00033887183338938086
19.0  -0.009088781643359732  -0.00033875905652295537
19.02  -0.009088828067482811  -0.00033864638918274404
19.04  -0.009088874446050055  -0.0003385338312012832
19.06  -0.009088920778900913  -0.00033842138240939093
19.080000000000002  -0.009088967065861521  -0.0003383090426406896
19.1  -0.009089013306750472  -0.0003381968117314227
19.12  -0.009089059501377512  -0.0003380846895262215
19.14  -0.009089105649551277  -0.0003379726758811305
19.16  -0.009089151751080563  -0.00033786077066287704
19.18  -0.009089197805779178  -0.00033774897375535306
19.2  -0.00908924381347044  -0.00033763728505821245
19.22  -0.009089289773988811  -0.0003375257044920634
19.240000000000002  -0.009089335687184294  -0.0003374142319940802
19.26  -0.009089381552925612  -0.00033730286752464434
19.28  -0.009089427371102826  -0.000337191611063716
19.3  -0.009089473141633431  -0.00033708046261332977
19.32  -0.00908951886445973  -0.00033696942219568684
19.34  -0.009089564539553889  -0.00033685848985445224
19.36  -0.009089610166920536  -0.0003367476656504264
19.38  -0.009089655746595933  -0.00033663694966394424
19.400000000000002  -0.009089701278651248  -0.0003365263419889829
19.42  -0.009089746763191187  -0.0003364158427345309
19.44  -0.009089792200354071  -0.00033630545202068045
19.46  -0.009089837590313085  -0.00033619516997643924
19.48  -0.009089882933274375  -0.00033608499673850966
19.5  -0.00908992822947664  -0.000335974932445793
19.52  -0.009089973479188463  -0.00033586497723718897
19.54  -0.009090018682706692  -0.00033575513125057256
19.56  -0.009090063840352642  -0.00033564539461894226
19.580000000000002  -0.00909010895247387  -0.00033553576747071424
19.6  -0.00909015401943537  -0.00033542624991943
19.62  -0.009090199041621037  -0.0003353168420686414
19.64  -0.009090244019427544  -0.00033520754400898024
19.66  -0.009090288953261787  -0.0003350983558121476
19.68  -0.009090333843537718  -0.0003349892775325766
19.7  -0.009090378690670567  -0.00033488030920445465
19.72  -0.009090423495076536  -0.00033477145084311364
19.740000000000002  -0.009090468257166376  -0.00033466270244059164
19.76  -0.009090512977342865  -0.00033455406396724614
19.78  -0.00909055765599908  -0.0003344455353706316
19.8  -0.009090602293511354  -0.00033433711657503075
19.82  -0.009090646890241078  -0.00033422880748793074
19.84  -0.009090691446530144  -0.0003341206079877013
19.86  -0.009090735962698878  -0.00033401251793815006
19.88  -0.009090780439042781  -0.00033390453718312306
19.900000000000002  -0.009090824875833611  -0.0003337966655473665
19.92  -0.009090869273316676  -0.0003336889028409951
19.94  -0.009090913631710391  -0.00033358124885760765
19.96  -0.009090957951206943  -0.00033347370338103276
19.98  -0.00909100223197002  -0.00033336626618294334
20.0  -0.00909104647413883  -0.0003332589370265354
