0.02  -0.032286496155782246  0.001531296854985367
0.04  -0.0747605070526226  0.00274419795566366
0.06  -0.11197246360894987  0.00327640324942125
0.08  -0.14479526977778912  0.003351038395132118
0.1  -0.17378338955907519  0.0031640320852512433
0.12  -0.1993156483302263  0.0028353028688032677
0.14  -0.22167733118964736  0.0024394445162503075
0.16  -0.24110419990791787  0.0020211601654065805
0.18  -0.25780216565058867  0.0016051283770618986
0.2  -0.2719570864351858  0.0012046090475349382
0.22  -0.2837383286870441  0.0008274942535127445
0.24  -0.2933053224972194  0.00047784880258052554
0.26  -0.3008102183289914  0.00015668547231272294
0.28  -0.30639732330887604  -0.00013663029182139745
0.3  -0.31020358998787134  -0.0004029673102436924
0.32  -0.31235936784209667  -0.0006424739177304313
0.34  -0.31298834362994493  -0.0008547817584797651
0.36  -0.31220813062652236  -0.0010394533546912697
0.38  -0.3101317304563751  -0.001196218528295859
0.4  -0.3068687459243413  -0.0013252785492222478
0.42  -0.3025260644121222  -0.0014274008570776772
0.44  -0.2972082062050768  -0.0015037570477313186
0.46  -0.2910174499938821  -0.0015557415162089753
0.48  -0.28405385258426447  -0.0015849311340663855
0.5  -0.2764151779384328  -0.0015930591702244474
0.52  -0.26819662704595093  -0.0015819209767005428
0.54  -0.25949051292115377  -0.0015533475916305322
0.56  -0.25038592039786517  -0.0015091977166032176
0.58  -0.24096834489702385  -0.0014513424545655731
0.6  -0.23131932908051295  -0.0013816458545886936
0.62  -0.2215161148488877  -0.0013019442442231991
0.64  -0.2116313257642193  -0.0012140268477397874
0.66  -0.20173269210003356  -0.001119618492728246
0.68  -0.19188282693673864  -0.0010203642359617763
0.7000000000000001  -0.18213905811279224  -0.0009178157997707439
0.72  -0.17255331693678716  -0.0008134209979222557
0.74  -0.16317208224242005  -0.0007085176115026195
0.76  -0.15403637759896538  -0.0006043314610822219
0.78  -0.14518181851503875  -0.0005019776715120162
0.8  -0.1366387077669667  -0.00040246476833994565
0.8200000000000001  -0.12843218148322955  -0.0003067005454949815
0.84  -0.12058242014523272  -0.00021549486001516433
0.86  -0.11310495215607445  -0.00012954947192694264
0.88  -0.10601104348193444  -4.94336921141861e-05
0.9  -0.0993080354284616  2.4421210264268835e-05
0.92  -0.09299945728221512  9.168979125031467e-05
0.9400000000000001  -0.08708501637485204  0.00015213748581630661
0.96  -0.08156076031825016  0.00020564756558972058
0.98  -0.07641950203875134  0.0002522470425144572
1.0  -0.07165134440490534  0.000292095520439396
1.02  -0.06724414099683057  0.00032544304659590993
1.04  -0.06318387496071717  0.0003525756724387355
1.06  -0.05945500228258271  0.00037372084877547744
1.08  -0.05604080456588045  0.0003888228675810721
1.1  -0.05292383424286181  0.00039710604407044243
1.12  -0.05008651472339201  0.00039686271103919415
1.1400000000000001  -0.0475113513909829  0.00038704379196904297
1.16  -0.04517996403633488  0.0003695326518937604
1.18  -0.04307283271339439  0.0003474836788339971
1.2  -0.041171486528063204  0.00032197645876140063
1.22  -0.03945910088415919  0.00029262734766066783
1.24  -0.03791668860748177  0.00026132012122189575
1.26  -0.036525892246822005  0.0002297499545660821
1.28  -0.03526964135515763  0.00019851814359454864
1.3  -0.03413187328956749  0.00016778979830826222
1.32  -0.033097503140943195  0.00013762018564454734
1.34  -0.03215243931681112  0.00010805403606644861
1.36  -0.03128360350900505  7.914369287552393e-05
1.3800000000000001  -0.030478944691933966  5.094435039909042e-05
1.4000000000000001  -0.02972744352708213  2.350530784287543e-05
1.42  -0.029019106835695283  -3.1362711426747647e-06
1.44  -0.02834495203125348  -2.8956691353387637e-05
1.46  -0.027696981420477072  -5.394379096529823e-05
1.48  -0.02706814743307399  -7.809353094985076e-05
1.5  -0.026452310204826104  -0.00010140526084150654
1.52  -0.02584418940174405  -0.00012387267538843417
1.54  -0.02523931209850607  -0.0001454723702077327
1.56  -0.024633950985567477  -0.00016618793657545677
1.58  -0.02402505701600578  -0.0001860238885594077
1.6  -0.02341020782975768  -0.00020498745732275986
1.62  -0.02278754922185862  -0.0002230775699417247
1.6400000000000001  -0.022155732814282063  -0.0002402835728305589
1.6600000000000001  -0.02151385610846797  -0.0002565861409296305
1.68  -0.02086140581472915  -0.00027195828797741946
1.7  -0.02019820493373951  -0.0002863661419410323
1.72  -0.0195243638974205  -0.0002997694947259419
1.74  -0.018840235928334476  -0.00031212217198664147
1.76  -0.01814637666297489  -0.00032337225829819847
1.78  -0.017443508005582774  -0.0003334622288263256
1.8  -0.016732486129735713  -0.0003423290820688736
1.82  -0.016014273566192297  -0.00034990466348269554
1.84  -0.015289915295278733  -0.0003561165246511299
1.86  -0.0145605185959493  -0.00036088974473334485
1.8800000000000001  -0.013827236909461534  -0.000364149886025924
1.9000000000000001  -0.013091257248611014  -0.0003658271686986718
1.92  -0.012353790848951999  -0.0003658613906361779
1.94  -0.01161606694231855  -0.00036420662012092255
1.96  -0.010879328814805932  -0.0003608350314173178
1.98  -0.010144831444556263  -0.0003557391947883426
2.0  -0.00941383999490993  -0.00034893267546460627
2.02  -0.00868762867286493  -0.0003404495762309628
2.04  -0.00796747929379173  -0.00033034399910817123
2.06  -0.007254678152157664  -0.000318689388861267
2.08  -0.006550511182219229  -0.00030557714780779326
2.1  -0.005856259465223538  -0.00029111508387984236
2.12  -0.005173194414340455  -0.0002754258767026238
2.14  -0.004502571550957661  -0.00025864548750941657
2.16  -0.0038456233151138355  -0.00024092124072863484
2.18  -0.0032035512716490303  -0.000222409506279861
2.2  -0.0025775179333045175  -0.00020327321778295824
2.22  -0.001968638216855747  -0.00018367928995235164
2.24  -0.0013779706990363757  -0.00016379597766435635
2.2600000000000002  -0.0008065088941159237  -0.0001437903164872993
2.2800000000000002  -0.00025517270524475204  -0.00012382570820876807
2.3000000000000003  0.0002751998119897548  -0.0001040596893104417
2.32  0.0007838602284370327  -8.464190151706629e-05
2.34  0.0012701569171432235  -6.571227529604938e-05
2.36  0.0017335414916365122  -4.739943523590924e-05
2.38  0.0021735743874799016  -2.981933502327588e-05
2.4  0.002589929482550273  -1.3074128928779264e-05
2.42  0.002982397665143138  2.7487125709354523e-06
2.44  0.0033508892728566796  1.757703455740377e-05
2.46  0.0036954353410977763  3.135437197656932e-05
2.48  0.004016187620560326  4.4040075459565644e-05
2.5  0.0043134173464697044  5.560921817025029e-05
2.52  0.004587512763682348  6.605233033950579e-05
2.54  0.00483897542673262  7.537500983840388e-05
2.56  0.005068415297271464  8.35974456971486e-05
2.58  0.005276544666329125  9.075387792193047e-05
2.6  0.005464170932577086  9.689200568922118e-05
2.62  0.005632188273061724  0.00010207234640405858
2.64  0.0057815682415498695  0.00010636754131482077
2.66  0.005913349355666925  0.00010986159104807246
2.68  0.00602862578103165  0.00011264898342928806
2.7  0.006128535287427373  0.00011483365375725916
2.72  0.006214246751592692  0.00011652769625819509
2.74  0.006286947594961278  0.00011784973120716226
2.7600000000000002  0.0063478316356142  0.0001189228370006489
2.7800000000000002  0.006398087853089418  0.00011987199244607906
2.8000000000000003  0.006438890471714  0.00012082104940451923
2.82  0.006471390561397273  0.00012188936510569825
2.84  0.006496709090823529  0.00012318834391727762
2.86  0.006515931143447619  0.00012481823175709307
2.88  0.006530100906743644  0.00012686553434417165
2.9  0.006540217093257498  0.00012940137389849237
2.92  0.0065472286066994454  0.00013248095883551015
2.94  0.006552030465315373  0.0001361441297731475
2.96  0.006555460157049274  0.00014041673858049725
2.98  0.0065582946446969305  0.00014531254838043387
3.0  0.006561248176465855  0.00015083539635678836
3.02  0.006564970944440196  0.00015698143226691627
3.04  0.006570048521454171  0.00016374130233405494
3.06  0.0065770019322605915  0.00017110218531749325
3.08  0.006586288183824351  0.00017904960326164216
3.1  0.0065983010891070126  0.00018756892747747974
3.12  0.006613372266873509  0.00019664648992582308
3.14  0.006631772276782806  0.00020627020883084301
3.16  0.006653711932174118  0.00021642966173055053
3.18  0.006679343894580584  0.00022711559430459388
3.2  0.006708764672624618  0.00023831892794731632
3.22  0.006742017120822504  0.00025002940062021395
3.24  0.00677909347589642  0.0002622340230225246
3.2600000000000002  0.006819938901120285  0.0002749155447000706
3.2800000000000002  0.006864455452093964  0.00028805110442807144
3.3000000000000003  0.006912506341301859  0.00030161119621076207
3.3200000000000003  0.006963920366312005  0.0003155590296038438
3.34  0.0070184963731834155  0.0003298503121341978
3.36  0.007076007645525185  0.00034443343936129854
3.38  0.00713620613371818  0.0003592500477972858
3.4  0.0071988264628791605  0.00037423586748666025
3.42  0.007263589679296323  0.00038932180296118114
3.44  0.007330206712123318  0.0004044351709660883
3.46  0.00739838154014372  0.0004195010282573004
3.48  0.007467814063048172  0.00043444353073153084
3.5  0.007538202683647521  0.00044918727434363866
3.52  0.007609246612579277  0.0004636585776840787
3.54  0.007680647910739769  0.00047778667497966565
3.56  0.007752113287470327  0.000491504796199552
3.58  0.007823355674526172  0.0005047511179826314
3.6  0.007894095597260068  0.0005174695749419367
3.62  0.007964062365306125  0.0005296105259033694
3.64  0.008032995105402342  0.0005411312737284532
3.66  0.008100643658817469  0.0005519964406723185
3.68  0.008166769365049717  0.0005621782039472345
3.7  0.008231145752448925  0.0005716563983048479
3.72  0.008293559154656006  0.000580418493987825
3.74  0.008353809269809305  0.000588459459695176
3.7600000000000002  0.008411709677076735  0.0005957815209751524
3.7800000000000002  0.008467088322518416  0.0006023938249843958
3.8000000000000003  0.008519787983514958  0.0006083120228901859
3.8200000000000003  0.008569666718186443  0.0006135577812596737
3.84  0.008616598303430204  0.0006181582337916444
3.86  0.008660472662528867  0.0006221453846798558
3.88  0.008701196280852428  0.0006255554748065759
3.9  0.008738692605722364  0.0006284283214364576
3.92  0.008772902423956928  0.0006308066413889121
3.94  0.008803784208128093  0.0006327353671818278
3.96  0.008831314420993015  0.0006342609655084849
3.98  0.008855487766511499  0.0006354307670593608
4.0  0.008876317375075495  0.0006362923159218016
4.0200000000000005  0.00889383490993393  0.0006368927460869474
4.04  0.008908090581677418  0.0006372781919418878
4.0600000000000005  0.008919153057988786  0.000637493238932208
4.08  0.008927109256819946  0.0006375804199202957
4.1  0.00893206401242632  0.000637579762101752
4.12  0.008934139605122187  0.0006375283886536156
4.14  0.00893347514741763  0.0006374601784442091
4.16  0.008930225821180464  0.0006374054862568978
4.18  0.008924561962732723  0.0006373909251371076
4.2  0.008916667995186384  0.0006374392115446022
4.22  0.008906741209888935  0.0006375690731343937
4.24  0.008894990401441087  0.0006377952181666111
4.26  0.008881634363397114  0.0006381283646560109
4.28  0.008866900254364004  0.0006385753266696633
4.3  0.008851021846731866  0.000639139154398162
4.32  0.008834237672697861  0.000639819323951248
4.34  0.008816789084460642  0.0006406119722374385
4.36  0.008798918247500016  0.0006415101717483507
4.38  0.008780866087600491  0.0006425042396153988
4.4  0.008762870213751104  0.0006435820749787625
4.42  0.008745162840180272  0.0006447295184462019
4.44  0.008727968731574876  0.0006459307273150329
4.46  0.0087115031959357  0.0006471685601436409
4.48  0.008695970149519396  0.000648424964379827
4.5  0.008681560277959946  0.0006496813608877875
4.5200000000000005  0.008668449316862541  0.0006509190194910901
4.54  0.008656796474011776  0.0006521194200291081
4.5600000000000005  0.008646743013819  0.0006532645938705994
4.58  0.008638411022805277  0.0006543374413238857
4.6000000000000005  0.008631902372773398  0.0006553220209625474
4.62  0.008627297895949978  0.0006562038074164424
4.64  0.008624656783710258  0.0006569699147967068
4.66  0.008624016217674944  0.0006576092835500274
4.68  0.008625391238947077  0.0006581128291896348
4.7  0.008628774858136921  0.0006584735520456911
4.72  0.008634138405647454  0.0006586866078063928
4.74  0.008641432118514564  0.0006587493393026595
4.76  0.008650585956955816  0.0006586612705514346
4.78  0.008661510640715974  0.0006584240646955968
4.8  0.008674098892390902  0.0006580414479544425
4.82  0.00868822687218121  0.0006575191021815289
4.84  0.00870375578600046  0.0006568645290421355
4.86  0.00872053364658798  0.0006560868891152566
4.88  0.00873839716535945  0.0006551968195876918
4.9  0.008757173751060653  0.0006542062343559486
4.92  0.00877668359000323  0.0006531281105144919
4.94  0.008796741781747832  0.0006519762652774468
4.96  0.008817160503547751  0.0006507651274087845
4.98  0.008837751176693498  0.0006495095071452712
5.0  0.008858326608105798  0.000648224368470112
5.0200000000000005  0.008878703081106065  0.0006469246073972975
5.04  0.008898702370194588  0.0006456248395805963
5.0600000000000005  0.008918153655938491  0.0006443392001961936
5.08  0.008936895317623112  0.0006430811585801165
5.1000000000000005  0.008954776583179601  0.0006418633496706732
5.12  0.00897165901809505  0.000640697423858511
5.14  0.00898741783740101  0.0006395939165737832
5.16  0.009001943027518706  0.0006385621386933067
5.18  0.009015140267552551  0.0006376100887147118
5.2  0.009026931642521262  0.000636744387409981
5.22  0.009037256143930202  0.0006359702353962307
5.24  0.009046069955966442  0.0006352913936653071
5.26  0.009053346528410956  0.0006347101866445054
5.28  0.00905907644008927  0.0006342275269157566
5.3  0.009063267059327532  0.0006338429603065898
5.32  0.009065942010379434  0.0006335547296977138
5.34  0.009067140457168532  0.0006333598556739605
5.36  0.009066916217828796  0.0006332542319348461
5.38  0.00906533672548828  0.0006332327332578138
5.4  0.009062481852421977  0.0006332893337454776
5.42  0.009058442616095331  0.0006334172330585285
5.44  0.009053319786755835  0.0006336089883089366
5.46  0.009047222417025637  0.0006338566493525597
5.48  0.009040266314458255  0.0006341518952590942
5.5  0.009032572478222867  0.0006344861698416764
5.5200000000000005  0.009024265520937751  0.0006348508142224841
5.54  0.00901547209632413  0.0006352371945748791
5.5600000000000005  0.00900631935260265  0.0006356368233352146
5.58  0.008996933430672649  0.0006360414723451138
5.6000000000000005  0.008987438024883528  0.0006364432766126427
5.62  0.008977953022856207  0.0006368348275609952
5.64  0.008968593239192779  0.0006372092548593267
5.66  0.00895946725621751  0.0006375602961585421
5.68  0.0089506763829851  0.000637882354267625
5.7  0.008942313741865219  0.0006381705415356682
5.72  0.008934463489953769  0.0006384207113906014
5.74  0.008927200180521991  0.0006386294772337006
5.76  0.008920588267649986  0.0006387942190239066
5.78  0.008914681755110822  0.0006389130781205862
5.8  0.008909523988665395  0.0006389849410252551
5.82  0.008905147588936502  0.0006390094129083246
5.84  0.008901574520314273  0.0006389867818219668
5.86  0.008898816289620064  0.0006389179746594566
5.88  0.008896874266782831  0.0006388045059644221
5.9  0.008895740118405058  0.0006386484207697906
5.92  0.008895396343927428  0.000638452232651333
5.94  0.008895816903136917  0.0006382188582125146
5.96  0.008896967922954725  0.000637951549207179
5.98  0.008898808470869372  0.0006376538234632598
6.0  0.008901291382001863  0.0006373293957489968
6.0200000000000005  0.008904364126602504  0.000636982109647701
6.04  0.008907969704798655  0.0006366158714517564
6.0600000000000005  0.0089120475555961  0.0006362345869730256
6.08  0.008916534467540517  0.0006358421021040679
6.1000000000000005  0.008921365478960379  0.0006354421478426995
6.12  0.008926474756414053  0.0006350382903789688
6.140000000000001  0.008931796440772098  0.0006346338867488418
6.16  0.008937265451311746  0.0006342320464360894
6.18  0.008942818239217252  0.0006338355991751517
6.2  0.008948393483000552  0.000633447069134437
6.22  0.008953932719510694  0.0006330686555113524
6.24  0.008959380905406374  0.0006327022195046778
6.26  0.008964686905200185  0.0006323492775024329
6.28  0.008969803903181377  0.0006320110002519714
6.3  0.00897468973773214  0.0006316882176902443
6.32  0.00897930715772026  0.0006313814290378731
6.34  0.008983624001746144  0.0006310908176909297
6.36  0.008987613302063121  0.0006308162704121556
6.38  0.008991253315960963  0.0006305574002628624
6.4  0.008994527488263696  0.0006303135726791309
6.42  0.008997424349371362  0.000630083934120809
6.44  0.008999937353927283  0.000629867442649898
6.46  0.00900206466578293  0.0006296628998534192
6.48  0.009003808895331995  0.0006294689834963718
6.5  0.00900517679564853  0.0006292842803468552
6.5200000000000005  0.009006178924064717  0.0006291073185869128
6.54  0.009006829275931648  0.0006289365993317337
6.5600000000000005  0.00900714489730602  0.0006287706267560388
6.58  0.00900714548318925  0.0006286079364107239
6.6000000000000005  0.00900685296778245  0.0006284471213482329
6.62  0.00900629111289257  0.0006282868557287561
6.640000000000001  0.009005485100294548  0.0006281259156597695
6.66  0.009004461133435664  0.0006279631970418748
6.68  0.009003246053361454  0.000627797730285363
6.7  0.009001866973230363  0.0006276286918115777
6.72  0.009000350935230488  0.0006274554122951721
6.74  0.008998724593117135  0.0006272773816735633
6.76  0.008997013922981353  0.0006270942510015743
6.78  0.008995243964293154  0.0006269058312627462
6.8  0.008993438592630729  0.0006267120892963503
6.82  0.00899162032495664  0.000626513141054187
6.84  0.008989810157734191  0.0006263092424050967
6.86  0.008988027437661906  0.0006261007777612803
6.88  0.008986289764320296  0.000625888246800431
6.9  0.008984612923585964  0.0006256722495976443
6.92  0.008983010850273853  0.000625453470481393
6.94  0.008981495618142103  0.0006252326609341826
6.96  0.00898007745508993  0.0006250106218649212
6.98  0.008978764781183052  0.0006247881856020078
7.0  0.008977564266936066  0.0006245661978883589
7.0200000000000005  0.00897648090920046  0.0006243455002271755
7.04  0.008975518121915285  0.0006241269128434476
7.0600000000000005  0.008974677838995603  0.0006239112185655371
7.08  0.008973960626662435  0.0006236991478398369
7.1000000000000005  0.008973365802592871  0.0006234913651340895
7.12  0.008972891559415212  0.0006232884569067189
7.140000000000001  0.008972535090203557  0.0006230909213062583
7.16  0.00897229271382691  0.0006228991597220299
7.18  0.008972159998221669  0.0006227134702818659
7.2  0.008972131879857622  0.0006225340433394727
7.22  0.008972202777939274  0.0006223609589816657
7.24  0.008972366702090718  0.0006221941865288258
7.26  0.008972617352551275  0.0006220335859843791
7.28  0.008972948212127664  0.000621878911362415
7.3  0.008973352629401396  0.0006217298157671983
7.32  0.008973823892900842  0.000621585858116238
7.34  0.008974355296170945  0.0006214465113395692
7.36  0.008974940193856203  0.0006213111718919959
7.38  0.008975572049097486  0.0006211791703910896
7.4  0.008976244472669929  0.0006210497831698652
7.42  0.008976951254456458  0.0006209222445491815
7.44  0.00897768638791024  0.0006207957595939309
7.46  0.008978444088274952  0.0006206695171381389
7.48  0.008979218805354496  0.0006205427028493385
7.5  0.00898000523167324  0.0006204145121058433
7.5200000000000005  0.008980798306854762  0.0006202841624643426
7.54  0.00898159321904649  0.0006201509055258212
7.5600000000000005  0.008982385404167868  0.0006200140379870372
7.58  0.008983170543703803  0.0006198729117166126
7.6000000000000005  0.008983944561717397  0.0006197269427100035
7.62  0.008984703621641693  0.0006195756187903809
7.640000000000001  0.008985444123358626  0.0006194185059670583
7.66  0.008986162700956165  0.0006192552534025704
7.68  0.008986856221460515  0.0006190855969234179
7.7  0.008987521784758699  0.0006189093611018305
7.72  0.008988156724822952  0.0006187264599108694
7.74  0.00898875861224718  0.0006185368959998835
7.76  0.008989325258054905  0.0006183407586645188
7.78  0.008989854718628149  0.0006181382205961007
7.8  0.008990345301561408  0.00061792953349613
7.82  0.008990795572180271  0.0006177150226967998
7.84  0.008991204360422642  0.0006174950808852278
7.86  0.008991570767735192  0.0006172701610799953
7.88  0.008991894173631606  0.0006170407689893437
7.9  0.008992174241531727  0.0006168074548815764
7.92  0.008992410923506168  0.0006165708051224892
7.94  0.008992604463566641  0.0006163314335017687
7.96  0.008992755399155608  0.0006160899724897417
7.98  0.0089928645605297  0.0006158470645419754
8.0  0.008992933067758889  0.0006156033535860682
8.02  0.00899296232511668  0.0006153594767862323
8.040000000000001  0.008992954012702703  0.000615116056705182
8.06  0.008992910075163937  0.0006148736939414008
8.08  0.008992832707489164  0.0006146329603346472
8.1  0.008992724337868128  0.0006143943927977842
8.120000000000001  0.00899258760770209  0.0006141584878440917
8.14  0.008992425348907051  0.0006139256968540703
8.16  0.008992240558700917  0.0006136964221012593
8.18  0.008992036372145483  0.0006134710135846625
8.2  0.008991816032734325  0.0006132497666468207
8.22  0.008991582861396688  0.0006130329203969673
8.24  0.008991340224295223  0.0006128206569210878
8.26  0.008991091499854734  0.0006126131012439626
8.28  0.008990840045450435  0.0006124103220266356
8.3  0.008990589164221501  0.0006122123329374489
8.32  0.008990342072475403  0.0006120190946664711
8.34  0.008990101868123794  0.0006118305175085146
8.36  0.008989871500609115  0.0006116464644635654
8.38  0.008989653742732069  0.0006114667547818717
8.4  0.008989451164767938  0.0006112911678925741
8.42  0.00898926611123743  0.0006111194476299369
8.44  0.008989100680631107  0.000610951306697162
8.46  0.008988956708353016  0.0006107864312969329
8.48  0.008988835753102102  0.0006106244858469366
8.5  0.008988739086826014  0.0006104651177275598
8.52  0.008988667688370576  0.0006103079619841998
8.540000000000001  0.008988622240838335  0.00061015264594203
8.56  0.008988603132651582  0.0006099987936574848
8.58  0.008988610462231258  0.0006098460301761207
8.6  0.008988644046170207  0.0006096939855434066
8.620000000000001  0.008988703430699761  0.0006095422985333188
8.64  0.008988787906234402  0.0006093906200691135
8.66  0.008988896524699976  0.0006092386163065699
8.68  0.008989028119346383  0.0006090859713582442
8.700000000000001  0.00898918132669273  0.0006089323896655652
8.72  0.008989354610238273  0.0006087775979905415
8.74  0.008989546285545696  0.0006086213470411699
8.76  0.008989754546308548  0.0006084634127366032
8.78  0.008989977490984982  0.0006083035971187558
8.8  0.008990213149614372  0.0006081417289140174
8.82  0.00899045951041436  0.0006079776637939157
8.84  0.00899071454578692  0.0006078112843175557
8.86  0.008990976237377215  0.0006076424996134364
8.88  0.008991242599873734  0.000607471244802268
8.9  0.008991511703225175  0.0006072974802058641
8.92  0.008991781693049029  0.0006071211903519432
8.94  0.00899205080898221  0.0006069423828242472
8.96  0.008992317400816942  0.0006067610869627268
8.98  0.00899257994226008  0.0006065773524622011
9.0  0.008992837042251907  0.0006063912478765591
9.02  0.008993087453766225  0.0006062028590675204
9.040000000000001  0.008993330080105753  0.0006060122876109734
9.06  0.008993563978715237  0.0006058196491917334
9.08  0.008993788362587907  0.0006056250719902883
9.1  0.008994002599379674  0.0006054286950865539
9.120000000000001  0.008994206208366409  0.0006052306669001557
9.14  0.008994398855422504  0.0006050311436661853
9.16  0.008994580346212278  0.0006048302879606711
9.18  0.00899475061781278  0.000604628267284534
9.200000000000001  0.008994909729009255  0.0006044252527139628
9.22  0.008995057849487616  0.0006042214176059335
9.24  0.00899519524819365  0.0006040169363773405
9.26  0.00899532228109988  0.0006038119833451355
9.28  0.008995439378630975  0.0006036067316359092
9.3  0.008995547032982755  0.0006034013521492184
9.32  0.008995645785572687  0.0006031960125906731
9.34  0.00899573621482976  0.0006029908765493322
9.36  0.00899581892451366  0.0006027861026359391
9.38  0.008995894532745002  0.0006025818436652009
9.4  0.008995963661897428  0.0006023782458866002
9.42  0.008996026929461009  0.0006021754482504145
9.44  0.008996084939999207  0.000601973581722644
9.46  0.00899613827824424  0.0006017727686351195
9.48  0.0089961875033913  0.0006015731220676504
9.5  0.008996233144609928  0.0006013747452768092
9.52  0.008996275697749525  0.0006011777311590368
9.540000000000001  0.008996315623217808  0.0006009821617556264
9.56  0.008996353344971723  0.0006007881077948612
9.58  0.008996389250544369  0.000600595628287956
9.6  0.008996423692012544  0.0006004047701691369
9.620000000000001  0.008996456987796712  0.0006002155679975334
9.64  0.008996489425170338  0.0006000280437150198
9.66  0.008996521263342383  0.0005998422064691383
9.68  0.008996552736984399  0.0005996580525130127
9.700000000000001  0.008996584060052147  0.0005994755651770086
9.72  0.008996615429768668  0.0005992947149282568
9.74  0.008996647030626994  0.0005991154594974972
9.76  0.008996679038283736  0.0005989377441155411
9.78  0.00899671162322721  0.0005987615018246699
9.8  0.008996744954096933  0.0005985866538837359
9.82  0.008996779200576045  0.000598413110275274
9.84  0.00899681453575975  0.0005982407702911435
9.86  0.008996851137944035  0.000598069523221084
9.88  0.008996889191785738  0.0005978992491137446
9.9  0.008996928888812008  0.0005977298196281758
9.92  0.008996970427259818  0.0005975610989613857
9.94  0.008997014011260514  0.0005973929448531879
9.96  0.008997059849415907  0.0005972252096910986
9.98  0.008997108152783324  0.0005970577417102775
10.0  0.00899715913236378  0.0005968903863241863
10.02  0.008997212996171539  0.0005967229876125655
10.040000000000001  0.0089972699459821  0.0005965553899622842
10.06  0.008997330173869491  0.0005963874399084008
10.08  0.008997393858645272  0.0005962189881229547
10.1  0.008997461162298926  0.000596049891540299
10.120000000000001  0.008997532226537014  0.0005958800155424371
10.14  0.008997607169479466  0.000595709236122185
10.16  0.008997686082584071  0.0005955374419468141
10.18  0.00899776902782273  0.000595364536231069
10.200000000000001  0.008997856035152942  0.0005951904383527693
10.22  0.00899794710031106  0.0005950150851668074
10.24  0.008998042182962544  0.0005948384319890538
10.26  0.008998141205243698  0.0005946604532470734
10.28  0.00899824405074719  0.0005944811427908501
10.3  0.008998350563998121  0.0005943005139009248
10.32  0.008998460550458052  0.0005941185989943177
10.34  0.008998573777104571  0.0005939354490637554
10.36  0.008998689973614686  0.0005937511328658206
10.38  0.008998808834170426  0.0005935657358921387
10.4  0.008998930019887632  0.000593379359133239
10.42  0.008999053161850346  0.0005931921176630247
10.44  0.00899917786473619  0.0005930041390644896
10.46  0.008999303710977142  0.0005928155617212113
10.48  0.008999430265393037  0.0005926265329832983
10.5  0.008999557080252268  0.0005924372072490817
10.52  0.008999683700647021  0.0005922477439672192
10.540000000000001  0.008999809670123388  0.0005920583055907913
10.56  0.00899993453644803  0.0005918690555087092
10.58  0.009000057857430969  0.0005916801559768325
10.6  0.00900017920668877  0.000591491766072635
10.620000000000001  0.009000298179263268  0.0005913040397022702
10.64  0.009000414396985002  0.000591117123681539
10.66  0.009000527513493228  0.0005909311559206861
10.68  0.009000637218831374  0.0005907462637362213
10.700000000000001  0.009000743243534184  0.0005905625623061873
10.72  0.00900084536214006  0.0005903801533091596
10.74  0.009000943396071975  0.0005901991237339634
10.76  0.009001037215838498  0.0005900195449162029
10.78  0.009001126742524693  0.0005898414717805428
10.8  0.00900121194855822  0.0005896649423269154
10.82  0.009001292857722661  0.000589489977346878
10.84  0.009001369544450325  0.0005893165803900391
10.86  0.009001442132395714  0.0005891447379664425
10.88  0.009001510792318696  0.0005889744199928026
10.9  0.00900157573933386  0.0005888055804652427
10.92  0.009001637229552596  0.0005886381583514335
10.94  0.00900169555620501  0.0005884720786906359
10.96  0.009001751045286856  0.0005883072538668793
10.98  0.00900180405082096  0.0005881435850525359
11.0  0.00900185494980173  0.0005879809637875952
11.02  0.009001904136916521  0.0005878192736663571
11.040000000000001  0.009001952019110587  0.0005876583921069925
11.06  0.009001999010098957  0.0005874981921739996
11.08  0.009002045524900559  0.0005873385444230236
11.1  0.009002091974463161  0.000587179318733901
11.120000000000001  0.009002138760485633  0.000587020386111501
11.14  0.009002186270477322  0.0005868616204169101
11.16  0.009002234873144268  0.0005867029000100907
11.18  0.009002284914148131  0.0005865441092747741
11.200000000000001  0.009002336712294773  0.0005863851400070457
11.22  0.009002390556201646  0.0005862258926426982
11.24  0.009002446701465239  0.0005860662773110904
11.26  0.009002505368367985  0.0005859062147071457
11.28  0.009002566740126651  0.0005857456367552947
11.3  0.009002630961701919  0.0005855844870715052
11.32  0.009002698139155349  0.0005854227212256826
11.34  0.00900276833954702  0.000585260306785536
11.36  0.00900284159134768  0.0005850972231737754
11.38  0.009002917885354405  0.0005849334613314702
11.4  0.009002997176061733  0.0005847690232147263
11.42  0.009003079383455187  0.000584603921134026
11.44  0.009003164395193915  0.0005844381769622526
11.46  0.009003252069134937  0.0005842718212230463
11.48  0.009003342236146506  0.0005841048921032013
11.5  0.00900343470316431  0.0005839374343851885
11.52  0.009003529256451141  0.000583769498343814
11.540000000000001  0.009003625664988557  0.0005836011386149338
11.56  0.009003723683968803  0.0005834324130726935
11.58  0.009003823058325113  0.000583263381712747
11.6  0.009003923526253253  0.0005830941055787382
11.620000000000001  0.009004024822685518  0.0005829246457401778
11.64  0.00900412668265686  0.0005827550623396845
11.66  0.009004228844538546  0.0005825854137185215
11.68  0.009004331053090928  0.0005824157556331255
11.700000000000001  0.009004433062302485  0.0005822461405675972
11.72  0.009004534637989545  0.0005820766171585449
11.74  0.00900463556013214  0.0005819072297196712
11.76  0.009004735624916969  0.0005817380178876325
11.78  0.009004834646483734  0.0005815690163704347
11.8  0.009004932458359528  0.0005814002548053475
11.82  0.009005028914578755  0.0005812317577296014
11.84  0.009005123890485033  0.0005810635446383312
11.86  0.009005217283221345  0.0005808956301420723
11.88  0.009005309011916755  0.000580728024200368
11.9  0.009005399017585758  0.0005805607324353608
11.92  0.009005487262746527  0.0005803937564963971
11.94  0.00900557373078708  0.0005802270944865274
11.96  0.009005658425095278  0.0005800607414226956
11.98  0.009005741367975391  0.0005798946897249951
12.0  0.009005822599391297  0.0005797289297192719
12.02  0.009005902175532519  0.0005795634501424621
12.040000000000001  0.00900598016726564  0.0005793982386522595
12.06  0.009006056658479202  0.0005792332823049079
12.08  0.00900613174434976  0.000579068568025339
12.1  0.009006205529568463  0.0005789040830204691
12.120000000000001  0.009006278126544977  0.0005787398151811927
12.14  0.009006349653616082  0.000578575753406139
12.16  0.00900642023328395  0.0005784118878953697
12.18  0.009006489990512317  0.000578248210384153
12.200000000000001  0.009006559051084245  0.0005780847143185445
12.22  0.009006627540062494  0.000577921394966157
12.24  0.009006695580343628  0.0005777582494815631
12.26  0.009006763291340463  0.0005775952769100335
12.280000000000001  0.009006830787786649  0.000577432478135203
12.3  0.00900689817868468  0.0005772698557817478
12.32  0.009006965566389514  0.0005771074140672501
12.34  0.009007033045841713  0.0005769451586246021
12.36  0.009007100703948473  0.0005767830962750862
12.38  0.009007168619109489  0.0005766212347848883
12.4  0.009007236860878197  0.0005764595825955808
12.42  0.009007305489763398  0.0005762981485471065
12.44  0.009007374557162686  0.0005761369415788653
12.46  0.009007444105409289  0.0005759759704458999
12.48  0.009007514167938935  0.00057581524343215
12.5  0.009007584769541669  0.0005756547680765492
12.52  0.009007655926721814  0.0005754945509211457
12.540000000000001  0.009007727648118583  0.0005753345972770189
12.56  0.009007799935003119  0.0005751749110209992
12.58  0.009007872781819023  0.0005750154944235282
12.6  0.0090079461767712  0.0005748563480133967
12.620000000000001  0.00900802010243661  0.000574697470474853
12.64  0.009008094536400904  0.0005745388585874033
12.66  0.00900816945189391  0.0005743805072013653
12.68  0.009008244818430908  0.0005742224092598876
12.700000000000001  0.009008320602438884  0.00057406455585459
12.72  0.009008396767859174  0.0005739069363118099
12.74  0.00900847327673182  0.0005737495383281782
12.76  0.009008550089747337  0.0005735923481233975
12.780000000000001  0.009008627166755372  0.0005734353506370876
12.8  0.009008704467239538  0.0005732785297311536
12.82  0.00900878195074744  0.0005731218684285062
12.84  0.009008859577276072  0.0005729653491622895
12.86  0.009008937307613579  0.0005728089540333025
12.88  0.009009015103633049  0.0005726526650749273
12.9  0.00900909292854557  0.0005724964645256352
12.92  0.0090091707471106  0.000572340335085097
12.94  0.009009248525800557  0.0005721842601789542
12.96  0.00900932623293879  0.0005720282241928113
12.98  0.0090094038387936  0.0005718722127065836
13.0  0.009009481315645586  0.0005717162127019673
13.02  0.009009558637828121  0.0005715602127407647
13.040000000000001  0.009009635781741292  0.0005714042031251503
13.06  0.009009712725849921  0.0005712481760299683
13.08  0.00900978945066323  0.0005710921256008672
13.1  0.009009865938699065  0.0005709360480221579
13.120000000000001  0.009009942174442771  0.0005707799415568488
13.14  0.009010018144293384  0.0005706238065497241
13.16  0.009010093836512405  0.000570467645407398
13.18  0.00901016924116519  0.0005703114625372115
13.200000000000001  0.009010244350063503  0.0005701552642671913
13.22  0.009010319156708177  0.0005699990587377951
13.24  0.009010393656235837  0.0005698428557667881
13.26  0.009010467845367602  0.0005696866666926005
13.280000000000001  0.009010541722359426  0.0005695305042017303
13.3  0.009010615286956476  0.0005693743821433852
13.32  0.009010688540352958  0.000569218315320988
13.34  0.009010761485146235  0.000569062319290136
13.36  0.009010834125303162  0.0005689064101393095
13.38  0.009010906466117354  0.0005687506042745994
13.4  0.00901097851417084  0.0005685949182057683
13.42  0.009011050277292348  0.000568439368334751
13.44  0.009011121764512577  0.0005682839707577124
13.46  0.00901119298601348  0.0005681287410664185
13.48  0.009011263953079367  0.0005679736941756122
13.5  0.009011334678030884  0.0005678188441573777
13.52  0.009011405174159137  0.0005676642040928383
13.540000000000001  0.009011475455650099  0.0005675097859487451
13.56  0.00901154553750217  0.0005673556004651354
13.58  0.009011615435430841  0.0005672016570724301
13.6  0.009011685165769072  0.0005670479638200101
13.620000000000001  0.00901175474535736  0.0005668945273353289
13.64  0.009011824191428399  0.0005667413527966837
13.66  0.009011893521481601  0.0005665884439328554
13.68  0.009011962753152148  0.0005664358030389253
13.700000000000001  0.009012031904074437  0.0005662834310080644
13.72  0.00901210099174637  0.0005661313273849806
13.74  0.009012170033384722  0.0005659794904352422
13.76  0.009012239045785624  0.000565827917225854
13.780000000000001  0.00901230804518418  0.0005656766037171121
13.8  0.009012377047116934  0.000565525544868566
13.82  0.009012446066291403  0.0005653747347479047
13.84  0.009012515116458626  0.0005652241666504056
13.86  0.009012584210298059  0.0005650738332206862
13.88  0.009012653359314199  0.0005649237265740264
13.9  0.009012722573738668  0.0005647738384235483
13.92  0.009012791862449746  0.00056462416019593
13.94  0.009012861232909848  0.0005644746831531412
13.96  0.009012930691111804  0.0005643253985046546
13.98  0.00901300024154527  0.00056417629751425
14.0  0.009013069887181386  0.0005640273716005597
14.02  0.009013139629473194  0.0005638786124182592
14.040000000000001  0.009013209468370816  0.000563730011947045
14.06  0.009013279402359006  0.0005635815625599907
14.08  0.009013349428507629  0.0005634332570802786
14.1  0.009013419542539917  0.0005632850888339431
14.120000000000001  0.009013489738914781  0.0005631370516857668
14.14  0.009013560010922607  0.0005629891400682481
14.16  0.009013630350794572  0.0005628413489976202
14.18  0.009013700749819057  0.0005626936740842189
14.200000000000001  0.009013771198476336  0.0005625461115267807
14.22  0.009013841686567579  0.0005623986581103636
14.24  0.009013912203359245  0.000562251311179141
14.26  0.0090139827377269  0.0005621040686216131
14.280000000000001  0.00901405327829788  0.0005619569288339483
14.3  0.009014123813599922  0.0005618098906928605
14.32  0.009014194332199204  0.0005616629535111452
14.34  0.009014264822839044  0.0005615161169994331
14.36  0.009014335274568786  0.0005613693812236925
14.38  0.00901440567686719  0.000561222746560841
14.4  0.009014476019757262  0.0005610762136566464
14.42  0.009014546293902113  0.0005609297833811522
14.44  0.009014616490702074  0.0005607834567901572
14.46  0.009014686602366605  0.0005606372350823265
14.48  0.009014756621973919  0.0005604911195634462
14.5  0.009014826543529508  0.0005603451116152195
14.52  0.009014896361990954  0.0005601992126586339
14.540000000000001  0.009014966073288982  0.0005600534241346714
14.56  0.009015035674338341  0.0005599077474755593
14.58  0.009015105163021814  0.0005597621840839365
14.6  0.00901517453817315  0.0005596167353215234
14.620000000000001  0.0090152437995408  0.0005594714024919258
14.64  0.009015312947740425  0.0005593261868308606
14.66  0.009015381984198286  0.000559181089503683
14.68  0.009015450911087547  0.0005590361115968121
14.700000000000001  0.009015519731252038  0.0005588912541137974
14.72  0.009015588448127838  0.0005587465179807971
14.74  0.009015657065650686  0.0005586019040446917
14.76  0.009015725588177145  0.0005584574130734145
14.780000000000001  0.009015794020385087  0.0005583130457595079
14.8  0.009015862367182863  0.0005581688027261049
14.82  0.009015930633618717  0.0005580246845219557
14.84  0.009015998824789076  0.0005578806916335911
14.86  0.009016066945751675  0.0005577368244800802
14.88  0.00901613500144469  0.0005575930834162961
14.9  0.009016202996606392  0.0005574494687343092
14.92  0.009016270935706994  0.0005573059806618283
14.94  0.009016338822882091  0.0005571626193637533
14.96  0.009016406661874596  0.000557019384940835
14.98  0.009016474455988903  0.0005568762774327351
15.0  0.009016542208051499  0.0005567332968176172
15.02  0.009016609920375276  0.0005565904430154809
15.040000000000001  0.009016677594745065  0.0005564477158970277
15.06  0.009016745232401507  0.0005563051152910842
15.08  0.009016812834040834  0.0005561626409992409
15.1  0.009016880399827518  0.000556020292807899
15.120000000000001  0.009016947929410844  0.0005558780705138711
15.14  0.00901701542196036  0.0005557359739385666
15.16  0.009017082876205333  0.0005555940029547944
15.18  0.009017150290491275  0.0005554521575076782
15.200000000000001  0.009017217662839312  0.0005553104376314207
15.22  0.009017284991018159  0.0005551688434609632
15.24  0.009017352272620169  0.0005550273752471279
15.26  0.009017419505141434  0.000554886033350997
15.280000000000001  0.00901748668606231  0.0005547448182358021
15.3  0.009017553812924597  0.0005546037304502895
15.32  0.00901762088340911  0.0005544627706071341
15.34  0.009017687895395084  0.0005543219393483761
15.36  0.009017754847022347  0.000554181237312849
15.38  0.009017821736733855  0.000554040665096853
15.4  0.009017888563307088  0.000553900223217624
15.42  0.009017955325874676  0.0005537599120730182
15.44  0.009018022023928486  0.0005536197319100308
15.46  0.009018088657320018  0.0005534796827947975
15.48  0.009018155226235093  0.0005533397645882001
15.5  0.009018221731169203  0.0005531999769282942
15.52  0.009018288172891869  0.0005530603192207782
15.540000000000001  0.009018354552400524  0.00055292079063425
15.56  0.009018420870870125  0.0005527813901082422
15.58  0.009018487129597765  0.0005526421163570754
15.6  0.009018553329947098  0.0005525029678952412
15.620000000000001  0.009018619473283251  0.0005523639430571474
15.64  0.009018685560920413  0.0005522250400262376
15.66  0.009018751594060428  0.0005520862568705546
15.68  0.009018817573741806  0.0005519475915790862
15.700000000000001  0.009018883500786539  0.0005518090421030891
15.72  0.009018949375755068  0.0005516706063979414
15.74  0.009019015198912584  0.0005515322824659222
15.76  0.009019080970189598  0.0005513940684000876
15.780000000000001  0.009019146689166275  0.0005512559624284083
15.8  0.009019212355046874  0.0005511179629495233
15.82  0.009019277966660216  0.0005509800685762414
15.84  0.009019343522453429  0.0005508422781672622
15.860000000000001  0.009019409020503497  0.0005507045908555235
15.88  0.009019474458530406  0.0005505670060778033
15.9  0.009019539833925309  0.0005504295235934975
15.92  0.009019605143773538  0.0005502921434992877
15.94  0.009019670384899373  0.0005501548662358053
15.96  0.009019735553903372  0.0005500176925958512
15.98  0.009019800647211463  0.0005498806237172614
16.0  0.009019865661123972  0.0005497436610733419
16.02  0.009019930591871447  0.0005496068064640258
16.04  0.009019995435669332  0.0005494700619912163
16.06  0.009020060188774322  0.0005493334300353981
16.080000000000002  0.009020124847539186  0.0005491969132252531
16.1  0.009020189408469804  0.0005490605144065721
16.12  0.009020253868278268  0.0005489242366048658
16.14  0.009020318223928792  0.0005487880829867654
16.16  0.009020382472687112  0.0005486520568178422
16.18  0.009020446612162135  0.0005485161614191207
16.2  0.009020510640340845  0.0005483804001309464
16.22  0.009020574555616476  0.0005482447762630524
16.240000000000002  0.009020638356814777  0.0005481092930589198
16.26  0.009020702043214812  0.0005479739536519198
16.28  0.009020765614553242  0.0005478387610349341
16.3  0.00902082907103298  0.0005477037180190909
16.32  0.009020892413318729  0.000547568827208277
16.34  0.009020955642527742  0.0005474340909708535
16.36  0.009021018760215159  0.0005472995114149629
16.38  0.009021081768351563  0.0005471650903717938
16.4  0.009021144669298606  0.0005470308293891249
16.42  0.00902120746577016  0.0005468967297141318
16.44  0.00902127016080537  0.0005467627922944034
16.46  0.009021332757721089  0.0005466290177810522
16.48  0.009021395260074463  0.0005464954065322709
16.5  0.009021457671615263  0.0005463619586256156
16.52  0.009021519996242412  0.000546228673873365
16.54  0.009021582237951915  0.0005460955518397894
16.56  0.009021644400794534  0.0005459625918663531
16.580000000000002  0.009021706488832004  0.0005458297930920441
16.6  0.009021768506087269  0.0005456971544829112
16.62  0.009021830456509535  0.0005455646748638308
16.64  0.009021892343928813  0.000545432352943274
16.66  0.00902195417202388  0.0005453001873490159
16.68  0.009022015944292156  0.0005451681766557314
16.7  0.009022077664018921  0.0005450363194147813
16.72  0.009022139334260623  0.0005449046141846035
16.740000000000002  0.009022200957821407  0.0005447730595605151
16.76  0.009022262537241935  0.0005446416541948825
16.78  0.009022324074792889  0.000544510396820896
16.8  0.009022385572468528  0.0005443792862737401
16.82  0.0090224470319932  0.0005442483215083518
16.84  0.009022508454824458  0.0005441175016089856
16.86  0.00902256984216146  0.0005439868258004623
16.88  0.009022631194963913  0.000543856293452774
16.9  0.009022692513964321  0.0005437259040842416
16.92  0.00902275379969492  0.0005435956573573381
16.94  0.00902281505250466  0.0005434655530766922
16.96  0.009022876272587091  0.0005433355911727905
16.98  0.009022937460006365  0.000543205771696825
17.0  0.00902299861472616  0.0005430760948031907
17.02  0.009023059736635763  0.0005429465607291303
17.04  0.009023120825578646  0.0005428171697761798
17.06  0.009023181881377247  0.0005426879222851279
17.080000000000002  0.009023242903861506  0.0005425588186179621
17.1  0.009023303892891849  0.0005424298591250172
17.12  0.009023364848380684  0.0005423010441242468
17.14  0.00902342577031194  0.0005421723738761367
17.16  0.009023486658758956  0.0005420438485571359
17.18  0.009023547513898098  0.0005419154682329528
17.2  0.009023608336018571  0.0005417872328360814
17.22  0.009023669125528893  0.0005416591421475499
17.240000000000002  0.009023729882962999  0.000541531195770922
17.26  0.00902379060897622  0.0005414033931187104
17.28  0.009023851304346731  0.0005412757333943569
17.3  0.009023911969964028  0.0005411482155829141
17.32  0.009023972606821234  0.0005410208384393719
17.34  0.009024033215999348  0.0005408936004830655
17.36  0.009024093798652075  0.0005407664999952239
17.38  0.009024154355984679  0.0005406395350188601
17.400000000000002  0.009024214889233027  0.0005405127033637435
17.42  0.009024275399638711  0.0005403860026145539
17.44  0.009024335888422722  0.0005402594301394182
17.46  0.009024396356759178  0.0005401329831081136
17.48  0.009024456805747306  0.0005400066585076913
17.5  0.009024517236382689  0.0005398804531649792
17.52  0.009024577649526886  0.000539754363766593
17.54  0.009024638045885701  0.0005396283868921181
17.56  0.00902469842597814  0.0005395025190406418
17.580000000000002  0.009024758790114442  0.0005393767566607569
17.6  0.00902481913837306  0.0005392510961816199
17.62  0.009024879470581152  0.0005391255340535062
17.64  0.009024939786301638  0.000539000066778809
17.66  0.00902500008481831  0.0005388746909448468
17.68  0.009025060365129484  0.000538749403265207
17.7  0.009025120625944457  0.0005386242006103349
17.72  0.00902518086568388  0.0005384990800402103
17.740000000000002  0.009025241082485664  0.0005383740388405448
17.76  0.009025301274214685  0.0005382490745451318
17.78  0.009025361438478536  0.0005381241849692641
17.8  0.009025421572647251  0.0005379993682279659
17.82  0.009025481673873036  0.0005378746227549115
17.84  0.009025541739122291  0.0005377499473215182
17.86  0.009025601765201318  0.0005376253410471785
17.88  0.009025661748792213  0.0005375008034015094
17.900000000000002  0.009025721686486056  0.000537376334209403
17.92  0.009025781574818745  0.0005372519336456173
17.94  0.00902584141031313  0.0005371276022318801
17.96  0.00902590118950932  0.0005370033408151967
17.98  0.009025960909007882  0.0005368791505561599
18.0  0.00902602056550086  0.0005367550329100305
18.02  0.009026080155809465  0.0005366309895935672
18.04  0.009026139676913342  0.000536507022564005
18.06  0.009026199125979167  0.0005363831339828053
18.080000000000002  0.009026258500387664  0.0005362593261844435
18.1  0.00902631779775349  0.0005361356016408451
18.12  0.009026377015943915  0.0005360119629223916
18.14  0.009026436153088544  0.0005358884126630788
18.16  0.00902649520759112  0.0005357649535243033
18.18  0.009026554178130414  0.0005356415881551382
18.2  0.009026613063663307  0.0005355183191628421
18.22  0.009026671863414753  0.0005353951490756702
18.240000000000002  0.009026730576873185  0.0005352720803172761
18.26  0.009026789203776472  0.0005351491151732691
18.28  0.009026847744094377  0.0005350262557722128
18.3  0.009026906198007195  0.0005349035040642015
18.32  0.009026964565887126  0.0005347808618042862
18.34  0.00902702284827303  0.000534658330540509
18.36  0.009027081045840518  0.0005345359116063352
18.38  0.00902713915938071  0.0005344136061148185
18.400000000000002  0.009027197189767938  0.0005342914149604474
18.42  0.009027255137935458  0.0005341693388240059
18.44  0.009027313004848148  0.0005340473781787693
18.46  0.009027370791473213  0.0005339255333059093
18.48  0.009027428498759652  0.000533803804304832
18.5  0.009027486127615184  0.0005336821911123705
18.52  0.00902754367888441  0.0005335606935254981
18.54  0.00902760115333186  0.0005334393112188144
18.56  0.009027658551629115  0.0005333180437707623
18.580000000000002  0.009027715874341856  0.0005331968906886388
18.6  0.00902777312192007  0.0005330758514297061
18.62  0.009027830294694821  0.0005329549254282097
18.64  0.009027887392879075  0.0005328341121218597
18.66  0.009027944416562465  0.0005327134109700475
18.68  0.00902800136572139  0.0005325928214807525
18.7  0.009028058240221362  0.0005324723432252659
18.72  0.009028115039831027  0.0005323519758613106
18.740000000000002  0.00902817176423219  0.0005322317191471671
18.76  0.00902822841303071  0.0005321115729507227
18.78  0.009028284985780812  0.0005319915372647971
18.8  0.009028341481992073  0.0005318716122103811
18.82  0.009028397901152632  0.0005317517980446038
18.84  0.00902845424274707  0.0005316320951566013
18.86  0.00902851050627437  0.0005315125040733283
18.88  0.009028566691264592  0.0005313930254440271
18.900000000000002  0.009028622797296715  0.0005312736600432392
18.92  0.00902867882401548  0.0005311544087582462
18.94  0.009028734771146803  0.0005310352725728074
18.96  0.009028790638510538  0.0005309162525585307
18.98  0.009028846426031918  0.0005307973498561648
19.0  0.009028902133752993  0.0005306785656568916
19.02  0.009028957761835207  0.0005305599011901857
19.04  0.009029013310569208  0.0005304413577010634
19.06  0.009029068780374658  0.0005303229364312734
19.080000000000002  0.009029124171802443  0.0005302046386031979
19.1  0.009029179485530777  0.0005300864653987561
19.12  0.00902923472236125  0.0005299684179447498
19.14  0.009029289883212971  0.0005298504972956585
19.16  0.009029344969113468  0.0005297327044176295
19.18  0.009029399981188607  0.0005296150401778109
19.2  0.009029454920651287  0.0005294975053297031
19.22  0.0090295097887853  0.0005293801005056239
19.240000000000002  0.009029564586935629  0.0005292628262106504
19.26  0.009029619316488997  0.0005291456828147684
19.28  0.009029673978862179  0.0005290286705512707
19.3  0.009029728575482274  0.0005289117895154805
19.32  0.009029783107775191  0.0005287950396663397
19.34  0.00902983757714719  0.0005286784208356512
19.36  0.009029891984972043  0.0005285619327232722
19.38  0.009029946332576876  0.0005284455749133781
19.400000000000002  0.009030000621228725  0.0005283293468772894
19.42  0.009030054852125368  0.0005282132479919562
19.44  0.009030109026382726  0.0005280972775452161
19.46  0.009030163145030566  0.0005279814347512019
19.48  0.009030217209002156  0.0005278657187664175
19.5  0.009030271219130921  0.0005277501286987999
19.52  0.009030325176151238  0.0005276346636279143
19.54  0.009030379080692656  0.0005275193226143143
19.56  0.009030432933282873  0.0005274041047170572
19.580000000000002  0.009030486734350737  0.0005272890090065984
19.6  0.009030540484230624  0.0005271740345796776
19.62  0.009030594183168275  0.0005270591805643474
19.64  0.00903064783133005  0.000526944446140166
19.66  0.009030701428806144  0.0005268298305396548
19.68  0.009030754975627458  0.0005267153330645075
19.7  0.009030808471769089  0.0005266009530819818
19.72  0.009030861917167043  0.00052648669003874
19.740000000000002  0.009030915311727148  0.0005263725434628247
19.76  0.009030968655336102  0.0005262585129606397
19.78  0.009031021947875213  0.0005261445982202889
19.8  0.009031075189228424  0.0005260307990100928
19.82  0.009031128379298033  0.0005259171151779933
19.84  0.009031181518011942  0.0005258035466397187
19.86  0.009031234605333512  0.000525690093379815
19.88  0.00903128764127023  0.0005255767554442252
19.900000000000002  0.009031340625882397  0.0005254635329300233
19.92  0.00903139355928774  0.0005253504259776189
19.94  0.009031446441667087  0.0005252374347631335
19.96  0.009031499273268798  0.0005251245594843177
19.98  0.009031552054409812  0.0005250118003556892
20.0  0.009031604785477406  0.0005248991575964865
