0.02  -0.03540864146743987  0.0013914794357367231
0.04  -0.07736731547259153  0.002322529402850627
0.06  -0.11415049060780516  0.0026930045202338266
0.08  -0.14661358835949467  0.00272694200080903
0.1  -0.1752954267506405  0.00256407283686144
0.12  -0.20056992626584655  0.00229634346656254
0.14  -0.22271478352099644  0.0019739012780403734
0.16  -0.24196068661112177  0.001630205551756119
0.18  -0.25850808976489553  0.0012847416870783862
0.2  -0.27253855656697495  0.0009485011934305792
0.22  -0.28422037636603303  0.0006277843807561624
0.24  -0.29371028745127586  0.0003261910754547112
0.26  -0.30115579602724235  4.560247982599513e-05
0.28  -0.3066989697296253  -0.00021227594293971592
0.3  -0.31047497626732606  -0.0004457527487096674
0.32  -0.3126108741954472  -0.0006542952509034654
0.34  -0.3132275465157627  -0.0008386638676648901
0.36  -0.3124410120752378  -0.0010001042406299655
0.38  -0.31036287488143904  -0.001139953756515377
0.4  -0.3071010579204607  -0.0012593224071177067
0.42  -0.30276080467777844  -0.001358753788960782
0.44  -0.2974453618173549  -0.0014382604569011129
0.46  -0.29125618027367567  -0.001497660733273365
0.48  -0.2842927707750739  -0.0015369188084340757
0.5  -0.27665247058150044  -0.0015563422173107153
0.52  -0.2684301877117401  -0.001556562818174968
0.54  -0.2597180615566824  -0.0015384911876905965
0.56  -0.25060508901425227  -0.0015032814364020733
0.58  -0.2411767441098423  -0.0014522906411548572
0.6  -0.2315146042748485  -0.0013870370815469173
0.62  -0.22169599697626566  -0.0013091597283787027
0.64  -0.2117936800212126  -0.0012203798051388967
0.66  -0.20187556615699842  -0.0011224653130379903
0.68  -0.19200449874922743  -0.001017198912588931
0.7000000000000001  -0.18223808266967156  -0.000906348561500116
0.72  -0.17262857234839177  -0.0007916401000654362
0.74  -0.16322281711438633  -0.0006747303175961274
0.76  -0.15406226337383055  -0.000557179741754698
0.78  -0.14518301211413007  -0.0004404281225880754
0.8  -0.13661592836577127  -0.00032577575676181683
0.8200000000000001  -0.12838680067026675  -0.00021436346246924684
0.84  -0.12051656055850345  -0.00010714668646583179
0.86  -0.11302157061110031  -4.887614602273259e-06
0.88  -0.10591393466586237  9.180847642466925e-05
0.9  -0.09920169385624338  0.00018241710320189444
0.92  -0.09288884395708769  0.00026641339691862954
0.9400000000000001  -0.08697537465081577  0.00034322984689269005
0.96  -0.08145750768349999  0.0004122758167787958
0.98  -0.07632806566464068  0.00047300425282644203
1.0  -0.07157689359016581  0.0005249942007802271
1.02  -0.06719132403936184  0.0005680031715081081
1.04  -0.06315663570548775  0.0006019648307755384
1.06  -0.059456456051944655  0.0006269577200275265
1.08  -0.056073114977265484  0.0006431754375728076
1.1  -0.05298797513363004  0.00065090580397478
1.12  -0.05018174734635481  0.0006505195547308383
1.1400000000000001  -0.04763478012178654  0.0006424761469209678
1.16  -0.04532741457363734  0.0006274686773601178
1.18  -0.043240994652425126  0.0006074786203471549
1.2  -0.04135997655698823  0.0005884339650408243
1.22  -0.03966933025002246  0.0005738968476486087
1.24  -0.038148432778279666  0.0005580325548854392
1.26  -0.03677673363934865  0.0005374178084439584
1.28  -0.03553568588969173  0.0005118390130590077
1.3  -0.03440846974966133  0.00048223587755926903
1.32  -0.03337977266727221  0.00044984673574330477
1.34  -0.03243561795164621  0.0004158913021433887
1.36  -0.03156324782091944  0.00038146728854880006
1.3800000000000001  -0.030751046934314717  0.00034752619451317815
1.4000000000000001  -0.02998848976491359  0.0003148761308657101
1.42  -0.029266099980638477  0.0002841919612916449
1.44  -0.028575413621132178  0.0002560250062710751
1.46  -0.02790894081671936  0.00023081036879274756
1.48  -0.02726012401946217  0.00020887279367608148
1.5  -0.026623295118466686  0.00019043497764488634
1.52  -0.02599364274886241  0.00017565153242565454
1.54  -0.025367116477834777  0.00016474970569656125
1.56  -0.024740022109584404  0.00015788678666691259
1.58  -0.02410928558034867  0.0001548062228688195
1.6  -0.023472674334927272  0.00015512943663692117
1.62  -0.022828595079573556  0.00015846229430361674
1.6400000000000001  -0.022175961950097918  0.00016439655618830394
1.6600000000000001  -0.021514117087111415  0.00017250865934381575
1.68  -0.020842770092261972  0.00018236287544061837
1.7  -0.020161946648446612  0.0001935169741388196
1.72  -0.019471943418449635  0.00020552863284022284
1.74  -0.01877328853697261  0.00021796153652183013
1.76  -0.01806670764944893  0.00023039110967900637
1.78  -0.017353094915752633  0.00024241037677427858
1.8  -0.01663348747726607  0.00025363643224562727
1.82  -0.015909040971073353  0.00026371817153375614
1.84  -0.015181002792938906  0.0002723461421685042
1.86  -0.014450679991081943  0.0002792646368573491
1.8800000000000001  -0.013719399800906792  0.0002842853154256938
1.9000000000000001  -0.01298846520386713  0.0002872993205109409
1.92  -0.012259111650082921  0.00028828272885129876
1.94  -0.011532475346719546  0.00028729204327891184
1.96  -0.010809582354845255  0.00028444899055769476
1.98  -0.010091360662029855  0.000279918262152866
2.0  -0.00937866924839989  0.0002738845588705724
2.02  -0.008672333247877572  0.00026653452291945884
2.04  -0.007973175168926327  0.00025804591293460816
2.06  -0.007282036617020873  0.00024858316057479454
2.08  -0.006599789576154699  0.00023829721573415097
2.1  -0.005927339363604553  0.00022732781048446626
2.12  -0.005265621940697962  0.00021580630393426851
2.14  -0.00461559775449667  0.0002038583031033319
2.16  -0.003978243643371179  0.00019160589254778917
2.18  -0.0033545436751175293  0.00017916936407637177
2.2  -0.0027454793977636097  0.00016666835831574814
2.22  -0.0021520197474425382  0.0001542223215755761
2.24  -0.0015751107411007886  0.00014195018588585243
2.2600000000000002  -0.0010156650618207263  0.00012996925017218181
2.2800000000000002  -0.00047455168447634467  0.00011839338118075054
2.3000000000000003  4.7414276825013396e-05  0.00010733076177042866
2.32  0.0005494813171156069  9.688145918405056e-05
2.34  0.001030970720845091  8.713507253998407e-05
2.36  0.0014912850307380356  7.816866691150789e-05
2.38  0.0019299156827853204  7.004513053177611e-05
2.4  0.0023464497077232654  6.281201983722478e-05
2.42  0.0027405754203983445  5.6500898992665864e-05
2.44  0.0031120870337170052  5.112714231547336e-05
2.46  0.003460888144022031  4.669014782274634e-05
2.48  0.0037869940431143846  4.317390228542257e-05
2.5  0.004090532821520691  4.05478372342131e-05
2.52  0.004371745240031403  3.8767918108173894e-05
2.54  0.0046309833610210654  3.777791351609259e-05
2.56  0.004868707950801233  3.751079675472701e-05
2.58  0.00508548468362823  3.7890237365537495e-05
2.6  0.005281979203087428  3.883214709132435e-05
2.62  0.005458951116524404  4.0246256872805e-05
2.64  0.0056172470155152225  4.203770901040814e-05
2.66  0.0057577926425700495  4.410865117512023e-05
2.68  0.00588158434391131  4.635983136299027e-05
2.7  0.005989679957582381  4.869219924120088e-05
2.72  0.006083189290164684  5.100851668479164e-05
2.74  0.0061632643286594225  5.321497201670757e-05
2.7600000000000002  0.006231089313749634  5.5222779006767304e-05
2.7800000000000002  0.0062878707682144375  5.694972755581945e-05
2.8000000000000003  0.006334827537124326  5.8321645725344464e-05
2.82  0.006373180867111417  5.92737341785304e-05
2.84  0.006404144539626363  5.97517343894687e-05
2.86  0.0064289150723012365  5.971288897973191e-05
2.88  0.006448662009197246  5.912667284279445e-05
2.9  0.006464518348995986  5.797531929701492e-05
2.92  0.006477571204022459  5.6254187924875796e-05
2.94  0.006488852812314212  5.39719999522416e-05
2.96  0.006499332036356619  5.1150923636594965e-05
2.98  0.006509906485532586  4.782644716789353e-05
3.0  0.006521395409069947  4.404694241821048e-05
3.02  0.006534533536150575  3.9872815173284384e-05
3.04  0.006549966084385159  3.537516878113271e-05
3.06  0.00656824519718702  3.063397184355302e-05
3.08  0.0065898280763836345  2.573579524376698e-05
3.1  0.006615077021707494  2.077124395960376e-05
3.12  0.006644261465193036  1.5832237460036843e-05
3.14  0.006677561915940407  1.100928794325938e-05
3.16  0.0067150755519020736  6.388901185799562e-06
3.18  0.006756823057910534  2.051196569950026e-06
3.2  0.006802756245435856  -1.9321792121071847e-06
3.22  0.006852766005758462  -5.499785866014471e-06
3.24  0.006906690226407025  -8.601725721374496e-06
3.2600000000000002  0.006964321410255938  -1.1200554476338055e-05
3.2800000000000002  0.007025413847276306  -1.3271758906083621e-05
3.3000000000000003  0.007089690279417223  -1.4803815483491742e-05
3.3200000000000003  0.007156848060123154  -1.5797862707777027e-05
3.34  0.007226564841996023  -1.626703364701295e-05
3.36  0.007298503835347801  -1.6235502892470637e-05
3.38  0.00737231867504623  -1.5737304466993055e-05
3.4  0.007447657920647085  -1.4814975824794542e-05
3.42  0.007524169201034786  -1.351807943165799e-05
3.44  0.007601503003124267  -1.190164890319342e-05
3.46  0.007679316096378069  -1.0024602080475399e-05
3.48  0.007757274581317298  -7.94815921435814e-06
3.5  0.007835056550527957  -5.734300567917529e-06
3.52  0.007912354354032713  -3.4442942417618316e-06
3.54  0.00798887646643168  -1.1373215947705208e-06
3.56  0.008064348960001043  1.130775801510772e-06
3.58  0.008138516595224608  3.3086073503866067e-06
3.6  0.008211143547373699  5.350186236334888e-06
3.62  0.008282013794302595  7.215711296374371e-06
3.64  0.008350931196297111  8.872169528645725e-06
3.66  0.008417719303325964  1.0293754954119217e-05
3.68  0.00848222092840236  1.1462103660952875e-05
3.7  0.00854429752781716  1.2366348781590452e-05
3.72  0.008603828429886218  1.300300287688334e-05
3.74  0.008660709953554281  1.3375678553793381e-05
3.7600000000000002  0.008714854456848789  1.3494661119231046e-05
3.7800000000000002  0.008766189352842447  1.3376349571960031e-05
3.8000000000000003  0.008814656127693454  1.304258426422961e-05
3.8200000000000003  0.008860209391496  1.2519881128518788e-05
3.84  0.008902815988330173  1.183859332762262e-05
3.86  0.008942454187180858  1.1032021780388052e-05
3.88  0.00897911297038366  1.0135496020026577e-05
3.9  0.009012791431204877  9.185446469779646e-06
3.92  0.009043498287059576  8.21848838751288e-06
3.94  0.00907125150993543  7.270536569277104e-06
3.96  0.00909607807090105  6.3759683441910525e-06
3.98  0.009118013791234964  5.566850607686589e-06
4.0  0.00913710328883233  4.872244566123324e-06
4.0200000000000005  0.009153400005123807  4.317599678539891e-06
4.04  0.009166966294995117  3.924245931965749e-06
4.0600000000000005  0.00917787355997952  3.708991239226116e-06
4.08  0.009186202403517425  3.6838283120659487e-06
4.1  0.00919204278622535  3.855753017891893e-06
4.12  0.009195494158873588  4.226693905082018e-06
4.14  0.009196665551178516  4.793550418650606e-06
4.16  0.009195675595450727  5.548335279981806e-06
4.18  0.009192652465679359  6.4784146668006e-06
4.2  0.009187733714602887  7.566838177898861e-06
4.22  0.009181065993787393  8.79274915049059e-06
4.24  0.009172804644547651  1.01318647110703e-05
4.26  0.009163113150688372  1.1557014013009433e-05
4.28  0.009152162447390599  1.30387224198602e-05
4.3  0.009140130084094839  1.4545828973596016e-05
4.32  0.009127199242801247  1.604612430175506e-05
4.34  0.009113557616776125  1.75069961929874e-05
4.36  0.009099396158146505  1.8896070352640397e-05
4.38  0.009084907706157289  2.0181834372000286e-05
4.4  0.00907028551097315  2.1334233670464837e-05
4.42  0.009055721670687182  2.2325229036390508e-05
4.44  0.009041405501650005  2.3129306456104893e-05
4.46  0.009027521864273885  2.3723931100362735e-05
4.48  0.009014249468086587  2.408993859898275e-05
4.5  0.0090017591809628  2.4211858114878745e-05
4.5200000000000005  0.008990212368125972  2.4078163108363373e-05
4.54  0.008979759286704725  2.3681447141716942e-05
4.5600000000000005  0.008970537561306315  2.3018523477839664e-05
4.58  0.008962670765290155  2.2090448642604675e-05
4.6000000000000005  0.008956267131175085  2.0902471458282242e-05
4.62  0.008951418411913522  1.946391034496277e-05
4.64  0.008948198912693441  1.778796286191868e-05
4.66  0.008946664710484411  1.5891452541206468e-05
4.68  0.008946853075766096  1.3794519008318714e-05
4.7  0.008948782107883042  1.152025821282639e-05
4.72  0.008952450592222851  9.094320219247079e-06
4.74  0.008957838084063956  6.5444725682538805e-06
4.76  0.008964905220474675  3.900137526785356e-06
4.78  0.008973594258177273  1.191911772168504e-06
4.8  0.00898382983183376  -1.5489229261340964e-06
4.82  0.008995519923882752  -4.290889555880835e-06
4.84  0.00900855703383768  -7.002798035520789e-06
4.86  0.009022819531988689  -9.654211891624634e-06
4.88  0.009038173179691002  -1.2215892112262309e-05
4.9  0.009054472795982954  -1.4660211489658738e-05
4.92  0.009071564048169991  -1.6961533456953215e-05
4.94  0.009089285342250383  -1.9096550219220197e-05
4.96  0.00910746978771357  -2.1044575826493052e-05
4.98  0.009125947210263316  -2.278779074312828e-05
5.0  0.009144546185512008  -2.431143537154004e-05
5.0200000000000005  0.00916309606654387  -2.560395095557765e-05
5.04  0.009181428978570383  -2.6657067183363662e-05
5.0600000000000005  0.009199381754592367  -2.746583675755865e-05
5.08  0.00921679778709272  -2.8028618030667696e-05
5.1000000000000005  0.009233528772252166  -2.8347007662894968e-05
5.12  0.009249436324970148  -2.842572597230972e-05
5.14  0.009264393445096674  -2.8272458346556702e-05
5.16  0.009278285817627876  -2.7897656688068053e-05
5.18  0.009291012932219136  -2.7314305345677362e-05
5.2  0.00930248901011563  -2.6537656455018308e-05
5.22  0.00931264372949726  -2.5584939886427304e-05
5.24  0.009321422743186585  -2.447505327139688e-05
5.26  0.009328787985697844  -2.3228237673469313e-05
5.28  0.009334717769565876  -2.1865744524797535e-05
5.3  0.009339206673857466  -2.040949935971524e-05
5.32  0.009342265230592095  -1.8881767741221126e-05
5.34  0.009343919417492174  -1.7304828514253564e-05
5.36  0.009344209968020687  -1.5700659220598088e-05
5.38  0.009343191511947006  -1.409063810602491e-05
5.4  0.00934093156176506  -1.2495266725183994e-05
5.42  0.009337509362077301  -1.0933916626867913e-05
5.44  0.009333014620543246  -9.424603107967386e-06
5.46  0.009327546140220626  -7.983788449266956e-06
5.48  0.009321210373979406  -6.626216465129974e-06
5.5  0.009314119922240257  -5.364779657585181e-06
5.5200000000000005  0.009306391995512387  -4.210419642686311e-06
5.54  0.009298146863132496  -3.1720610093301997e-06
5.5600000000000005  0.00928950630919134  -2.2565781775576565e-06
5.58  0.009280592115974002  -1.4687943582432665e-06
5.6000000000000005  0.009271524594251578  -8.115112018004301e-07
5.62  0.00926242117855733  -2.8556732649165405e-07
5.64  0.009253395104140551  1.1007649725617219e-07
5.66  0.009244554180646883  3.782280433743202e-07
5.68  0.009235999675768169  5.233330242547605e-07
5.7  0.00922782532016676  5.513262091625488e-07
5.72  0.009220116442923839  4.694674657387647e-07
5.74  0.009212949244660455  2.8616600365705906e-07
5.76  0.009206390213323794  1.0796150351260938e-08
5.78  0.009200495685481515  -3.464920406949989e-07
5.8  0.009195311553850689  -7.74964097273467e-07
5.82  0.009190873119729171  -1.2634912660586402e-06
5.84  0.009187205087015106  -1.8007365015652367e-06
5.86  0.009184321692666576  -2.3753335966370664e-06
5.88  0.009182226966724933  -2.976056944277547e-06
5.9  0.009180915113472132  -3.591979720168545e-06
5.92  0.00918037100392283  -4.2126185625502134e-06
5.94  0.009180570768660423  -4.828063160856389e-06
5.96  0.009181482479052162  -5.429089451681568e-06
5.98  0.00918306690409693  -6.0072555077514975e-06
6.0  0.009185278329611  -6.554979498588987e-06
6.0200000000000005  0.009188065426109136  -7.065599445273422e-06
6.04  0.009191372151613319  -7.533414818188043e-06
6.0600000000000005  0.009195138675675337  -7.95371029843362e-06
6.08  0.009199302311197994  -8.322762335993654e-06
6.1000000000000005  0.009203798441064384  -8.637829372918574e-06
6.12  0.009208561427233612  -8.89712683731312e-06
6.140000000000001  0.009213525490721276  -9.099788204245784e-06
6.16  0.009218625551807014  -9.245813601076657e-06
6.18  0.009223798020848602  -9.336007544400414e-06
6.2  0.009228981531187886  -9.371907522076086e-06
6.22  0.009234117606879134  -9.355705165463464e-06
6.24  0.009239151259170322  -9.290161825630818e-06
6.26  0.009244031507027971  -9.178520325327352e-06
6.28  0.009248711818235805  -9.024414658481055e-06
6.3  0.009253150468936953  -8.831779323756946e-06
6.32  0.009257310820729961  -8.60475990516115e-06
6.34  0.009261161515674151  -8.347626392854978e-06
6.36  0.00926467659069138  -8.064690600926986e-06
6.38  0.009267835513959197  -7.760228900249605e-06
6.4  0.009270623146867857  -7.438411310400472e-06
6.42  0.00927302963601349  -7.103237825242738e-06
6.44  0.0092750502404702  -6.758482664010964e-06
6.46  0.009276685100263703  -6.407646955660534e-06
6.48  0.00927793895249946  -6.053920183900761e-06
6.5  0.009278820802024213  -5.700150547820876e-06
6.5200000000000005  0.009279343553791328  -5.3488241888047326e-06
6.54  0.009279523614270547  -5.002053116007785e-06
6.5600000000000005  0.009279380469301646  -4.661571481057289e-06
6.58  0.00927893624572233  -4.328739722788235e-06
6.6000000000000005  0.009278215263934936  -4.004555978554859e-06
6.62  0.009277243588292718  -3.689674068134885e-06
6.640000000000001  0.009276048581855767  -3.3844272529058453e-06
6.66  0.009274658471589668  -3.0888569271908767e-06
6.68  0.009273101929595613  -2.802745314491972e-06
6.7  0.009271407675387365  -2.5256512758479966e-06
6.72  0.009269604103607236  -2.2569482632633898e-06
6.74  0.00926771894093981  -1.9958635072804065e-06
6.76  0.009265778935309247  -1.7415175242336818e-06
6.78  0.009263809579767432  -1.4929630968913733e-06
6.8  0.009261834872800894  -1.2492229274231451e-06
6.82  0.009259877116133935  -1.0093252162320402e-06
6.84  0.00925795675044954  -7.723365330728513e-07
6.86  0.009256092228845979  -5.37391401245126e-07
6.88  0.009254299927282302  -3.037181445394955e-07
6.9  0.009252594090729836  -7.066060795762321e-08
6.92  0.00925098681329821  1.6230449172193254e-07
6.94  0.009249488050160163  3.955547646957553e-07
6.96  0.009248105658775659  6.293139581890739e-07
6.98  0.009246845466609643  8.636483246972945e-07
7.0  0.009245711362322141  1.0984674527735874e-06
7.0200000000000005  0.009244705407239139  1.3335293074243429e-06
7.04  0.009243827963825156  1.5684492308152762e-06
7.0600000000000005  0.009243077837834488  1.8027125008221977e-06
7.08  0.009242452430841173  2.035690067149964e-06
7.1000000000000005  0.00924194789992723  2.2666569637708276e-06
7.12  0.009241559321424122  2.49481291267025e-06
7.140000000000001  0.009241280855777394  2.719304577305148e-06
7.16  0.009241105910808005  2.939248916700979e-06
7.18  0.009241027300888355  3.153757098950361e-06
7.2  0.009241037399800832  3.3619584154046672e-06
7.22  0.009241128285350203  3.5630236839964886e-06
7.24  0.009241291874083301  3.7561876254191577e-06
7.26  0.009241520044783534  3.940769764845743e-06
7.28  0.009241804749708513  4.116193424100276e-06
7.3  0.009242138112846326  4.282002447815155e-06
7.32  0.009242512514753871  4.4378753378243444e-06
7.34  0.00924292066382585  4.583636552576769e-06
7.36  0.009243355654099603  4.7192647757740395e-06
7.38  0.009243811009937864  4.844898029011881e-06
7.4  0.009244280718161399  4.960835573831731e-06
7.42  0.009244759248369202  5.0675366054703285e-06
7.44  0.009245241562365678  5.165615803967127e-06
7.46  0.00924572311373017  5.255835870083018e-06
7.48  0.00924619983866963  5.3390972397904224e-06
7.5  0.009246668139370253  5.416425192222689e-06
7.5200000000000005  0.009247124861081951  5.48895463955149e-06
7.54  0.009247567264227357  5.5579129139592186e-06
7.5600000000000005  0.009247992992750125  5.6246008876641965e-06
7.58  0.009248400039944652  5.690372812308783e-06
7.6000000000000005  0.009248786712890946  5.756615243564689e-06
7.62  0.00924915159658289  5.824725459350013e-06
7.640000000000001  0.009249493518705718  5.896089760727523e-06
7.66  0.00924981151593365  5.972062044828019e-06
7.68  0.009250104802482575  6.0539430232137755e-06
7.7  0.009250372741537342  6.1429604492569605e-06
7.72  0.009250614820020098  6.240250670325122e-06
7.74  0.00925083062706113  6.346841827259658e-06
7.76  0.009251019836383413  6.463638939449643e-06
7.78  0.009251182192688445  6.591411121867959e-06
7.8  0.009251317502016307  6.730781110067942e-06
7.82  0.009251425625940203  6.8822172239633105e-06
7.84  0.00925150647935687  7.04602787918331e-06
7.86  0.009251560031544908  7.222358682670675e-06
7.88  0.009251586310095447  7.411192112631224e-06
7.9  0.00925158540725  7.612349749381089e-06
7.92  0.009251557488149048  7.825496956093017e-06
7.94  0.009251502800452883  8.050149900070878e-06
7.96  0.009251421684792097  8.285684739064189e-06
7.98  0.009251314585498462  8.531348778848728e-06
8.0  0.00925118206108038  8.78627338369778e-06
8.02  0.009251024793938203  9.049488384653534e-06
8.040000000000001  0.009250843598841985  9.319937719949145e-06
8.06  0.009250639429757665  9.59649603137912e-06
8.08  0.0092504133846467  9.877985925921186e-06
8.1  0.009250166707934167  1.0163195598074457e-05
8.120000000000001  0.009249900790415214  1.0450896548926906e-05
8.14  0.009249617166432366  1.0739861091538087e-05
8.16  0.009249317508230942  1.1028879388916182e-05
8.18  0.009249003617476437  1.1316775763158828e-05
8.2  0.009248677413992119  1.1602424035419396e-05
8.22  0.00924834092184385  1.1884761693684183e-05
8.24  0.009247996252951462  1.2162802693738161e-05
8.26  0.009247645588485183  1.243564873387753e-05
8.28  0.009247291158347012  1.270249887649151e-05
8.3  0.009246935219077098  1.2962657426059435e-05
8.32  0.009246580030571161  1.3215539976681656e-05
8.34  0.0092462278320161  1.3460677623271591e-05
8.36  0.009245880817464863  1.3697719302814375e-05
8.38  0.009245541111491212  1.3926432314348316e-05
8.4  0.009245210745349834  1.4146701065554496e-05
8.42  0.00924489163406731  1.435852412348188e-05
8.44  0.009244585554863776  1.4562009688803823e-05
8.46  0.009244294127276897  1.4757369604358737e-05
8.48  0.009244018795343967  1.4944912068201154e-05
8.5  0.009243760812124122  1.5125033195418584e-05
8.52  0.009243521226831778  1.5298207616264907e-05
8.540000000000001  0.009243300874777934  1.5464978295796938e-05
8.56  0.009243100370277112  1.562594575398301e-05
8.58  0.009242920102619241  1.578175689983879e-05
8.6  0.009242760235144528  1.593309366157078e-05
8.620000000000001  0.009242620707411489  1.6080661589804718e-05
8.64  0.009242501240397171  1.622517863974262e-05
8.66  0.009242401344601154  1.636736427788405e-05
8.68  0.009242320330895764  1.650792908870107e-05
8.700000000000001  0.009242257323902478  1.6647565016696358e-05
8.72  0.00924221127765662  1.6786936373476015e-05
8.74  0.009242180993264182  1.6926671716196344e-05
8.76  0.009242165138243831  1.706735668521506e-05
8.78  0.009242162267220948  1.720952788044906e-05
8.8  0.009242170843616285  1.7353667809542916e-05
8.82  0.009242189261982565  1.75002009544389e-05
8.84  0.009242215870621798  1.7649490951059002e-05
8.86  0.00924224899412602  1.780183887957205e-05
8.88  0.00924228695550313  1.7957482636533093e-05
8.9  0.00924232809755336  1.8116597339082156e-05
8.92  0.009242370803195205  1.827929671346332e-05
8.94  0.009242413514456253  1.84456353691996e-05
8.96  0.009242454749885162  1.861561189862301e-05
8.98  0.009242493120165366  1.8789172695736684e-05
9.0  0.009242527341759846  1.896621638409736e-05
9.02  0.009242556248441974  1.914659875412836e-05
9.040000000000001  0.009242578800617823  1.933013809495433e-05
9.06  0.009242594092379984  1.9516620806118014e-05
9.08  0.009242601356285648  1.97058071742824e-05
9.1  0.00924259996586199  1.9897437212174616e-05
9.120000000000001  0.009242589435918346  2.009123644471089e-05
9.14  0.009242569420745257  2.028692155036483e-05
9.16  0.009242539710334901  2.0484205759614292e-05
9.18  0.009242500224778977  2.068280394202526e-05
9.200000000000001  0.00924245100701205  2.0882437286293446e-05
9.22  0.009242392214117538  2.1082837534537016e-05
9.24  0.009242324107403109  2.1283750710862485e-05
9.26  0.009242247041474368  2.1484940298018267e-05
9.28  0.009242161452549255  2.1686189855712784e-05
9.3  0.00924206784624274  2.1887305053054054e-05
9.32  0.009241966785065977  2.2088115104806894e-05
9.34  0.009241858875864055  2.2288473644659383e-05
9.36  0.009241744757421753  2.2488259031323496e-05
9.38  0.009241625088433295  2.2687374125938693e-05
9.4  0.009241500536032596  2.2885745580305118e-05
9.42  0.00924137176505685  2.3083322674786056e-05
9.44  0.009241239428186278  2.328007576278551e-05
9.46  0.00924110415708464  2.3475994367525726e-05
9.48  0.00924096655464482  2.3671085008637076e-05
9.5  0.009240827188409673  2.386536880337166e-05
9.52  0.009240686585213816  2.4058878911026457e-05
9.540000000000001  0.009240545227074216  2.4251657890319298e-05
9.56  0.009240403548313606  2.444375502299494e-05
9.58  0.009240261933905841  2.4635223667093375e-05
9.6  0.009240120718970313  2.4826118692252894e-05
9.620000000000001  0.00923998018936874  2.501649404851818e-05
9.64  0.009239840583295116  2.5206400516556717e-05
9.66  0.009239702093762375  2.539588367965576e-05
9.68  0.009239564871869511  2.558498214391637e-05
9.700000000000001  0.009239429030717297  2.577372604047138e-05
9.72  0.00923929464983608  2.5962135830124146e-05
9.74  0.0092391617799948  2.6150221412691037e-05
9.76  0.009239030448241453  2.6337981560192964e-05
9.78  0.009238900663046386  2.6525403664227865e-05
9.8  0.00923877241940936  2.6712463794811446e-05
9.82  0.009238645703811355  2.689912705767974e-05
9.84  0.009238520498897977  2.708534823166089e-05
9.86  0.00923839678777881  2.7271072666621788e-05
9.88  0.009238274557880859  2.7456237418024235e-05
9.9  0.00923815380426098  2.764077258903539e-05
9.92  0.009238034532334852  2.7824602852223135e-05
9.94  0.009237916759978447  2.8007649125925624e-05
9.96  0.009237800518982332  2.8189830354690142e-05
9.98  0.009237685855853328  2.8371065383237795e-05
10.0  0.009237572831961388  2.855127487064982e-05
10.02  0.009237461523062207  2.8730383209969648e-05
10.040000000000001  0.009237352018219572  2.8908320419662552e-05
10.06  0.009237244418157597  2.9085023947127576e-05
10.08  0.009237138833095834  2.926044035906619e-05
10.1  0.00923703538010814  2.943452686722753e-05
10.120000000000001  0.009236934180064878  2.9607252646901517e-05
10.14  0.009236835354220941  2.977859993210215e-05
10.16  0.009236739020513071  2.994856484755655e-05
10.18  0.009236645289653017  3.01171579734469e-05
10.200000000000001  0.009236554261109047  3.0284404650863703e-05
10.22  0.009236466019065217  3.0450345000330884e-05
10.24  0.009236380628472162  3.061503371322281e-05
10.26  0.009236298131298417  3.077853959134992e-05
10.28  0.009236218543088887  3.0940944881341814e-05
10.3  0.009236141849931982  3.1102344410730324e-05
10.32  0.00923606800593204  3.1262844559151184e-05
10.34  0.009235996931273045  3.142256206730901e-05
10.36  0.009235928510926236  3.1581622720825786e-05
10.38  0.009235862594070669  3.1740159914701806e-05
10.4  0.009235798994238584  3.1898313124035474e-05
10.42  0.009235737490210113  3.205622629010111e-05
10.44  0.00923567782764904  3.221404614613696e-05
10.46  0.009235619721448903  3.237192049945802e-05
10.48  0.009235562858761356  3.2529996489888435e-05
10.5  0.009235506902638562  3.268841884028495e-05
10.52  0.009235451496233107  3.284732812357385e-05
10.540000000000001  0.009235396267462958  3.300685906779761e-05
10.56  0.00923534083406273  3.316713891822904e-05
10.58  0.009235284808919011  3.332828587587202e-05
10.6  0.009235227805588456  3.3490407649900875e-05
10.620000000000001  0.00923516944389629  3.365360011756233e-05
10.64  0.00923510935551048  3.381794613709847e-05
10.66  0.009235047189387014  3.398351451901514e-05
10.68  0.009234982616991502  3.415035917280661e-05
10.700000000000001  0.009234915337190779  3.4318518447418926e-05
10.72  0.009234845080751864  3.448801467585699e-05
10.74  0.009234771614344193  3.4658853927106725e-05
10.76  0.009234694743994437  3.483102597909776e-05
10.78  0.009234614317932866  3.500450451402132e-05
10.8  0.009234530228782557  3.517924752214789e-05
10.82  0.009234442415065078  3.53551979257874e-05
10.84  0.009234350861996102  3.553228440860779e-05
10.86  0.009234255601573073  3.571042243248016e-05
10.88  0.009234156711949024  3.588951543611788e-05
10.9  0.009234054316118723  3.6069456194156354e-05
10.92  0.00923394857994362  3.6250128314167004e-05
10.94  0.009233839709555467  3.643140785044088e-05
10.96  0.009233727948184112  3.661316501409859e-05
10.98  0.009233613572478216  3.679526594137613e-05
11.0  0.009233496888373304  3.69775745104467e-05
11.02  0.009233378226587489  3.7159954159821454e-05
11.040000000000001  0.009233257937816942  3.7342269706502895e-05
11.06  0.009233136387714037  3.752438909865915e-05
11.08  0.009233013951723264  3.770618511832283e-05
11.1  0.009232891009869959  3.788753697915988e-05
11.120000000000001  0.00923276794157091  3.806833180876334e-05
11.14  0.009232645120553891  3.824846599538611e-05
11.16  0.009232522909953439  3.842784637299844e-05
11.18  0.009232401657663664  3.8606391236125476e-05
11.200000000000001  0.009232281692006567  3.878403116858425e-05
11.22  0.009232163317773724  3.896070967745384e-05
11.24  0.009232046812698848  3.913638362599669e-05
11.26  0.009231932424394563  3.931102345898393e-05
11.28  0.009231820367796104  3.948461323022393e-05
11.3  0.009231710823133711  3.965715042626689e-05
11.32  0.009231603934451023  3.98286455940834e-05
11.34  0.009231499808673951  3.999912179278547e-05
11.36  0.009231398515235023  4.016861387011629e-05
11.38  0.009231300086236658  4.033716758630203e-05
11.4  0.00923120451713967  4.050483860052552e-05
11.42  0.009231111767950212  4.0671691337011825e-05
11.44  0.009231021764872283  4.083779775689272e-05
11.46  0.009230934402386315  4.100323605397532e-05
11.48  0.009230849545709673  4.1168089296845915e-05
11.5  0.009230767033595391  4.1332444044612214e-05
11.52  0.009230686681409046  4.14963889435439e-05
11.540000000000001  0.009230608284433848  4.166001335574056e-05
11.56  0.00923053162134759  4.18234060079256e-05
11.58  0.009230456457813525  4.19866537009787e-05
11.6  0.009230382550124452  4.214984009653531e-05
11.620000000000001  0.009230309648851633  4.231304458605928e-05
11.64  0.009230237502439585  4.247634127056921e-05
11.66  0.009230165860695604  4.263979805918457e-05
11.68  0.009230094478128337  4.280347589147532e-05
11.700000000000001  0.009230023117090152  4.2967428098363e-05
11.72  0.009229951550686611  4.313169990440263e-05
11.74  0.009229879565416259  4.329632807191589e-05
11.76  0.009229806963512478  4.346134069286396e-05
11.78  0.009229733564973037  4.362675712517761e-05
11.8  0.009229659209239608  4.3792588063803616e-05
11.82  0.009229583756544566  4.395883574687928e-05
11.84  0.009229507088896853  4.4125494288255835e-05
11.86  0.009229429110711007  4.42925501193924e-05
11.88  0.00922934974910138  4.445998253991472e-05
11.9  0.009229268953829112  4.4627764352934236e-05
11.92  0.009229186696932904  4.479586258410596e-05
11.94  0.009229102972057849  4.496423925437026e-05
11.96  0.009229017793505706  4.513285220725228e-05
11.98  0.009228931195036667  4.530165595842921e-05
12.0  0.009228843228447952  4.547060257006517e-05
12.02  0.009228753961964018  4.5639642521661135e-05
12.040000000000001  0.009228663478467975  4.580872556892617e-05
12.06  0.009228571873611466  4.597780157857657e-05
12.08  0.00922847925383675  4.61468213140522e-05
12.1  0.009228385734342835  4.631573718393028e-05
12.120000000000001  0.009228291437031438  4.6484503918331336e-05
12.14  0.009228196488463783  4.6653079179354874e-05
12.16  0.009228101017856552  4.682142409845249e-05
12.18  0.009228005155152274  4.6989503718781306e-05
12.200000000000001  0.00922790902917897  4.715728736428063e-05
12.22  0.00922781276592898  4.732474891108924e-05
12.24  0.009227716486978833  4.749186697193032e-05
12.26  0.00922762030806092  4.7658624990979173e-05
12.280000000000001  0.009227524337802016  4.782501125059815e-05
12.3  0.00922742867664302  4.7991018792768985e-05
12.32  0.00922733341593881  4.815664527148467e-05
12.34  0.009227238637251146  4.8321892718142614e-05
12.36  0.009227144411824869  4.848676725579637e-05
12.38  0.009227050800250613  4.8651278746278696e-05
12.4  0.009226957852309845  4.8815440395050843e-05
12.42  0.00922686560698716  4.8979268312475096e-05
12.44  0.009226774092647508  4.914278104711843e-05
12.46  0.009226683327356617  4.930599909656549e-05
12.48  0.009226593319339633  4.9468944409762194e-05
12.5  0.009226504067556832  4.963163988566487e-05
12.52  0.009226415562378456  4.979410887668098e-05
12.540000000000001  0.009226327786349756  4.9956374715317295e-05
12.56  0.009226240715014544  5.0118460255968466e-05
12.58  0.009226154317793958  5.0280387450252586e-05
12.6  0.009226068558895266  5.044217696130855e-05
12.620000000000001  0.009225983398233197  5.060384781571507e-05
12.64  0.009225898792352517  5.0765417105480884e-05
12.66  0.009225814695330372  5.092689973895388e-05
12.68  0.009225731059649508  5.10883082429157e-05
12.700000000000001  0.00922564783703143  5.124965261750849e-05
12.72  0.00922556497921103  5.1410940248117914e-05
12.74  0.009225482438648982  5.157217586606764e-05
12.76  0.009225400169178739  5.173336156556095e-05
12.780000000000001  0.009225318126570493  5.189449686448573e-05
12.8  0.009225236269015568  5.2055578816928376e-05
12.82  0.009225154557532946  5.221660216151168e-05
12.84  0.00922507295628762  5.237755951055485e-05
12.86  0.009224991432828466  5.253844157129963e-05
12.88  0.009224909958243313  5.26992373936944e-05
12.9  0.009224828507241704  5.2859934641205674e-05
12.92  0.009224747058161486  5.302051987186266e-05
12.94  0.009224665592911458  5.31809788355745e-05
12.96  0.009224584096857436  5.334129677142166e-05
12.98  0.009224502558649355  5.350145870576143e-05
13.0  0.009224420970010956  5.366144973766631e-05
13.02  0.009224339325487583  5.382125531818447e-05
13.040000000000001  0.009224257622170641  5.398086151319875e-05
13.06  0.009224175859399626  5.4140255235053355e-05
13.08  0.009224094038453437  5.429942446514267e-05
13.1  0.009224012162233886  5.4458358435285155e-05
13.120000000000001  0.009223930234957212  5.461704778585066e-05
13.14  0.009223848261851218  5.477548469173154e-05
13.16  0.009223766248868732  5.493366295357963e-05
13.18  0.009223684202420167  5.509157805789333e-05
13.200000000000001  0.009223602129134636  5.5249227199556856e-05
13.22  0.00922352003563832  5.5406609278669974e-05
13.24  0.009223437928379645  5.556372486088205e-05
13.26  0.009223355813472126  5.57205761093018e-05
13.280000000000001  0.009223273696576873  5.58771666910367e-05
13.3  0.00922319158281755  5.603350166074255e-05
13.32  0.009223109476726377  5.6189587317352575e-05
13.34  0.009223027382222096  5.634543104648254e-05
13.36  0.009222945302614503  5.650104115303246e-05
13.38  0.00922286324063721  5.665642667191241e-05
13.4  0.009222781198501086  5.68115971839152e-05
13.42  0.009222699177970736  5.696656262020762e-05
13.44  0.009222617180450967  5.712133306606825e-05
13.46  0.009222535207090807  5.727591857568006e-05
13.48  0.00922245325888978  5.74303289916439e-05
13.5  0.009222371336811322  5.758457376973979e-05
13.52  0.009222289441897739  5.7738661820252405e-05
13.540000000000001  0.00922220757537325  5.7892601366905147e-05
13.56  0.009222125738749438  5.804639981757387e-05
13.58  0.009222043933912974  5.8200063660547596e-05
13.6  0.009221962163205196  5.835359837380252e-05
13.620000000000001  0.009221880429481648  5.8507008363543325e-05
13.64  0.009221798736160688  5.866029692190458e-05
13.66  0.009221717087247233  5.881346619885465e-05
13.68  0.009221635487339976  5.8966517206379264e-05
13.700000000000001  0.009221553941621472  5.9119449840820085e-05
13.72  0.009221472455827169  5.927226291826943e-05
13.74  0.009221391036194092  5.942495423469233e-05
13.76  0.00922130968939559  5.957752064215884e-05
13.780000000000001  0.009221228422455966  5.9729958137021665e-05
13.8  0.009221147242658385  5.9882261963448255e-05
13.82  0.009221066157432501  6.00344267271626e-05
13.84  0.009220985174236989  6.018644651319035e-05
13.86  0.009220904300437215  6.033831501685554e-05
13.88  0.009220823543179116  6.049002567238735e-05
13.9  0.009220742909255338  6.064157178001039e-05
13.92  0.009220662404980236  6.079294664285725e-05
13.94  0.00922058203606981  6.094414368310844e-05
13.96  0.009220501807521715  6.10951565715186e-05
13.98  0.009220421723512619  6.124597933142355e-05
14.0  0.009220341787305386  6.139660644928718e-05
14.02  0.009220262001166699  6.154703296040032e-05
14.040000000000001  0.009220182366303573  6.169725453199226e-05
14.06  0.009220102882818448  6.184726753048926e-05
14.08  0.009220023549677677  6.199706907322435e-05
14.1  0.00921994436470203  6.214665707034275e-05
14.120000000000001  0.009219865324575739  6.22960302456559e-05
14.14  0.009219786424873706  6.244518815168298e-05
14.16  0.009219707660107712  6.259413116115124e-05
14.18  0.009219629023789665  6.274286045803004e-05
14.200000000000001  0.009219550508510477  6.289137800072022e-05
14.22  0.009219472106037917  6.303968648427647e-05
14.24  0.009219393807423261  6.318778928970345e-05
14.26  0.009219315603118507  6.333569042128078e-05
14.280000000000001  0.009219237483110314  6.34833944393052e-05
14.3  0.009219159437054297  6.363090638715485e-05
14.32  0.009219081454413434  6.377823170872454e-05
14.34  0.009219003524604013  6.392537616532116e-05
14.36  0.009218925637138324  6.407234575249183e-05
14.38  0.009218847781764334  6.421914661589061e-05
14.4  0.009218769948601024  6.436578496520957e-05
14.42  0.009218692128270388  6.451226699332526e-05
14.44  0.009218614312011734  6.465859880034209e-05
14.46  0.009218536491793994  6.480478631859803e-05
14.48  0.00921845866041198  6.495083524952019e-05
14.5  0.009218380811569804  6.509675100134905e-05
14.52  0.009218302939947241  6.524253863815477e-05
14.540000000000001  0.009218225041251565  6.53882028345509e-05
14.56  0.009218147112254663  6.553374784369398e-05
14.58  0.00921806915081242  6.567917746886775e-05
14.6  0.009217991155866082  6.582449504241426e-05
14.620000000000001  0.009217913127433362  6.596970342283168e-05
14.64  0.0092178350665749  6.611480498916689e-05
14.66  0.009217756975353097  6.625980164976007e-05
14.68  0.009217678856777569  6.640469485554316e-05
14.700000000000001  0.009217600714733216  6.654948562707192e-05
14.72  0.009217522553899897  6.669417457322752e-05
14.74  0.00921744437966705  6.683876193172789e-05
14.76  0.009217366198033438  6.69832476032819e-05
14.780000000000001  0.00921728801550667  6.712763119314641e-05
14.8  0.009217209838995755  6.72719120535896e-05
14.82  0.009217131675702754  6.741608933030817e-05
14.84  0.009217053533016984  6.756016200855537e-05
14.86  0.009216975418402142  6.770412895899553e-05
14.88  0.009216897339298407  6.78479889813996e-05
14.9  0.00921681930301961  6.799174085041437e-05
14.92  0.009216741316662669  6.813538334956806e-05
14.94  0.009216663387020861  6.82789153166697e-05
14.96  0.009216585520508584  6.842233567258099e-05
14.98  0.009216507723093195  6.85656434521662e-05
15.0  0.009216430000240371  6.87088378279012e-05
15.02  0.009216352356867172  6.885191812849585e-05
15.040000000000001  0.009216274797307288  6.899488385733206e-05
15.06  0.009216197325289078  6.913773469834934e-05
15.08  0.009216119943923396  6.928047052068395e-05
15.1  0.00921604265570242  6.94230913771271e-05
15.120000000000001  0.009215965462509  6.956559749845225e-05
15.14  0.009215888365634185  6.970798928271121e-05
15.16  0.009215811365806579  6.985026728204723e-05
15.18  0.0092157344632257  6.999243218075001e-05
15.200000000000001  0.009215657657605528  7.013448477461343e-05
15.22  0.009215580948218564  7.027642594893311e-05
15.24  0.009215504333951182  7.041825665238147e-05
15.26  0.009215427813357265  7.055997786874327e-05
15.280000000000001  0.009215351384711943  7.0701590592611e-05
15.3  0.009215275046073397  7.084309580077851e-05
15.32  0.00921519879533762  7.098449443387336e-05
15.34  0.009215122630296647  7.112578736946163e-05
15.36  0.00921504654869157  7.126697540775614e-05
15.38  0.009214970548268493  7.140805925179056e-05
15.4  0.009214894626824042  7.154903949652407e-05
15.42  0.009214818782252651  7.168991662298536e-05
15.44  0.009214743012588133  7.18306909867762e-05
15.46  0.00921466731604233  7.197136282265158e-05
15.48  0.009214591691034679  7.211193224084987e-05
15.5  0.009214516136218922  7.225239923451976e-05
15.52  0.009214440650506382  7.239276368569981e-05
15.540000000000001  0.009214365233078248  7.253302537120005e-05
15.56  0.00921428988339927  7.267318397996862e-05
15.58  0.009214214601215989  7.281323911899828e-05
15.6  0.009214139386560603  7.295319033134677e-05
15.620000000000001  0.009214064239738178  7.309303710461147e-05
15.64  0.009213989161318485  7.323277889050261e-05
15.66  0.009213914152114883  7.337241511638147e-05
15.68  0.009213839213165924  7.351194519785234e-05
15.700000000000001  0.009213764345704659  7.365136855426799e-05
15.72  0.00921368955113377  7.379068462034339e-05
15.74  0.009213614830992721  7.392989285497954e-05
15.76  0.009213540186922595  7.406899275306221e-05
15.780000000000001  0.00921346562063351  7.420798385594486e-05
15.8  0.009213391133868423  7.434686575124487e-05
15.82  0.009213316728364992  7.448563808452104e-05
15.84  0.009213242405826057  7.462430055904599e-05
15.860000000000001  0.009213168167885158  7.476285294132074e-05
15.88  0.009213094016074543  7.490129505618656e-05
15.9  0.009213019951798261  7.503962678744681e-05
15.92  0.009212945976306921  7.517784807605372e-05
15.94  0.00921287209067836  7.53159589149932e-05
15.96  0.009212798295797589  7.545395933950162e-05
15.98  0.009212724592345829  7.559184942641778e-05
16.0  0.009212650980788627  7.572962928112907e-05
16.02  0.009212577461374471  7.58672990318753e-05
16.04  0.009212504034134358  7.600485881859785e-05
16.06  0.009212430698882144  7.614230878161661e-05
16.080000000000002  0.009212357455227855  7.62796490556269e-05
16.1  0.009212284302582932  7.641687975639495e-05
16.12  0.009212211240181054  7.655400097264433e-05
16.14  0.009212138267094308  7.669101275398839e-05
16.16  0.00921206538225189  7.682791510587266e-05
16.18  0.009211992584466963  7.696470797901222e-05
16.2  0.00921191987245935  7.710139126348927e-05
16.22  0.009211847244879504  7.723796478215848e-05
16.240000000000002  0.009211774700337506  7.737442828392499e-05
16.26  0.009211702237427505  7.751078144561686e-05
16.28  0.009211629854755755  7.764702386335159e-05
16.3  0.009211557550964224  7.778315505752373e-05
16.32  0.009211485324754584  7.79191744661056e-05
16.34  0.00921141317491166  7.80550814540565e-05
16.36  0.009211341100320325  7.819087531412089e-05
16.38  0.009211269099985804  7.8326555271083e-05
16.4  0.009211197173047806  7.84621204832647e-05
16.42  0.009211125318788541  7.85975700564013e-05
16.44  0.009211053536646788  7.873290305017677e-05
16.46  0.009210981826217688  7.886811848256784e-05
16.48  0.009210910187259861  7.900321534216214e-05
16.5  0.009210838619689604  7.913819259853442e-05
16.52  0.009210767123581189  7.927304921211316e-05
16.54  0.009210695699155277  7.94077841456001e-05
16.56  0.00921062434677138  7.954239636981381e-05
16.580000000000002  0.009210553066915851  7.967688488087619e-05
16.6  0.009210481860185468  7.981124870469952e-05
16.62  0.009210410727270316  7.994548691008462e-05
16.64  0.009210339668937726  8.007959861518313e-05
16.66  0.009210268686011495  8.021358299532675e-05
16.68  0.009210197779351606  8.034743929106748e-05
16.7  0.009210126949833681  8.048116681359438e-05
16.72  0.009210056198328726  8.061476495311513e-05
16.740000000000002  0.009209985525681582  8.074823317651722e-05
16.76  0.009209914932692114  8.088157103436735e-05
16.78  0.0092098444200951  8.101477815995072e-05
16.8  0.009209773988545113  8.114785427242786e-05
16.82  0.00920970363859943  8.12807991720652e-05
16.84  0.009209633370701764  8.141361274153044e-05
16.86  0.009209563185174994  8.154629493958436e-05
16.88  0.009209493082207327  8.167884579673984e-05
16.9  0.009209423061848326  8.18112654118823e-05
16.92  0.009209353124004019  8.194355394640352e-05
16.94  0.009209283268430207  8.207571161415446e-05
16.96  0.009209213494736215  8.220773867832087e-05
16.98  0.009209143802389156  8.233963543857243e-05
17.0  0.009209074190714685  8.247140222474448e-05
17.02  0.00920900465890731  8.260303939058866e-05
17.04  0.009208935206036873  8.273454730363573e-05
17.06  0.009208865831062403  8.28659263336889e-05
17.080000000000002  0.009208796532842572  8.299717685034076e-05
17.1  0.009208727310150006  8.312829921140291e-05
17.12  0.00920865816168763  8.325929375843552e-05
17.14  0.00920858908610338  8.339016080741217e-05
17.16  0.009208520082006164  8.35209006451075e-05
17.18  0.009208451147983188  8.365151352070764e-05
17.2  0.00920838228261938  8.378199964681438e-05
17.22  0.00920831348450947  8.391235919138004e-05
17.240000000000002  0.009208244752274677  8.404259227691912e-05
17.26  0.009208176084581042  8.417269898245084e-05
17.28  0.009208107480151703  8.430267934035824e-05
17.3  0.00920803893777804  8.44325333341568e-05
17.32  0.009207970456335734  8.456226090698096e-05
17.34  0.009207902034790138  8.469186195917468e-05
17.36  0.009207833672208371  8.482133635337506e-05
17.38  0.009207765367765016  8.49506839176837e-05
17.400000000000002  0.009207697120745942  8.507990445193132e-05
17.42  0.009207628930554025  8.520899773230018e-05
17.44  0.009207560796709185  8.533796351913817e-05
17.46  0.009207492718850036  8.546680155973143e-05
17.48  0.009207424696730594  8.559551159848991e-05
17.5  0.009207356730216037  8.572409338223995e-05
17.52  0.009207288819281907  8.585254666580792e-05
17.54  0.00920722096400451  8.598087122214959e-05
17.56  0.00920715316455473  8.61090668420639e-05
17.580000000000002  0.009207085421191384  8.623713334930953e-05
17.6  0.009207017734249773  8.63650706001192e-05
17.62  0.009206950104134873  8.649287848951597e-05
17.64  0.009206882531308868  8.662055695786056e-05
17.66  0.009206815016284474  8.674810599082868e-05
17.68  0.009206747559610064  8.687552562736898e-05
17.7  0.009206680161863979  8.700281595908386e-05
17.72  0.0092066128236389  8.712997713234463e-05
17.740000000000002  0.009206545545541019  8.725700934849104e-05
17.76  0.00920647832817263  8.738391286244385e-05
17.78  0.009206411172127168  8.751068798581324e-05
17.8  0.009206344077985729  8.763733507955492e-05
17.82  0.009206277046302423  8.776385455311163e-05
17.84  0.00920621007760528  8.789024686442135e-05
17.86  0.009206143172388465  8.801651250789615e-05
17.88  0.00920607633110955  8.814265201762943e-05
17.900000000000002  0.009206009554185771  8.826866595279748e-05
17.92  0.00920594284199289  8.839455490077918e-05
17.94  0.009205876194863391  8.852031946380732e-05
17.96  0.009205809613087503  8.864596025545294e-05
17.98  0.009205743096913716  8.877147789109754e-05
18.0  0.009205676646550583  8.889687298344338e-05
18.02  0.009205610262164984  8.902214613263785e-05
18.04  0.009205543943892593  8.914729792125259e-05
18.06  0.009205477691833113  8.927232890862304e-05
18.080000000000002  0.009205411506056733  8.93972396191757e-05
18.1  0.009205345386607902  8.952203054416179e-05
18.12  0.009205279333509253  8.964670212927901e-05
18.14  0.00920521334676528  8.97712547737005e-05
18.16  0.00920514742636348  8.989568882561291e-05
18.18  0.009205081572282978  9.002000458065352e-05
18.2  0.00920501578449386  9.014420227106384e-05
18.22  0.009204950062961416  9.02682820763697e-05
18.240000000000002  0.009204884407647723  9.03922441142425e-05
18.26  0.009204818818517674  9.05160884424006e-05
18.28  0.009204753295537424  9.063981506314723e-05
18.3  0.009204687838678347  9.07634239192151e-05
18.32  0.009204622447915246  9.088691490097609e-05
18.34  0.009204557123232633  9.101028784792858e-05
18.36  0.00920449186461832  9.113354255449598e-05
18.38  0.009204426672069627  9.125667877360314e-05
18.400000000000002  0.009204361545590222  9.13796962226332e-05
18.42  0.009204296485188772  9.150259458964237e-05
18.44  0.009204231490881589  9.162537353773207e-05
18.46  0.009204166562690417  9.174803271515611e-05
18.48  0.00920410170063823  9.187057176011048e-05
18.5  0.009204036904752938  9.199299030555121e-05
18.52  0.009203972175063708  9.211528799155268e-05
18.54  0.009203907511600017  9.223746446566271e-05
18.56  0.009203842914390982  9.235951939524087e-05
18.580000000000002  0.00920377838346388  9.248145246820342e-05
18.6  0.00920371391884485  9.260326340616393e-05
18.62  0.009203649520556972  9.272495196018161e-05
18.64  0.009203585188617507  9.284651792242836e-05
18.66  0.009203520923043038  9.296796112838928e-05
18.68  0.009203456723843621  9.308928145793435e-05
18.7  0.009203392591027225  9.321047884025698e-05
18.72  0.009203328524597904  9.333155325630589e-05
18.740000000000002  0.009203264524555105  9.345250473644367e-05
18.76  0.009203200590897773  9.357333336299932e-05
18.78  0.009203136723621441  9.369403927048591e-05
18.8  0.009203072922721961  9.381462264148997e-05
18.82  0.009203009188193953  9.393508370881003e-05
18.84  0.009202945520033447  9.405542274761795e-05
18.86  0.009202881918238554  9.41756400755556e-05
18.88  0.009202818382810174  9.429573604914339e-05
18.900000000000002  0.009202754913752293  9.441571105635955e-05
18.92  0.009202691511074116  9.453556551619483e-05
18.94  0.009202628174787755  9.465529986901918e-05
18.96  0.009202564904914001  9.477491457491423e-05
18.98  0.00920250170147785  9.489441010680652e-05
19.0  0.009202438564508645  9.501378694707854e-05
19.02  0.009202375494044283  9.51330455776968e-05
19.04  0.009202312490124927  9.525218647964953e-05
19.06  0.009202249552796696  9.537121012569535e-05
19.080000000000002  0.00920218668210953  9.549011697679055e-05
19.1  0.009202123878114008  9.560890747525316e-05
19.12  0.009202061140863459  9.572758204537933e-05
19.14  0.009201998470408836  9.584614108533305e-05
19.16  0.009201935866799413  9.596458496689993e-05
19.18  0.009201873330080662  9.608291403179718e-05
19.2  0.009201810860290534  9.620112859076854e-05
19.22  0.009201748457458064  9.631922892136156e-05
19.240000000000002  0.009201686121601488  9.643721526986438e-05
19.26  0.009201623852725948  9.655508784623166e-05
19.28  0.0092015616508211  9.667284682962006e-05
19.3  0.009201499515858644  9.679049236796484e-05
19.32  0.009201437447790315  9.69080245778217e-05
19.34  0.009201375446545968  9.702544354714133e-05
19.36  0.009201313512033588  9.714274933917658e-05
19.38  0.009201251644135192  9.725994199048419e-05
19.400000000000002  0.00920118984270657  9.737702152102492e-05
19.42  0.009201128107576851  9.749398793251583e-05
19.44  0.009201066438548023  9.761084121294846e-05
19.46  0.009201004835393687  9.772758133947692e-05
19.48  0.00920094329785947  9.784420828256836e-05
19.5  0.009200881825663724  9.796072201065717e-05
19.52  0.009200820418497463  9.807712249244887e-05
19.54  0.009200759076025796  9.819340969915622e-05
19.56  0.009200697797891184  9.830958361074142e-05
19.580000000000002  0.00920063658371037  9.842564421211868e-05
19.6  0.009200575433081152  9.854159150450803e-05
19.62  0.009200514345581737  9.865742550279005e-05
19.64  0.009200453320774488  9.877314623476282e-05
19.66  0.009200392358206869  9.888875374934792e-05
19.68  0.00920033145741652  9.900424811236163e-05
19.7  0.009200270617932995  9.911962940890401e-05
19.72  0.00920020983927897  9.92348977425549e-05
19.740000000000002  0.009200149120976275  9.935005323740564e-05
19.76  0.009200088462546642  9.94650960368894e-05
19.78  0.009200027863514346  9.95800263021396e-05
19.8  0.009199967323410538  9.969484421252069e-05
19.82  0.009199906841775254  9.980954995861762e-05
19.84  0.009199846418158552  9.99241437508465e-05
19.86  0.009199786052123474  0.00010003862580731286
19.88  0.009199725743248125  0.00010015299635711769
19.900000000000002  0.009199665491128113  0.00010026725563681404
19.92  0.00919960529537651  0.00010038140388793175
19.94  0.009199545155626225  0.00010049544135566261
19.96  0.009199485071528877  0.00010060936828484466
19.98  0.009199425042757366  0.00010072318491796429
20.0  0.009199365069005394  0.00010083689149505978
