0.02  -0.03513356310834498  0.0012208526415009309
0.04  -0.07736667588570642  0.00200411149854532
0.06  -0.11467733747741675  0.0022454518827442075
0.08  -0.14789758346365792  0.0021645115376270284
0.1  -0.1775154024871272  0.0019039419415503025
0.12  -0.20384234480329874  0.0015535665071589033
0.14  -0.22710292235577678  0.001168063624018581
0.16  -0.24747970999731317  0.0007794578342669269
0.18  -0.2651345448673887  0.0004056206509801235
0.2  -0.2802175660408018  5.589080191645767e-05
0.22  -0.2928706400306752  -0.0002653245120571026
0.24  -0.30322857692061933  -0.0005563242955045118
0.26  -0.3114197439145992  -0.0008167915214966906
0.28  -0.31756674746752783  -0.0010470503585072325
0.3  -0.3217873558606302  -0.0012476784570564052
0.32  -0.3241956114432656  -0.001419337348749569
0.34  -0.3249030116706998  -0.0015627185343208023
0.36  -0.32401963723447846  -0.0016785472642077315
0.38  -0.3216551206955335  -0.0017676155591731357
0.4  -0.3179193921020375  -0.0018308173516808682
0.42  -0.31292316540658216  -0.0018691762326025134
0.44  -0.30677816348389697  -0.0018838653368382233
0.46  -0.29959709351704056  -0.0018762143967076443
0.48  -0.29149340345803415  -0.0018477061370235465
0.5  -0.28258085338535566  -0.0017999651992390187
0.52  -0.27297294067472017  -0.001734739440568216
0.54  -0.26278222313067817  -0.0016538749347320748
0.56  -0.25211957527509404  -0.0015592898171504902
0.58  -0.24109341132301762  -0.0014529457492282074
0.6  -0.22980890546051952  -0.0013368196059116752
0.62  -0.2183672377807884  -0.001212877536715536
0.64  -0.20686488637745382  -0.0010830506902050794
0.66  -0.19539297994666124  -0.0009492130046407703
0.68  -0.18403672489776568  -0.0008131611465740083
0.7000000000000001  -0.17287491640923758  -0.0006765968273522854
0.72  -0.16197953856020597  -0.0005411121978286275
0.74  -0.1514154555531725  -0.00040817834831742013
0.76  -0.1412401942529048  -0.00027913658155545774
0.78  -0.131503818200297  -0.00015519241429043184
0.8  -0.12224888879058973  -3.741124123867877e-05
0.8200000000000001  -0.11351050803233009  7.328347202842112e-05
0.84  -0.10531643828437172  0.0001761103417839882
0.86  -0.09768729260533443  0.00027042902103998354
0.88  -0.09063678821524955  0.00035573693248463345
0.9  -0.0841720565497768  0.0004316645292518887
0.92  -0.07829400290435762  0.0004979700981808454
0.9400000000000001  -0.07299770811848783  0.0005545344132638051
0.96  -0.06827286395449743  0.0006013541768655421
0.98  -0.06410423656063331  0.0006385336171852323
1.0  -0.060472152861663866  0.0006662755263798319
1.02  -0.05735300082861888  0.0006848728538549973
1.04  -0.05471973776489167  0.0006947000824360101
1.06  -0.05254240187524204  0.0006962042436582834
1.08  -0.05078862168518863  0.0006898961099130615
1.1  -0.04942411817369541  0.0006763408652366212
1.12  -0.04841319490347254  0.0006561485105188429
1.1400000000000001  -0.047719212047903976  0.000629964694374697
1.16  -0.047305040470541945  0.0005984619196895064
1.18  -0.04713349215548234  0.0005623307994628577
1.2  -0.04716772395204547  0.0005222714069558649
1.22  -0.04737161243809555  0.0004789851236691082
1.24  -0.047710098075224944  0.00043316718256388424
1.26  -0.048149497044130074  0.00038549976187536876
1.28  -0.0486577793928967  0.00033664550007817613
1.3  -0.04920481252520137  0.0002872414273577108
1.32  -0.04976256952116045  0.00023789339873497723
1.34  -0.050305302179849395  0.00018917112416191542
1.36  -0.05080967893394804  0.00014160382288842165
1.3800000000000001  -0.051254888036473385  9.567658170513523e-05
1.4000000000000001  -0.051622706891696415  5.182741762181414e-05
1.42  -0.05189753897289659  1.0444898554588073e-05
1.44  -0.05206641964284339  -2.813357325959936e-05
1.46  -0.0521189923086086  -6.362271519783362e-05
1.48  -0.05204745679238312  -9.578957422752565e-05
1.5  -0.05184649202459737  -0.00012445331652242097
1.52  -0.051513155134905626  -0.0001494850076935172
1.54  -0.05104675948572749  -0.00017080709982846026
1.56  -0.05044873456337383  -0.00018839177313251232
1.58  -0.04972247022414413  -0.00020225805545777013
1.6  -0.04887314748926323  -0.0002124684423059919
1.62  -0.04790755832121618  -0.00021912543464646848
1.6400000000000001  -0.04683391704125446  -0.00022236798797441783
1.6600000000000001  -0.04566166604278839  -0.00022236780994639875
1.68  -0.04440127834743571  -0.00021932550184458448
1.7  -0.04306405943612191  -0.0002134665728407752
1.72  -0.041661950655270015  -0.00020503738694506777
1.74  -0.040207336381421675  -0.00019430110753407357
1.76  -0.038712857030980985  -0.00018153363060720765
1.78  -0.03719122975422514  -0.00016701953780072149
1.8  -0.035655078435446734  -0.0001510481840049291
1.82  -0.034116774509645106  -0.00013390997174257232
1.84  -0.032588289907060766  -0.00011589282521225571
1.86  -0.03108106321239055  -9.727887043466327e-05
1.8800000000000001  -0.02960587990405367  -7.834134518839927e-05
1.9000000000000001  -0.02817276733130926  -5.93417721027641e-05
1.92  -0.02679090488607825  -4.0527420699222936e-05
1.94  -0.025468549623224025  -2.2129075531939743e-05
1.96  -0.024212977386572472  -4.359121786436381e-06
1.98  -0.02303043931879467  1.2590044464734154e-05
2.0  -0.021926133458366436  2.8547278254404106e-05
2.02  -0.020904190955749122  4.336362316242491e-05
2.04  -0.01996767629449123  5.6912929087392605e-05
2.06  -0.019118600785038988  6.909214034178781e-05
2.08  -0.01835794852122278  7.982120834772226e-05
2.1  -0.01768571388252508  8.904265839804177e-05
2.12  -0.01710094943599008  9.672104700820584e-05
2.14  -0.01660182297878557  0.00010284233334252585
2.16  -0.016185682589582973  0.00010741297245071011
2.18  -0.015849128533499707  0.00011045873679056846
2.2  -0.015588090767746681  0.00011202334316749989
2.22  -0.015397910787830017  0.00011216692396693603
2.24  -0.015273426578222418  0.00011096436541149096
2.2600000000000002  -0.01520905945981537  0.00010850353561585367
2.2800000000000002  -0.015198901663629635  0.00010488342794058917
2.3000000000000003  -0.015236803510357961  0.00010021224768271843
2.32  -0.015316459139703082  9.4605473900339e-05
2.34  -0.015431489811282527  8.81839328243703e-05
2.36  -0.015575523885584693  8.107192151840742e-05
2.38  -0.01574227268126953  7.339541518705192e-05
2.4  -0.015925601487257454  6.528037740197499e-05
2.42  -0.016119595087456244  5.6851176859407777e-05
2.44  -0.016318617243506535  4.8229107796417356e-05
2.46  -0.01651736368318447  3.9531016988545754e-05
2.48  -0.01671090825336278  3.0868050262196996e-05
2.5  -0.01689474200646769  2.2344535810139734e-05
2.52  -0.017064805093473627  1.4057017952350697e-05
2.54  -0.017217511435372014  6.093448230163473e-06
2.56  -0.017349766238446543  -1.4674646017048777e-06
2.58  -0.017458976503308597  -8.556745917586762e-06
2.6  -0.01754305475455517  -1.5115488373241052e-05
2.62  -0.017600416292155738  -2.1095031204669654e-05
2.64  -0.017629970332589076  -2.6456994974434717e-05
2.66  -0.0176311054627416  -3.1173181759422354e-05
2.68  -0.017603669876169417  -3.5225350309646256e-05
2.7  -0.01754794690086186  -3.860487555301e-05
2.72  -0.017464626359147827  -4.131230072602378e-05
2.74  -0.017354772324449583  -4.335679076670481e-05
2.7600000000000002  -0.017219787857393646  -4.4755499004332485e-05
2.7800000000000002  -0.017061377314948018  -4.553286350925795e-05
2.8000000000000003  -0.016881506829414764  -4.5719850318316736e-05
2.82  -0.016682363548062497  -4.535315834654777e-05
2.84  -0.016466314209714613  -4.447439875483191e-05
2.86  -0.016235863613552108  -4.312926084408861e-05
2.88  -0.015993613508893778  -4.136667622726877e-05
2.9  -0.01574222240333955  -3.9237992338823544e-05
2.92  -0.015484366750771753  -3.6796165428335816e-05
2.94  -0.015222703940776062  -3.4094982037831726e-05
2.96  -0.014959837467833229  -3.118831699898915e-05
2.98  -0.014698284612695348  -2.812943492377267e-05
3.0  -0.014440446920544605  -2.4970341256834558e-05
3.02  -0.014188583711395614  -2.1761187998588563e-05
3.04  -0.013944788808511252  -1.8549738311661945e-05
3.06  -0.013710970620967437  -1.538089331338193e-05
3.08  -0.013488835667563256  -1.2296283426858662e-05
3.1  -0.013279875581572745  -9.333925633137454e-06
3.12  -0.01308535758996187  -6.527947015716646e-06
3.14  -0.012906318416972425  -3.908374037565302e-06
3.16  -0.012743561520969414  -1.5009861737896933e-06
3.18  -0.012597657535386397  6.727682566195722e-07
3.2  -0.012468947749948344  2.5957968361805736e-06
3.22  -0.012357550437471151  4.25533168463537e-06
3.24  -0.012263369804745895  5.642845715642412e-06
3.2600000000000002  -0.012186107323199198  6.753920780076231e-06
3.2800000000000002  -0.012125275176098693  7.588072236426797e-06
3.3000000000000003  -0.012080211544137189  8.148534406529097e-06
3.3200000000000003  -0.012050097440602588  8.442011189026483e-06
3.34  -0.012033974801119025  8.478396054746042e-06
3.36  -0.012030765530860727  8.270465771897939e-06
3.38  -0.012039291214204061  7.833552439321181e-06
3.4  -0.012058293197600545  7.185198699910631e-06
3.42  -0.012086452765676605  6.3448012658882534e-06
3.44  -0.012122411142915993  5.333247996319008e-06
3.46  -0.012164789068334297  4.1725537528365946e-06
3.48  -0.012212205707985863  2.8855000584257625e-06
3.5  -0.012263296689727228  1.4952832700838338e-06
3.52  -0.012316731065956616  2.5175609111684812e-08
3.54  -0.01237122703286684  -1.5017969900874765e-06
3.56  -0.012425566258717605  -3.0631565190552927e-06
3.58  -0.012478606698403713  -4.6372507582983385e-06
3.6  -0.012529293796890034  -6.203504511847211e-06
3.62  -0.012576670009443996  -7.742641945217993e-06
3.64  -0.012619882591762274  -9.236878367316847e-06
3.66  -0.012658189637710725  -1.0670080430202975e-05
3.68  -0.012690964366195826  -1.2027894256632786e-05
3.7  -0.01271769768139715  -1.3297841559131035e-05
3.72  -0.012737999051983341  -1.4469384225299228e-05
3.74  -0.012751595774762797  -1.5533958278500038e-05
3.7600000000000002  -0.012758330706352836  -1.648497849147761e-05
3.7800000000000002  -0.012758158562665212  -1.7317815265154848e-05
3.8000000000000003  -0.012751140900258178  -1.8029745657637875e-05
3.8200000000000003  -0.01273743990570448  -1.861988072586983e-05
3.84  -0.012717311129122423  -1.9089071551498416e-05
3.86  -0.012691095305794323  -1.9439796466979014e-05
3.88  -0.012659209415336735  -1.9676032112069777e-05
3.9  -0.01262213713131006  -1.9803111011359434e-05
3.92  -0.012580418815356629  -1.982756837567832e-05
3.94  -0.01253464120921055  -1.975698084064043e-05
3.96  -0.012485426975119361  -1.9599799783877065e-05
3.98  -0.012433424230717981  -1.936518185426464e-05
4.0  -0.012379296218132739  -1.906281922595571e-05
4.0200000000000005  -0.012323711239343331  -1.8702772024423826e-05
4.04  -0.01226733298075552  -1.8295305230639416e-05
4.0600000000000005  -0.012210811339603231  -1.785073225392343e-05
4.08  -0.012154773853442984  -1.737926709280657e-05
4.1  -0.012099817821757355  -1.6890886790192638e-05
4.12  -0.012046503195651384  -1.6395205437636136e-05
4.14  -0.011995346298106724  -1.590136061827409e-05
4.16  -0.01194681442333426  -1.5417912751887952e-05
4.18  -0.011901321349869258  -1.4952757509746053e-05
4.2  -0.011859223788226413  -1.4513051377572567e-05
4.22  -0.011820818770542078  -1.4105150388414925e-05
4.24  -0.011786341976744146  -1.3734562131804972e-05
4.26  -0.011755966979532604  -1.3405911148502538e-05
4.28  -0.011729805379016921  -1.3122917778142236e-05
4.3  -0.011707907787241442  -1.288839039397877e-05
4.32  -0.011690265613184495  -1.2704230743445285e-05
4.34  -0.011676813590196037  -1.2571451912548302e-05
4.36  -0.011667432980331427  -1.2490208203066859e-05
4.38  -0.01166195538368639  -1.2459836034127002e-05
4.4  -0.011660167075674688  -1.2478904799410862e-05
4.42  -0.01166181379130744  -1.2545276493824075e-05
4.44  -0.011666605872778676  -1.2656172846122393e-05
4.46  -0.011674223695282638  -1.28082485852115e-05
4.48  -0.011684323285629045  -1.2997669573828292e-05
4.5  -0.011696542049104457  -1.3220194552719623e-05
4.5200000000000005  -0.011710504521869981  -1.3471259295956756e-05
4.54  -0.011725828069228991  -1.3746061752035533e-05
4.5600000000000005  -0.011742128454201358  -1.4039646692342179e-05
4.58  -0.01175902520565466  -1.4346988718180883e-05
4.6000000000000005  -0.011776146720703668  -1.4663072866741007e-05
4.62  -0.011793135042296943  -1.498297205144739e-05
4.64  -0.011809650259817867  -1.5301920510210002e-05
4.66  -0.01182537448799769  -1.5615382298411154e-05
4.68  -0.011840015387322118  -1.5919113691198093e-05
4.7  -0.0118533091973002  -1.6209218072337145e-05
4.72  -0.011865023262023221  -1.6482191615484773e-05
4.74  -0.011874958034994765  -1.6734957851168464e-05
4.76  -0.011882948556508571  -1.696488960008371e-05
4.78  -0.011888865401797063  -1.7169817993195407e-05
4.8  -0.011892615102294099  -1.7348030302081032e-05
4.82  -0.011894140047612967  -1.749826036209518e-05
4.84  -0.011893417884038658  -1.7619676147752393e-05
4.86  -0.011890460436461713  -1.771186780765685e-05
4.88  -0.011885312191892098  -1.777483686165042e-05
4.9  -0.011878048390533046  -1.7808984817818186e-05
4.92  -0.011868772773115873  -1.7815098436840186e-05
4.94  -0.011857615032405816  -1.77943293670181e-05
4.96  -0.011844728015156417  -1.7748167139056874e-05
4.98  -0.01183028471997966  -1.7678405757004523e-05
5.0  -0.011814475136902015  -1.7587105042162854e-05
5.0200000000000005  -0.011797502975083193  -1.747654832942407e-05
5.04  -0.011779582325717696  -1.7349198210935945e-05
5.0600000000000005  -0.011760934306997161  -1.7207651947793263e-05
5.08  -0.011741783737040956  -1.7054597845488626e-05
5.1000000000000005  -0.011722355878849757  -1.6892773615805653e-05
5.12  -0.011702873298922205  -1.6724927322544516e-05
5.14  -0.011683552878038836  -1.6553781220462604e-05
5.16  -0.011664603009285348  -1.6381998489616663e-05
5.18  -0.011646221014551258  -1.6212152679526126e-05
5.2  -0.011628590806634706  -1.6046699615889122e-05
5.22  -0.011611880819857624  -1.5887951548035372e-05
5.24  -0.011596242227557157  -1.5738053437743817e-05
5.26  -0.011581807460351487  -1.5598961405611123e-05
5.28  -0.011568689034421549  -1.547242350374259e-05
5.3  -0.011556978694478977  -1.535996305993025e-05
5.32  -0.01154674687160363  -1.5262864887878862e-05
5.34  -0.011538042451789441  -1.5182164663204057e-05
5.36  -0.011530892846927727  -1.5118641650495649e-05
5.38  -0.011525304356144997  -1.5072814972755548e-05
5.4  -0.011521262801869173  -1.504494344636148e-05
5.42  -0.011518734421882379  -1.5035028982010958e-05
5.44  -0.011517666995821272  -1.5042823438064204e-05
5.46  -0.011517991182235083  -1.5067838750779615e-05
5.48  -0.01151962204035895  -1.5109360096671577e-05
5.5  -0.01152246070919933  -1.5166461797550825e-05
5.5200000000000005  -0.011526396215451285  -1.5238025650144977e-05
5.54  -0.01153130738105835  -1.5322761317220867e-05
5.5600000000000005  -0.011537064800990511  -1.5419228440839835e-05
5.58  -0.011543532861916074  -1.552586011222592e-05
5.6000000000000005  -0.011550571773035399  -1.5640987356978762e-05
5.62  -0.011558039581163724  -1.576286435478843e-05
5.64  -0.011565794143457563  -1.58896941262028e-05
5.66  -0.01157369503267187  -1.6019654453658838e-05
5.68  -0.01158160535170807  -1.6150923863929572e-05
5.7  -0.01158939343627026  -1.6281707432306354e-05
5.72  -0.011596934426756151  -1.641026215533901e-05
5.74  -0.011604111692984875  -1.6534921497366167e-05
5.76  -0.011610818097995551  -1.66541186124133e-05
5.78  -0.01161695708982495  -1.6766407697594362e-05
5.8  -0.011622443612940538  -1.6870482912419735e-05
5.82  -0.01162720483369946  -1.6965194395150446e-05
5.84  -0.01163118067690285  -1.7049561062023222e-05
5.86  -0.01163432417311423  -1.7122780040404397e-05
5.88  -0.011636601618996247  -1.718423271241114e-05
5.9  -0.011637992555295278  -1.7233487513108078e-05
5.92  -0.011638489569446324  -1.727029964834233e-05
5.94  -0.0116380979317868  -1.7294608032216374e-05
5.96  -0.011636835076301602  -1.730652969103439e-05
5.98  -0.011634729938453232  -1.730635191948761e-05
6.0  -0.011631822164105677  -1.7294522461172362e-05
6.0200000000000005  -0.01162816120472233  -1.7271637932497806e-05
6.04  -0.011623805315029177  -1.7238430746330463e-05
6.0600000000000005  -0.011618820470004442  -1.7195754766541273e-05
6.08  -0.011613279218535577  -1.7144569936125933e-05
6.1000000000000005  -0.011607259491279475  -1.708592614392974e-05
6.12  -0.011600843380245363  -1.7020946622054367e-05
6.140000000000001  -0.011594115907338422  -1.6950811122334235e-05
6.16  -0.011587163798593599  -1.687673922918262e-05
6.18  -0.011580074280168641  -1.679997406683312e-05
6.2  -0.011572933911254867  -1.6721766720039974e-05
6.22  -0.011565827468013185  -1.664336169271901e-05
6.24  -0.011558836891461737  -1.6565983661453738e-05
6.26  -0.011552040310907676  -1.64908257868081e-05
6.28  -0.011545511153105762  -1.641903979233847e-05
6.3  -0.011539317345852484  -1.6351727895893577e-05
6.32  -0.011533520623202325  -1.6289936547424797e-05
6.34  -0.01152817593795278  -1.623465170185357e-05
6.36  -0.01152333098549847  -1.6186795108974114e-05
6.38  -0.011519025841474684  -1.6147220913397486e-05
6.4  -0.01151529271386868  -1.6116711924740127e-05
6.42  -0.011512155808315909  -1.6095975364734984e-05
6.44  -0.011509631303489865  -1.6085638542696033e-05
6.46  -0.01150772743202428  -1.6086245490048816e-05
6.48  -0.011506444661546676  -1.6098255474243845e-05
6.5  -0.011505775969813758  -1.6122043742551172e-05
6.5200000000000005  -0.011505707207340014  -1.6157904104821812e-05
6.54  -0.011506217540040732  -1.6206052594133367e-05
6.5600000000000005  -0.011507279963406145  -1.6266631420456797e-05
6.58  -0.011508861878828961  -1.6339712667341462e-05
6.6000000000000005  -0.011510925722036935  -1.642530145123754e-05
6.62  -0.01151342963319112  -1.6523338416381673e-05
6.640000000000001  -0.011516328158011447  -1.663370159094268e-05
6.66  -0.011519572969313014  -1.6756207653227065e-05
6.68  -0.011523113598505719  -1.689061272195318e-05
6.7  -0.011526898166885298  -1.7036612745682702e-05
6.72  -0.011530874107000105  -1.719384362227109e-05
6.74  -0.011534988864891777  -1.7361881143643102e-05
6.76  -0.011539190574648708  -1.754024091286141e-05
6.78  -0.011543428697461566  -1.7728378319382986e-05
6.8  -0.011547654618136338  -1.7925688718410985e-05
6.82  -0.01155182219291226  -1.813150791238772e-05
6.84  -0.011555888243326576  -1.834511303211488e-05
6.86  -0.01155981299180301  -1.8565723907890672e-05
6.88  -0.011563560435587669  -1.879250499051946e-05
6.9  -0.011567098656610668  -1.902456786795142e-05
6.92  -0.011570400065783179  -1.9260974435323015e-05
6.94  -0.011573441581171458  -1.9500740721391002e-05
6.96  -0.011576204740370664  -1.9742841435740313e-05
6.98  -0.011578675748245587  -1.9986215263352656e-05
7.0  -0.011580845462046784  -2.0229770965664545e-05
7.0200000000000005  -0.011582709316650121  -2.0472394364330854e-05
7.04  -0.011584267193377908  -2.0712956231913734e-05
7.0600000000000005  -0.011585523236492383  -2.095032114257444e-05
7.08  -0.011586485621954929  -2.1183357196703453e-05
7.1000000000000005  -0.011587166283493117  -2.1410946487877087e-05
7.12  -0.011587580601347316  -2.16319961246631e-05
7.140000000000001  -0.011587747059264897  -2.1845449510000557e-05
7.16  -0.011587686875508735  -2.2050297601532306e-05
7.18  -0.011587423613689588  -2.2245589893972104e-05
7.2  -0.011586982779248904  -2.243044486714376e-05
7.22  -0.01158639140737943  -2.260405973429126e-05
7.24  -0.011585677648015547  -2.276571931737997e-05
7.26  -0.011584870353362451  -2.2914803971578294e-05
7.28  -0.011583998673182848  -2.305079643889112e-05
7.3  -0.01158309166272535  -2.317328762173939e-05
7.32  -0.011582177907847685  -2.328198118414814e-05
7.34  -0.011581285171466806  -2.337669698659889e-05
7.36  -0.011580440065029023  -2.3457373312686593e-05
7.38  -0.011579667748192742  -2.3524067872247943e-05
7.4  -0.01157899165943931  -2.357695758344996e-05
7.42  -0.011578433279803305  -2.361633712558923e-05
7.44  -0.011578011931372204  -2.364261628499595e-05
7.46  -0.011577744611695626  -2.36563161266858e-05
7.48  -0.011577645864715252  -2.365806401026109e-05
7.5  -0.01157772768835328  -2.36485875478619e-05
7.5200000000000005  -0.011577999478368779  -2.362870753619726e-05
7.54  -0.011578468007699697  -2.3599329976424727e-05
7.5600000000000005  -0.011579137440056026  -2.3561437257584863e-05
7.58  -0.011580009376153624  -2.3516078620094765e-05
7.6000000000000005  -0.011581082930675834  -2.3464359999917955e-05
7.62  -0.011582354837680076  -2.3407433344901983e-05
7.640000000000001  -0.011583819581980737  -2.3346485517039973e-05
7.66  -0.011585469553767134  -2.3282726856824307e-05
7.68  -0.011587295223544233  -2.3217379500149423e-05
7.7  -0.011589285334359333  -2.3151665525450948e-05
7.72  -0.011591427108145595  -2.308679500520952e-05
7.74  -0.011593706462977563  -2.302395405749994e-05
7.76  -0.011596108238018541  -2.2964292971084613e-05
7.78  -0.011598616422932431  -2.2908914528110987e-05
7.8  -0.011601214388647274  -2.2858862625841638e-05
7.82  -0.01160388511645263  -2.2815111353139902e-05
7.84  -0.011606611422534347  -2.2778554634033136e-05
7.86  -0.011609376175282304  -2.2749996628648175e-05
7.88  -0.011612162502874591  -2.2730143006280856e-05
7.9  -0.011614953988889027  -2.2719593268470195e-05
7.92  -0.011617734853958304  -2.2718834243972428e-05
7.94  -0.01162049012172722  -2.272823486248679e-05
7.96  -0.011623205767689004  -2.274804232102473e-05
7.98  -0.011625868849743138  -2.277837969925277e-05
8.0  -0.011628467619611291  -2.2819245093860558e-05
8.02  -0.011630991614540172  -2.287051230056463e-05
8.040000000000001  -0.011633431728943124  -2.2931933025226864e-05
8.06  -0.01163578026597204  -2.3003140617467116e-05
8.08  -0.011638030969193502  -2.3083655249200733e-05
8.1  -0.011640179034840803  -2.3172890464389685e-05
8.120000000000001  -0.011642221105299234  -2.32701609908078e-05
8.14  -0.01164415524471858  -2.3374691687799698e-05
8.16  -0.011645980897816554  -2.3485627492162244e-05
8.18  -0.0116476988331198  -2.3602044206211237e-05
8.2  -0.011649311072002289  -2.3722959958087577e-05
8.22  -0.011650820805042575  -2.3847347164694037e-05
8.24  -0.011652232297274566  -2.3974144824658245e-05
8.26  -0.01165355078401844  -2.410227095964423e-05
8.28  -0.011654782358986718  -2.4230635032433082e-05
8.3  -0.011655933856416343  -2.4358150170501833e-05
8.32  -0.011657012728966534  -2.4483745044447634e-05
8.34  -0.011658026923090297  -2.4606375233762886e-05
8.36  -0.011658984753574053  -2.472503396102986e-05
8.38  -0.011659894778853621  -2.4838762062279337e-05
8.4  -0.01166076567864795  -2.494665708458447e-05
8.42  -0.011661606135374654  -2.504788143684733e-05
8.44  -0.011662424720670228  -2.5141669503925452e-05
8.46  -0.011663229788260666  -2.52273336963047e-05
8.48  -0.011664029374267387  -2.5304269375429e-05
8.5  -0.011664831105932083  -2.537195866020493e-05
8.52  -0.011665642119573005  -2.5429973095767474e-05
8.540000000000001  -0.01166646898846379  -2.547797519217808e-05
8.56  -0.011667317661146565  -2.5515718854850905e-05
8.58  -0.011668193410556207  -2.5543048719032764e-05
8.6  -0.011669100794153318  -2.555989841991483e-05
8.620000000000001  -0.011670043625096226  -2.556628783626782e-05
8.64  -0.011671024954330849  -2.5562319369989842e-05
8.66  -0.011672047063315524  -2.554817331985892e-05
8.68  -0.011673111466957639  -2.5524102443644518e-05
8.700000000000001  -0.011674218926217166  -2.5490425802834372e-05
8.72  -0.011675369469739698  -2.5447522025498894e-05
8.74  -0.011676562423809423  -2.5395822109250247e-05
8.76  -0.01167779644985492  -2.533580193166471e-05
8.78  -0.01167906958871818  -2.526797463628356e-05
8.8  -0.011680379310847354  -2.5192883058707102e-05
8.82  -0.011681722571561274  -2.5111092326560375e-05
8.84  -0.011683095870491617  -2.50231827775998e-05
8.86  -0.011684495314302917  -2.4929743287114778e-05
8.88  -0.011685916681769295  -2.483136507293776e-05
8.9  -0.011687355490305373  -2.4728636048763474e-05
8.92  -0.011688807063043264  -2.462213576023744e-05
8.94  -0.011690266595585658  -2.4512430911910943e-05
8.96  -0.011691729221602592  -2.4400071528206694e-05
8.98  -0.011693190076468657  -2.4285587715805305e-05
9.0  -0.011694644358213342  -2.416948705520161e-05
9.02  -0.011696087385095142  -2.4052252584998862e-05
9.040000000000001  -0.011697514649197768  -2.3934341389518737e-05
9.06  -0.011698921865505777  -2.381618373979705e-05
9.08  -0.0117003050160022  -2.3698182785057275e-05
9.1  -0.01170166038841387  -2.3580714741529187e-05
9.120000000000001  -0.011702984609318293  -2.346412953297051e-05
9.14  -0.01170427467141747  -2.3348751830503636e-05
9.16  -0.011705527954866353  -2.3234882420901338e-05
9.18  -0.011706742242679221  -2.3122799808410622e-05
9.200000000000001  -0.011707915730281758  -2.3012761977527234e-05
9.22  -0.011709047029417947  -2.290500821476246e-05
9.24  -0.011710135166658846  -2.2799760891514885e-05
9.26  -0.011711179576873253  -2.269722713132868e-05
9.28  -0.01171218009201226  -2.2597600296392578e-05
9.3  -0.011713136925638818  -2.250106125268952e-05
9.32  -0.011714050653588543  -2.2407779406549016e-05
9.34  -0.011714922191179037  -2.2317913492168732e-05
9.36  -0.011715752767335687  -2.223161209922753e-05
9.38  -0.011716543895985067  -2.2149013905575212e-05
9.4  -0.011717297345045176  -2.2070247614249753e-05
9.42  -0.011718015103389306  -2.1995431673266057e-05
9.44  -0.011718699346138284  -2.1924673802663122e-05
9.46  -0.011719352398732043  -2.1858070395289403e-05
9.48  -0.011719976700200332  -2.1795705849305454e-05
9.5  -0.011720574766117054  -2.1737651940723763e-05
9.52  -0.011721149151684809  -2.1683967310753567e-05
9.540000000000001  -0.011721702415409855  -2.1634697151398218e-05
9.56  -0.011722237083799887  -2.1589873045970342e-05
9.58  -0.011722755617500778  -2.1549512886518568e-05
9.6  -0.011723260379334889  -2.151362074370402e-05
9.620000000000001  -0.011723753604676573  -2.148218662237144e-05
9.64  -0.011724237374591492  -2.1455186086096975e-05
9.66  -0.011724713592089596  -2.1432579794047782e-05
9.68  -0.011725183961744785  -2.14143130175241e-05
9.700000000000001  -0.011725649972897425  -2.140031520563105e-05
9.72  -0.011726112886526176  -2.1390499650686423e-05
9.74  -0.011726573725854544  -2.1384763301758548e-05
9.76  -0.011727033270698198  -2.1382986741601696e-05
9.78  -0.01172749205549496  -2.138503434423515e-05
9.8  -0.011727950370928986  -2.139075461259272e-05
9.82  -0.011728408268997658  -2.1399980693409906e-05
9.84  -0.0117288655713494  -2.1412531061627566e-05
9.86  -0.011729321880656864  -2.142821037434922e-05
9.88  -0.011729776594773885  -2.1446810473692225e-05
9.9  -0.011730228923384392  -2.1468111556636018e-05
9.92  -0.011730677906833211  -2.1491883482259737e-05
9.94  -0.011731122436800818  -2.1517887216844023e-05
9.96  -0.011731561278472726  -2.1545876406715197e-05
9.98  -0.011731993093822047  -2.1575599059828947e-05
10.0  -0.011732416465669127  -2.1606799329624974e-05
10.02  -0.011732829922116678  -2.163921938450633e-05
10.040000000000001  -0.011733231961013476  -2.1672601335205295e-05
10.06  -0.011733621074081201  -2.1706689222430347e-05
10.08  -0.011733995770378317  -2.1741231018846882e-05
10.1  -0.011734354598773505  -2.1775980646317596e-05
10.120000000000001  -0.011734696169137106  -2.181069996913808e-05
10.14  -0.011735019171999053  -2.184516075141445e-05
10.16  -0.01173532239641261  -2.1879146534762445e-05
10.18  -0.011735604745854437  -2.1912454438209627e-05
10.200000000000001  -0.011735865251972042  -2.1944896836471385e-05
10.22  -0.011736103086066034  -2.197630290244715e-05
10.24  -0.01173631756819861  -2.200652000066707e-05
10.26  -0.011736508173884951  -2.2035414900794007e-05
10.28  -0.011736674538346231  -2.206287480703556e-05
10.3  -0.011736816458342729  -2.2088808182864296e-05
10.32  -0.011736933891631312  -2.211314537110652e-05
10.34  -0.01173702695415272  -2.2135838993495125e-05
10.36  -0.011737095915046371  -2.215686412904166e-05
10.38  -0.011737141189654111  -2.217621827556326e-05
10.4  -0.01173716333066719  -2.219392109012241e-05
10.42  -0.01173716301763206  -2.2210013913491337e-05
10.44  -0.011737141045001172  -2.2224559088366907e-05
10.46  -0.011737098308968831  -2.223763908916856e-05
10.48  -0.011737035793322505  -2.2249355448795136e-05
10.5  -0.011736954554545565  -2.2259827522511783e-05
10.52  -0.011736855706430082  -2.2269191091349233e-05
10.540000000000001  -0.011736740404421195  -2.2277596808230728e-05
10.56  -0.011736609829955488  -2.2285208530915715e-05
10.58  -0.011736465174996734  -2.2292201529470665e-05
10.6  -0.011736307627007347  -2.2298760603593586e-05
10.620000000000001  -0.011736138354553855  -2.230507812810774e-05
10.64  -0.01173595849372807  -2.231135203733148e-05
10.66  -0.011735769135558462  -2.2317783784660814e-05
10.68  -0.011735571314557882  -2.2324576279731832e-05
10.700000000000001  -0.01173536599853104  -2.233193184053193e-05
10.72  -0.011735154079743251  -2.2340050177589656e-05
10.74  -0.01173493636753455  -2.2349126426911704e-05
10.76  -0.011734713582428497  -2.2359349265157005e-05
10.78  -0.011734486351757882  -2.2370899116257593e-05
10.8  -0.011734255206825465  -2.238394647663259e-05
10.82  -0.011734020581586827  -2.239865036799077e-05
10.84  -0.011733782812804242  -2.2415156955015467e-05
10.86  -0.011733542141624236  -2.2433598314652576e-05
10.88  -0.01173329871650601  -2.245409139533112e-05
10.9  -0.011733052597399062  -2.247673716432503e-05
10.92  -0.011732803761071353  -2.2501619957404715e-05
10.94  -0.011732552107460761  -2.2528807035340477e-05
10.96  -0.011732297466922566  -2.25583483493788e-05
10.98  -0.011732039608229588  -2.2590276523041348e-05
11.0  -0.011731778247169417  -2.2624607029651865e-05
11.02  -0.011731513055610026  -2.2661338583515654e-05
11.040000000000001  -0.011731243670858156  -2.2700453705247156e-05
11.06  -0.011730969705182491  -2.2741919474884148e-05
11.08  -0.011730690755346105  -2.278568843334136e-05
11.1  -0.011730406412010399  -2.283169962985867e-05
11.120000000000001  -0.011730116268887762  -2.2879879786677872e-05
11.14  -0.011729819931514177  -2.29301445606466e-05
11.16  -0.011729517025532772  -2.298239988572789e-05
11.18  -0.01172920720439527  -2.3036543369546122e-05
11.200000000000001  -0.01172889015638431  -2.309246571927234e-05
11.22  -0.011728565610896823  -2.31500521853165e-05
11.24  -0.011728233343906894  -2.3209183995549754e-05
11.26  -0.011727893182584735  -2.3269739757387912e-05
11.28  -0.011727545009023873  -2.333159681979684e-05
11.3  -0.011727188763054154  -2.339463256587174e-05
11.32  -0.011726824444153173  -2.345872564329948e-05
11.34  -0.01172645211243941  -2.3523757084813256e-05
11.36  -0.01172607188877669  -2.3589611349588162e-05
11.38  -0.011725683954021283  -2.36561772390792e-05
11.4  -0.011725288547456691  -2.3723348709155806e-05
11.42  -0.011724885964451263  -2.3791025554814724e-05
11.44  -0.011724476553416003  -2.3859113978461695e-05
11.46  -0.011724060712113606  -2.3927527031142174e-05
11.48  -0.011723638883405989  -2.3996184931802868e-05
11.5  -0.011723211550511568  -2.4065015274838395e-05
11.52  -0.011722779231851603  -2.4133953118257083e-05
11.540000000000001  -0.011722342475580138  -2.4202940963861594e-05
11.56  -0.011721901853873482  -2.427192864438055e-05
11.58  -0.011721457957069043  -2.4340873113210177e-05
11.6  -0.011721011387743783  -2.4409738153961433e-05
11.620000000000001  -0.011720562754805715  -2.447849402009006e-05
11.64  -0.01172011266768604  -2.4547117010079666e-05
11.66  -0.011719661730704777  -2.4615588992981145e-05
11.68  -0.011719210537676435  -2.46838968972043e-05
11.700000000000001  -0.011718759666826676  -2.4752032158567214e-05
11.72  -0.011718309676073433  -2.4819990170362133e-05
11.74  -0.01171786109872048  -2.48877697009523e-05
11.76  -0.011717414439614384  -2.495537233116493e-05
11.78  -0.011716970171792816  -2.5022801889381372e-05
11.8  -0.01171652873365612  -2.5090063908462688e-05
11.82  -0.01171609052667747  -2.5157165108676937e-05
11.84  -0.011715655913664753  -2.522411291338368e-05
11.86  -0.011715225217572449  -2.529091499436936e-05
11.88  -0.01171479872086743  -2.5357578867356767e-05
11.9  -0.01171437666542794  -2.5424111527577937e-05
11.92  -0.011713959252967848  -2.5490519136242378e-05
11.94  -0.011713546645941321  -2.5556806752917384e-05
11.96  -0.011713138968916832  -2.5622978127297087e-05
11.98  -0.011712736310375253  -2.5689035524657723e-05
12.0  -0.011712338724891434  -2.5754979620238618e-05
12.02  -0.011711946235651005  -2.5820809431994433e-05
12.040000000000001  -0.011711558837267277  -2.5886522302037316e-05
12.06  -0.011711176498836294  -2.5952113923145153e-05
12.08  -0.011710799167185395  -2.6017578401229668e-05
12.1  -0.011710426770258228  -2.608290836504819e-05
12.120000000000001  -0.011710059220592966  -2.614809509760203e-05
12.14  -0.011709696418833623  -2.6213128707242646e-05
12.16  -0.011709338257237658  -2.6277998318159157e-05
12.18  -0.011708984623114871  -2.634269228449259e-05
12.200000000000001  -0.01170863540217008  -2.6407198414078183e-05
12.22  -0.011708290481698498  -2.6471504217797856e-05
12.24  -0.01170794975360115  -2.6535597154349246e-05
12.26  -0.011707613117180738  -2.65994648833345e-05
12.280000000000001  -0.01170728048169767  -2.6663095516447574e-05
12.3  -0.011706951768647087  -2.672647786464556e-05
12.32  -0.011706626913754245  -2.678960168171139e-05
12.34  -0.011706305868661601  -2.68524578875695e-05
12.36  -0.011705988602294406  -2.6915038785535136e-05
12.38  -0.011705675101910357  -2.697733825767786e-05
12.4  -0.01170536537381782  -2.7039351941294057e-05
12.42  -0.011705059443779784  -2.7101077380431242e-05
12.44  -0.011704757357098947  -2.7162514163396113e-05
12.46  -0.011704459178393613  -2.722366401807023e-05
12.48  -0.011704164991098099  -2.728453088785259e-05
12.5  -0.011703874896670888  -2.7345120984373307e-05
12.52  -0.011703589013559708  -2.7405442797451957e-05
12.540000000000001  -0.011703307475933452  -2.74655070784753e-05
12.56  -0.011703030432194042  -2.7525326799509794e-05
12.58  -0.01170275804331929  -2.7584917065145867e-05
12.6  -0.011702490481027651  -2.7644295010067978e-05
12.620000000000001  -0.01170222792583267  -2.770347964961686e-05
12.64  -0.011701970564983554  -2.7762491715557238e-05
12.66  -0.011701718590348104  -2.7821353451977244e-05
12.68  -0.01170147219626132  -2.788008839657287e-05
12.700000000000001  -0.011701231577385531  -2.793872113036704e-05
12.72  -0.01170099692661433  -2.7997277012213823e-05
12.74  -0.011700768433084662  -2.8055781897318025e-05
12.76  -0.011700546280300463  -2.8114261840235402e-05
12.780000000000001  -0.011700330644444928  -2.8172742794320546e-05
12.8  -0.011700121692890616  -2.8231250307441584e-05
12.82  -0.011699919582929487  -2.8289809227972907e-05
12.84  -0.011699724460728117  -2.8348443432376247e-05
12.86  -0.011699536460526627  -2.8407175574472103e-05
12.88  -0.011699355704041813  -2.8466026888550084e-05
12.9  -0.011699182300079703  -2.8525017031351375e-05
12.92  -0.011699016344316804  -2.8584163997672223e-05
12.94  -0.01169885791924102  -2.8643484085656018e-05
12.96  -0.011698707094220058  -2.870299193604857e-05
12.98  -0.011698563925683959  -2.8762700621748165e-05
13.0  -0.011698428457397554  -2.882262177474049e-05
13.02  -0.011698300720821167  -2.888276577760402e-05
13.040000000000001  -0.011698180735538122  -2.8943141932872055e-05
13.06  -0.011698068509744381  -2.9003758676533428e-05
13.08  -0.011697964040795452  -2.9064623763327968e-05
13.1  -0.01169786731580204  -2.912574443202315e-05
13.120000000000001  -0.011697778312266779  -2.9187127559493367e-05
13.14  -0.011697696998771514  -2.9248779761039594e-05
13.16  -0.011697623335682333  -2.931070746571492e-05
13.18  -0.011697557275896466  -2.9372916946604586e-05
13.200000000000001  -0.011697498765603909  -2.943541431145273e-05
13.22  -0.011697447745062702  -2.9498205460303645e-05
13.24  -0.011697404149388569  -2.9561296017021493e-05
13.26  -0.011697367909335732  -2.962469123249183e-05
13.280000000000001  -0.011697338952069838  -2.9688395864802626e-05
13.3  -0.011697317201928922  -2.975241405681181e-05
13.32  -0.01169730258115155  -2.981674921319669e-05
13.34  -0.011697295010574758  -2.98814038712491e-05
13.36  -0.011697294410287475  -2.9946379580253447e-05
13.38  -0.011697300700242604  -3.0011676811006092e-05
13.4  -0.011697313800811186  -3.007729486203842e-05
13.42  -0.011697333633270409  -3.0143231800481044e-05
13.44  -0.011697360120244582  -3.020948442339957e-05
13.46  -0.011697393186060542  -3.0276048238318863e-05
13.48  -0.011697432757049087  -3.034291747235421e-05
13.5  -0.011697478761767105  -3.0410085100556785e-05
13.52  -0.01169753113115643  -3.0477542894540358e-05
13.540000000000001  -0.01169758979863323  -3.054528149293821e-05
13.56  -0.011697654700117455  -3.0613290485195115e-05
13.58  -0.011697725773999025  -3.0681558505303976e-05
13.6  -0.011697802961058658  -3.0750073328896085e-05
13.620000000000001  -0.0116978862043318  -3.081882198331155e-05
13.64  -0.011697975448938885  -3.088779083087155e-05
13.66  -0.011698070641871929  -3.0956965657055844e-05
13.68  -0.011698171731748211  -3.1026331730128255e-05
13.700000000000001  -0.01169827866853448  -3.109587383416803e-05
13.72  -0.01169839140322856  -3.1165576283673875e-05
13.74  -0.011698509887511309  -3.123542289558401e-05
13.76  -0.01169863407335105  -3.130539695536753e-05
13.780000000000001  -0.011698763912580224  -3.137548115121429e-05
13.8  -0.011698899356432965  -3.144565751253976e-05
13.82  -0.011699040355062248  -3.151590735065812e-05
13.84  -0.011699186857059198  -3.158621122148741e-05
13.86  -0.011699338808992148  -3.1656548928868746e-05
13.88  -0.011699496154969671  -3.172689955922419e-05
13.9  -0.011699658836275627  -3.1797241580009815e-05
13.92  -0.011699826791050468  -3.186755296994651e-05
13.94  -0.011699999954057044  -3.193781139603202e-05
13.96  -0.011700178256502498  -3.200799440682898e-05
13.98  -0.011700361625939983  -3.2078079656420674e-05
14.0  -0.011700549986233124  -3.214804511965228e-05
14.02  -0.011700743257570981  -3.2217869302035974e-05
14.040000000000001  -0.011700941356557405  -3.228753144192615e-05
14.06  -0.011701144196328037  -3.235701167944344e-05
14.08  -0.0117013516867213  -3.242629122093778e-05
14.1  -0.011701563734483828  -3.249535246030314e-05
14.120000000000001  -0.011701780243510236  -3.256417908439126e-05
14.14  -0.011702001115104402  -3.263275615972576e-05
14.16  -0.011702226248269077  -3.270107018605472e-05
14.18  -0.01170245554000686  -3.276910913787087e-05
14.200000000000001  -0.011702688885633535  -3.283686248193934e-05
14.22  -0.011702926179094181  -3.290432118779234e-05
14.24  -0.011703167313289627  -3.297147771108138e-05
14.26  -0.01170341218038931  -3.3038325973850334e-05
14.280000000000001  -0.011703660672139776  -3.310486132682849e-05
14.3  -0.01170391268016307  -3.3171080507153215e-05
14.32  -0.01170416809623617  -3.3236981582034965e-05
14.34  -0.011704426812546086  -3.33025638824869e-05
14.36  -0.011704688721927961  -3.336782793263328e-05
14.38  -0.011704953718076273  -3.343277537343171e-05
14.4  -0.011705221695720629  -3.3497408872295025e-05
14.42  -0.011705492550781106  -3.356173203060718e-05
14.44  -0.011705766180479436  -3.3625749287932336e-05
14.46  -0.011706042483431742  -3.3689465815205794e-05
14.48  -0.011706321359693062  -3.375288740902957e-05
14.5  -0.011706602710781625  -3.3816020378553e-05
14.52  -0.011706886439661758  -3.387887142737979e-05
14.540000000000001  -0.011707172450699643  -3.394144753628549e-05
14.56  -0.01170746064959068  -3.4003755841537965e-05
14.58  -0.011707750943245086  -3.4065803512493094e-05
14.6  -0.011708043239666538  -3.412759762900743e-05
14.620000000000001  -0.011708337447793045  -3.418914505774604e-05
14.64  -0.011708633477320034  -3.42504523297702e-05
14.66  -0.011708931238504364  -3.431152552290799e-05
14.68  -0.011709230641955157  -3.437237014546876e-05
14.700000000000001  -0.011709531598407884  -3.443299101884374e-05
14.72  -0.011709834018491344  -3.449339217413e-05
14.74  -0.011710137812491278  -3.4553576746120256e-05
14.76  -0.011710442890112256  -3.4613546879757315e-05
14.780000000000001  -0.011710749160235148  -3.4673303640797874e-05
14.8  -0.011711056530683944  -3.473284692625232e-05
14.82  -0.011711364908002304  -3.4792175400859596e-05
14.84  -0.011711674197239891  -3.4851286423547934e-05
14.86  -0.011711984301754044  -3.491017599468462e-05
14.88  -0.011712295123029745  -3.496883870921538e-05
14.9  -0.011712606560518637  -3.502726771743766e-05
14.92  -0.011712918511503637  -3.5085454696670364e-05
14.94  -0.011713230870990419  -3.514338983741003e-05
14.96  -0.011713543531621422  -3.5201061829146136e-05
14.98  -0.0117138563836286  -3.52584578719529e-05
15.0  -0.011714169314804606  -3.5315563682483946e-05
15.02  -0.011714482210521765  -3.537236352078204e-05
15.040000000000001  -0.011714794953771387  -3.542884022313705e-05
15.06  -0.01171510742524115  -3.548497524994695e-05
15.08  -0.011715419503432807  -3.554074873606271e-05
15.1  -0.011715731064801681  -3.5596139558012054e-05
15.120000000000001  -0.011716041983940564  -3.565112541112722e-05
15.14  -0.011716352133790079  -3.570568288821963e-05
15.16  -0.011716661385883304  -3.5759787577843987e-05
15.18  -0.011716969610616482  -3.581341415776038e-05
15.200000000000001  -0.011717276677552322  -3.586653651332683e-05
15.22  -0.01171758245575039  -3.591912784365269e-05
15.24  -0.011717886814111862  -3.5971160785284485e-05
15.26  -0.011718189621757233  -3.602260753119812e-05
15.280000000000001  -0.011718490748409287  -3.607343996483097e-05
15.3  -0.011718790064797698  -3.6123629777850413e-05
15.32  -0.0117190874430768  -3.617314860158673e-05
15.34  -0.011719382757241683  -3.622196812760013e-05
15.36  -0.011719675883558708  -3.627006023242216e-05
15.38  -0.011719966700985449  -3.63173970922797e-05
15.4  -0.011720255091597014  -3.636395129390051e-05
15.42  -0.01172054094099749  -3.640969594520234e-05
15.44  -0.011720824138729626  -3.645460476866478e-05
15.46  -0.011721104578663492  -3.6498652204683044e-05
15.48  -0.011721382159377309  -3.654181350582088e-05
15.5  -0.011721656784506412  -3.65840648264246e-05
15.52  -0.0117219283630874  -3.6625383328633466e-05
15.540000000000001  -0.011722196809856818  -3.666574728018588e-05
15.56  -0.011722462045536454  -3.670513617812736e-05
15.58  -0.011722723997073407  -3.674353088561818e-05
15.6  -0.011722982597848555  -3.678091378576785e-05
15.620000000000001  -0.01172323778783636  -3.681726897250727e-05
15.64  -0.011723489513718214  -3.6852582476183096e-05
15.66  -0.011723737728943234  -3.688684251838337e-05
15.68  -0.011723982393724668  -3.6920039820826506e-05
15.700000000000001  -0.01172422347497662  -3.6952167934303434e-05
15.72  -0.011724460946174426  -3.6983223618780267e-05
15.74  -0.011724694787147646  -3.70132072438696e-05
15.76  -0.011724924983803599  -3.704212321126057e-05
15.780000000000001  -0.01172515152777119  -3.7069980374474724e-05
15.8  -0.011725374415976885  -3.7096792448897055e-05
15.82  -0.011725593650158135  -3.712257838289475e-05
15.84  -0.011725809236303904  -3.7147362677574945e-05
15.860000000000001  -0.01172602118405632  -3.7171175624837224e-05
15.88  -0.011726229506055019  -3.719405345027079e-05
15.9  -0.011726434217242884  -3.7216038324505046e-05
15.92  -0.011726635334151483  -3.723717826482323e-05
15.94  -0.011726832874157198  -3.725752686326158e-05
15.96  -0.011727026854728186  -3.727714288124991e-05
15.98  -0.01172721729267314  -3.7296089683150314e-05
16.0  -0.011727404203394982  -3.731443451973366e-05
16.02  -0.011727587600154061  -3.733224767885323e-05
16.04  -0.011727767493363897  -3.7349601498118347e-05
16.06  -0.011727943889912067  -3.7366569284537365e-05
16.080000000000002  -0.011728116792528935  -3.738322414020709e-05
16.1  -0.01172828619920027  -3.739963773931565e-05
16.12  -0.01172845210263849  -3.741587906954595e-05
16.14  -0.011728614489816344  -3.7432013173883916e-05
16.16  -0.011728773341569462  -3.7448099920726246e-05
16.18  -0.011728928632282542  -3.746419282190961e-05
16.2  -0.011729080329648332  -3.7480337941904116e-05
16.22  -0.011729228394521594  -3.74965729024247e-05
16.240000000000002  -0.011729372780856308  -3.7512926011474114e-05
16.26  -0.011729513435736914  -3.7529415537451304e-05
16.28  -0.011729650299500682  -3.7546049130108574e-05
16.3  -0.011729783305952562  -3.756282341071997e-05
16.32  -0.011729912382671124  -3.75797237255395e-05
16.34  -0.01173003745139399  -3.7596724080900636e-05
16.36  -0.011730158428494952  -3.761378724011368e-05
16.38  -0.011730275225528844  -3.763086498635585e-05
16.4  -0.011730387749857381  -3.7647898554959253e-05
16.42  -0.011730495905335777  -3.7664819207121054e-05
16.44  -0.01173059959306721  -3.7681548948423794e-05
16.46  -0.011730698712212082  -3.769800138205893e-05
16.48  -0.011730793160853133  -3.771408265461823e-05
16.5  -0.011730882836926512  -3.7729692535155217e-05
16.52  -0.01173096763918784  -3.774472556001564e-05
16.54  -0.011731047468255184  -3.7759072265684216e-05
16.56  -0.01173112222769572  -3.777262049688211e-05
16.580000000000002  -0.011731191825181335  -3.778525676022748e-05
16.6  -0.011731256173698393  -3.7796867643865434e-05
16.62  -0.011731315192820243  -3.780734128504921e-05
16.64  -0.011731368810029714  -3.7816568876514395e-05
16.66  -0.011731416962069214  -3.782444621704199e-05
16.68  -0.011731459596304056  -3.783087528441199e-05
16.7  -0.011731496672055858  -3.7835765821306224e-05
16.72  -0.011731528161861945  -3.783903691929153e-05
16.740000000000002  -0.011731554052618463  -3.784061854016546e-05
16.76  -0.011731574346550321  -3.7840452981173544e-05
16.78  -0.011731589061978253  -3.783849619500799e-05
16.8  -0.011731598233850431  -3.783471894770941e-05
16.82  -0.011731601914030635  -3.782910775606792e-05
16.84  -0.011731600171350672  -3.7821665561859534e-05
16.86  -0.011731593091449432  -3.781241211291364e-05
16.88  -0.01173158077641506  -3.7801384039866165e-05
16.9  -0.011731563344255534  -3.7788634604871715e-05
16.92  -0.011731540928209331  -3.777423312613929e-05
16.94  -0.011731513675919857  -3.775826411668581e-05
16.96  -0.01173148174843892  -3.774082613660414e-05
16.98  -0.011731445319087902  -3.772203039983734e-05
17.0  -0.011731404572146685  -3.7701999186645434e-05
17.02  -0.01173135970137669  -3.768086408191377e-05
17.04  -0.011731310908375894  -3.7658764110130784e-05
17.06  -0.011731258400784886  -3.763584378417204e-05
17.080000000000002  -0.011731202390338947  -3.7612251136549726e-05
17.1  -0.011731143090832896  -3.7588135747265066e-05
17.12  -0.011731080715984612  -3.7563646828013466e-05
17.14  -0.01173101547727481  -3.753893138803971e-05
17.16  -0.01173094758178271  -3.751413249249012e-05
17.18  -0.011730877230070411  -3.7489387661333135e-05
17.2  -0.01173080461415282  -3.746482742447043e-05
17.22  -0.011730729915593962  -3.7440574038541386e-05
17.240000000000002  -0.011730653303769899  -3.741674037491797e-05
17.26  -0.011730574934327314  -3.739342899973313e-05
17.28  -0.011730494947867064  -3.737073144516784e-05
17.3  -0.011730413468875116  -3.734872766143342e-05
17.32  -0.011730330604902833  -3.73274856626694e-05
17.34  -0.011730246446034685  -3.730706135273847e-05
17.36  -0.011730161064616544  -3.7287498523734335e-05
17.38  -0.011730074515263877  -3.726882901481347e-05
17.400000000000002  -0.011729986835135459  -3.7251073035352695e-05
17.42  -0.011729898044457586  -3.723423961187974e-05
17.44  -0.011729808147292523  -3.721832717468415e-05
17.46  -0.01172971713252927  -3.720332424429339e-05
17.48  -0.011729624975066666  -3.718921021936543e-05
17.5  -0.011729531637178924  -3.717595623794237e-05
17.52  -0.011729437070025522  -3.7163526107278724e-05
17.54  -0.01172934121528713  -3.715187726609307e-05
17.56  -0.011729244006897045  -3.7140961788772065e-05
17.580000000000002  -0.011729145372838541  -3.713072739166873e-05
17.6  -0.011729045236980443  -3.712111843745194e-05
17.62  -0.011728943520929538  -3.711207693314557e-05
17.64  -0.011728840145867888  -3.7103543477244626e-05
17.66  -0.011728735034356397  -3.709545817032298e-05
17.68  -0.011728628112069098  -3.708776146959153e-05
17.7  -0.011728519309454101  -3.7080394970580646e-05
17.72  -0.011728408563287919  -3.70733021104702e-05
17.740000000000002  -0.011728295818110811  -3.706642879092203e-05
17.76  -0.01172818102752577  -3.70597239052453e-05
17.78  -0.01172806415535102  -3.705313977342883e-05
17.8  -0.011727945176611628  -3.704663248169798e-05
17.82  -0.011727824078364769  -3.704016211791795e-05
17.84  -0.011727700860342919  -3.703369292642691e-05
17.86  -0.011727575535427182  -3.702719335361911e-05
17.88  -0.01172744812993584  -3.702063602332371e-05
17.900000000000002  -0.011727318683734904  -3.7013997623845803e-05
17.92  -0.011727187250166918  -3.700725872696144e-05
17.94  -0.011727053895818323  -3.700040354418291e-05
17.96  -0.0117269187001077  -3.699341963175608e-05
17.98  -0.011726781754736538  -3.698629755072774e-05
18.0  -0.011726643162977002  -3.6979030502006926e-05
18.02  -0.01172650303883965  -3.697161392883188e-05
18.04  -0.01172636150612137  -3.696404511737946e-05
18.06  -0.011726218697339535  -3.695632279505706e-05
18.080000000000002  -0.011726074752592734  -3.694844672967281e-05
18.1  -0.0117259298183361  -3.694041734840655e-05
18.12  -0.011725784046115559  -3.693223538314011e-05
18.14  -0.011725637591254317  -3.692390153513394e-05
18.16  -0.011725490611520738  -3.6915416179845735e-05
18.18  -0.01172534326580495  -3.690677910688585e-05
18.2  -0.01172519571279115  -3.689798930197371e-05
18.22  -0.011725048109674415  -3.6889044763067675e-05
18.240000000000002  -0.011724900610915802  -3.6879942365624795e-05
18.26  -0.011724753367062673  -3.68706777692397e-05
18.28  -0.01172460652363138  -3.686124535546377e-05
18.3  -0.011724460220085529  -3.685163821750772e-05
18.32  -0.011724314588904012  -3.684184816590385e-05
18.34  -0.011724169754749868  -3.6831865789096314e-05
18.36  -0.01172402583375913  -3.6821680520462334e-05
18.38  -0.01172388293293784  -3.681128073754279e-05
18.400000000000002  -0.011723741149683402  -3.68006538824339e-05
18.42  -0.011723600571433093  -3.678978659447322e-05
18.44  -0.01172346127542757  -3.677866485541086e-05
18.46  -0.011723323328614503  -3.6767274132063616e-05
18.48  -0.011723186787656046  -3.6755599537160826e-05
18.5  -0.011723051699069205  -3.6743625973231255e-05
18.52  -0.011722918099468703  -3.673133828495601e-05
18.54  -0.011722786015925454  -3.671872139230097e-05
18.56  -0.011722655466419318  -3.670576042321365e-05
18.580000000000002  -0.011722526460380581  -3.669244083359376e-05
18.6  -0.011722398999320777  -3.667874850724881e-05
18.62  -0.011722273077525538  -3.666466985445717e-05
18.64  -0.011722148682816305  -3.665019188763219e-05
18.66  -0.011722025797349413  -3.6635302287281284e-05
18.68  -0.011721904398462383  -3.66199894577674e-05
18.7  -0.011721784459542011  -3.660424256392438e-05
18.72  -0.011721665950895563  -3.658805156479757e-05
18.740000000000002  -0.01172154884063754  -3.657140723223247e-05
18.76  -0.011721433095551653  -3.65543011661704e-05
18.78  -0.011721318681941952  -3.653672580425485e-05
18.8  -0.011721205566439553  -3.651867442799466e-05
18.82  -0.011721093716777757  -3.6500141159839696e-05
18.84  -0.011720983102501702  -3.6481120971095275e-05
18.86  -0.011720873695631039  -3.646160968891866e-05
18.88  -0.011720765471244305  -3.64416040000311e-05
18.900000000000002  -0.01172065840799245  -3.642110147167272e-05
18.92  -0.011720552488533566  -3.6400100567571324e-05
18.94  -0.01172044769987958  -3.63786006777784e-05
18.96  -0.011720344033663973  -3.635660215860182e-05
18.98  -0.011720241486305197  -3.633410637998111e-05
19.0  -0.011720140059094778  -3.631111578178566e-05
19.02  -0.011720039758191053  -3.628763394253158e-05
19.04  -0.011719940594512649  -3.6263665653699236e-05
19.06  -0.011719842583565204  -3.623921701370256e-05
19.080000000000002  -0.011719745745165815  -3.6214295521077786e-05
19.1  -0.01171965010310224  -3.618891017791539e-05
19.12  -0.011719555684709464  -3.6163071601658114e-05
19.14  -0.011719462520378133  -3.6136792147125057e-05
19.16  -0.011719370643004939  -3.6110086022000454e-05
19.18  -0.011719280087388189  -3.6082969413714177e-05
19.2  -0.01171919088957223  -3.605546061333584e-05
19.22  -0.011719103086164005  -3.602758012882448e-05
19.240000000000002  -0.011719016713605188  -3.5999350811360205e-05
19.26  -0.011718931807439577  -3.597079794489275e-05
19.28  -0.011718848401562728  -3.594194935338036e-05
19.3  -0.011718766527477522  -3.59128354645158e-05
19.32  -0.011718686213551096  -3.5883489367292466e-05
19.34  -0.011718607484313852  -3.5853946837077354e-05
19.36  -0.01171853035977358  -3.5824246319106985e-05
19.38  -0.011718454854789461  -3.579442888125708e-05
19.400000000000002  -0.011718380978501537  -3.576453810657783e-05
19.42  -0.01171830873383976  -3.573461992604376e-05
19.44  -0.01171823811712296  -3.5704722379598206e-05
19.46  -0.01171816911776153  -3.5674895287447826e-05
19.48  -0.011718101718088096  -3.5645189820085975e-05
19.5  -0.011718035893335556  -3.5615657951686966e-05
19.52  -0.011717971611777254  -3.558635176662998e-05
19.54  -0.011717908835057758  -3.555732262629116e-05
19.56  -0.011717847518735305  -3.552862014782876e-05
19.580000000000002  -0.011717787613062938  -3.550029098609611e-05
19.6  -0.011717729064025528  -3.54723774195696e-05
19.62  -0.01171767181466703  -3.544491569113309e-05
19.64  -0.011717615806719775  -3.541793413799161e-05
19.66  -0.011717560982550581  -3.5391451072787426e-05
19.68  -0.011717507287442828  -3.536547246106689e-05
19.7  -0.011717454672189882  -3.533998939808371e-05
19.72  -0.011717403096014023  -3.531497544216334e-05
19.740000000000002  -0.01171735252974759  -3.5290383866392716e-05
19.76  -0.011717302959243458  -3.526614491127292e-05
19.78  -0.011717254388930148  -3.524216314564662e-05
19.8  -0.011717206845422715  -3.521831504542367e-05
19.82  -0.01171716038105489  -3.519444694900331e-05
19.84  -0.011717115077215892  -3.5170373496314284e-05
19.86  -0.011717071047315033  -3.5145876708549226e-05
19.88  -0.011717028439248031  -3.5120705820512364e-05
19.900000000000002  -0.011716987437176057  -3.5094577948478355e-05
19.92  -0.011716948262501761  -3.5067179651089044e-05
19.94  -0.011716911173914374  -3.503816938499045e-05
19.96  -0.011716876466421337  -3.500718082215693e-05
19.98  -0.011716844469305295  -3.497382693002911e-05
20.0  -0.011716815543022466  -3.4937704690390806e-05
