0.02  -0.04670261051140886  -1.5339846544786194e-06
0.04  -0.08754343099111178  -1.1190045296261316e-05
0.06  -0.12377077727085033  -3.0341633248002663e-05
0.08  -0.1560935753541639  -5.913373420397021e-05
0.1  -0.18493497308411394  -9.659922724342044e-05
0.12  -0.21057275927469682  -0.00014127677519629235
0.14  -0.23321348592501265  -0.00019148962130740652
0.16  -0.25302931934655293  -0.0002455200902271661
0.18  -0.2701750157489237  -0.00030168591468721475
0.2  -0.2847949733347947  -0.00035840173673188226
0.22  -0.2970258646565302  -0.00041420548387833834
0.24  -0.30699761286279253  -0.00046777415223655345
0.26  -0.31483401895559354  -0.0005179327260149173
0.28  -0.3206535370022174  -0.0005636568052594835
0.3  -0.32457027938109767  -0.0006040711357359781
0.32  -0.32669518315828455  -0.0006384482725280717
0.34  -0.3271372027358634  -0.0006662065112009963
0.36  -0.32600441361163424  -0.0006869089077744635
0.38  -0.32340493281327093  -0.0007002576483002556
0.4  -0.3194475981845553  -0.0007060886380803716
0.42  -0.3142423827461538  -0.0007043655927133484
0.44  -0.3079005453687148  -0.0006951742943714404
0.46  -0.3005345363120598  -0.0006787154250006578
0.48  -0.29225769182591804  -0.000655295137694612
0.5  -0.28318375021694203  -0.0006253123760657398
0.52  -0.2734262326502708  -0.0005892482643082544
0.54  -0.2630977273306711  -0.0005476559120265632
0.56  -0.25230911455661553  -0.00050115036076098
0.58  -0.2411687711895495  -0.0004503957899683115
0.6  -0.22978177791495116  -0.00039609258779069634
0.62  -0.2182491545100893  -0.00033896593504992973
0.64  -0.20666714669660238  -0.0002797539602186587
0.66  -0.19512657951732545  -0.00021919620420958339
0.68  -0.18371228781550808  -0.00015802278808769638
0.7000000000000001  -0.17250263217729764  -9.694485328755364e-05
0.72  -0.16156910502752034  -3.6645791859046134e-05
0.74  -0.15097602910330402  2.2227012474825307e-05
0.76  -0.1407803490498501  7.906948735242499e-05
0.78  -0.13103151406962446  0.00013332688439684668
0.8  -0.12177144697464257  0.00018449832510932142
0.8200000000000001  -0.11303459477227946  0.00023214028720349746
0.84  -0.10484805564643183  0.0002758694505884349
0.86  -0.09723177636287875  0.00031536457979368935
0.88  -0.09019881250475913  0.0003503677510470279
0.9  -0.08375564406140254  0.00038068464693407137
0.92  -0.07790253990071615  0.0004061836662086497
0.9400000000000001  -0.07263396409295621  0.0004267945620163154
0.96  -0.06793901630441976  0.0004425065834185471
0.98  -0.06380189910261701  0.0004533655973834049
1.0  -0.06020240640537432  0.00045947037506815944
1.02  -0.05711642669321885  0.00046096873695443223
1.04  -0.05451645430181042  0.0004580534675226387
1.06  -0.052372102997301995  0.0004509578099228152
1.08  -0.05065061619831719  0.00043995114231508534
1.1  -0.04931736917805626  0.0004253343047543538
1.12  -0.04833635905885131  0.0004074344427755579
1.1400000000000001  -0.047670678368125045  0.0003865996874239579
1.16  -0.04728296829715192  0.0003631938457577174
1.18  -0.047135848373252444  0.0003375912885586367
1.2  -0.04719231969031344  0.00031017209274090686
1.22  -0.04741613917626653  0.0002813174253148215
1.24  -0.0477721627810732  0.00025140521050984004
1.26  -0.04822665593235527  0.0002208061161955675
1.28  -0.0487475700178158  0.0001898798385490865
1.3  -0.04930478402605666  0.00015897167304993742
1.32  -0.04987031085906923  0.00012840938371901033
1.34  -0.05041846818634587  9.850040132963379e-05
1.36  -0.050926013962805695  6.952939713028073e-05
1.3800000000000001  -0.051372247132964344  4.1756223172451654e-05
1.4000000000000001  -0.05173907446187932  1.541422202243646e-05
1.42  -0.05201104470420727  -9.291064186811712e-06
1.44  -0.05217535154692205  -3.218279024680702e-05
1.46  -0.05222180707385453  -5.311343862803085e-05
1.48  -0.052142787749995034  -7.196509567224699e-05
1.5  -0.05193315479176753  -8.864898213530281e-05
1.52  -0.05159015099477132  -0.00010310484391252528
1.54  -0.051113276620945364  -0.00011530051789381343
1.56  -0.05050414693430427  -0.00012523114364854662
1.58  -0.049766333915505875  -0.00013291788904860446
1.6  -0.048905194747567264  -0.0001384063351695767
1.62  -0.04792768969134839  -0.00014176463920858125
1.6400000000000001  -0.04684219195638807  -0.00014308153417784614
1.6600000000000001  -0.0456582921327318  -0.00014246419966211954
1.68  -0.04438659968793704  -0.00014003603226896746
1.7  -0.04303854394815377  -0.00013593434541223792
1.72  -0.04162617687266677  -0.00013030802750284087
1.74  -0.040161979793849056  -0.00012331519319288035
1.76  -0.03865867612144819  -0.00011512086782642877
1.78  -0.03712905184983502  -0.00010589473128908033
1.8  -0.03558578555036911  -9.580892997663917e-05
1.82  -0.03404128933743717  -8.503597022621145e-05
1.84  -0.03250756209114288  -7.374671538041248e-05
1.86  -0.030996056003772365  -6.210850833157858e-05
1.8800000000000001  -0.02951755730952981  -5.028343607396815e-05
1.9000000000000001  -0.028082081855586017  -3.8426749160814263e-05
1.92  -0.026698785969199595  -2.668544608122627e-05
1.94  -0.025375892873797188  -1.5197027650632649e-05
1.96  -0.024120634711492873  -4.088422841278558e-06
1.98  -0.022939210040395203  6.524916970070479e-06
2.0  -0.02183675649507672  1.653976219433259e-05
2.02  -0.02081733813704727  2.586568831083007e-05
2.04  -0.019883946878349587  3.4425484077623564e-05
2.06  -0.019038517221644076  4.2155372550913884e-05
2.08  -0.018281953430240715  4.900505034246598e-05
2.1  -0.017614168152805178  5.493754717603871e-05
2.12  -0.01703413144458581  5.992892590963309e-05
2.14  -0.01653992901530166  6.396786111937769e-05
2.16  -0.016128828471318968  6.705509001699147e-05
2.18  -0.015797352308192285  6.920273838283933e-05
2.2  -0.015541356400965146  7.043354474306734e-05
2.22  -0.015356112736272303  7.078000417258355e-05
2.24  -0.01523639514228805  7.028344872860324e-05
2.2600000000000002  -0.015176566799507997  6.899307838726526e-05
2.2800000000000002  -0.015170668355658888  6.696495417927658e-05
2.3000000000000003  -0.015212505520746496  6.426096430678e-05
2.32  -0.015295735083115559  6.094777495624392e-05
2.34  -0.015413948363603866  5.709577951222989e-05
2.36  -0.015560751211056125  5.277806148866671e-05
2.38  -0.01572983973506314  4.8069385547297406e-05
2.4  -0.01591507106588549  4.304522678241719e-05
2.42  -0.016110528523524754  3.7780843449475364e-05
2.44  -0.016310580669693667  3.235039590399557e-05
2.46  -0.016509933812800318  2.682611523207928e-05
2.48  -0.016703677638882444  2.1277527453655452e-05
2.5  -0.01688732374700575  1.577074258313346e-05
2.52  -0.017056836971055915  1.0367822625594113e-05
2.54  -0.017208659468187903  5.1262437580265586e-06
2.56  -0.017339727644760376  9.845840197872727e-08
2.58  -0.017447482070427317  -4.668452720328446e-06
2.6  -0.017529870607152047  -9.133051974662078e-06
2.62  -0.01758534506262488  -1.3259740520428888e-05
2.64  -0.017612851751282757  -1.7018872350325594e-05
2.66  -0.01761181639462675  -2.0386785749582645e-05
2.68  -0.01758212383153588  -2.3345756763117694e-05
2.7  -0.01752409304995309  -2.5883880916966633e-05
2.72  -0.017438448087514713  -2.7994889733969704e-05
2.74  -0.017326285375234396  -2.9677908920275938e-05
2.7600000000000002  -0.017189038114530555  -3.0937165987347814e-05
2.7800000000000002  -0.017028438284752215  -3.178165557130746e-05
2.8000000000000003  -0.01684647687757579  -3.222477013739642e-05
2.82  -0.01664536294718684  -3.228390270208455e-05
2.84  -0.01642748205108259  -3.1980027612945596e-05
2.86  -0.01619535463563652  -3.133726467605087e-05
2.88  -0.0159515948940549  -3.03824308098384e-05
2.9  -0.01569887059221769  -2.9144582328368676e-05
2.92  -0.015439864321140154  -2.7654550569239183e-05
2.94  -0.015177236593817534  -2.594447447180632e-05
2.96  -0.014913591160148027  -2.404733533245177e-05
2.98  -0.014651442867105489  -2.199650066548464e-05
3.0  -0.014393188343221269  -1.9825284755069033e-05
3.02  -0.014141079737212974  -1.7566532982172557e-05
3.04  -0.013897201691099084  -1.525223549632567e-05
3.06  -0.013663451678766363  -1.2913174091600866e-05
3.08  -0.013441523792587057  -1.0578604675267884e-05
3.1  -0.01323289601353388  -8.27597667413119e-06
3.12  -0.013038820954930745  -6.030690130154272e-06
3.14  -0.012860320026755835  -3.865890839148628e-06
3.16  -0.012698180926822287  -1.8023036334291844e-06
3.18  -0.012552958327414529  1.418962939505686e-07
3.2  -0.012424977591595679  1.951174219589312e-06
3.22  -0.01231434132266981  3.612689088805987e-06
3.24  -0.012220938523373625  5.116309329861906e-06
3.2600000000000002  -0.0121444561182222  6.454591556223795e-06
3.2800000000000002  -0.012084392573444746  7.622722530765892e-06
3.3000000000000003  -0.012040073334302886  8.618425196953335e-06
3.3200000000000003  -0.01201066778940784  9.44183069324277e-06
3.34  -0.011995207465825244  1.0095319749281039e-05
3.36  -0.011992605157230638  1.058333837070021e-05
3.38  -0.012001674690012003  1.091219384644624e-05
3.4  -0.012021151038644977  1.1089837538552985e-05
3.42  -0.012049710511436437  1.1125640604274989e-05
3.44  -0.012085990740467758  1.1030167958592436e-05
3.46  -0.012128610224853724  1.0814954732574515e-05
3.48  -0.012176187194082009  1.04922884542e-05
3.5  -0.012227357577737064  1.0074999296778733e-05
3.52  -0.0122807918892898  9.576260120762188e-06
3.54  -0.012335210854381773  9.009397497616184e-06
3.56  -0.012389399638004192  8.387714659184478e-06
3.58  -0.01244222054982113  7.724327127667642e-06
3.6  -0.01249262413224291  7.0320116880651985e-06
3.62  -0.012539658561315132  6.323069407197248e-06
3.64  -0.012582477315639995  5.609203252997718e-06
3.66  -0.012620345093102895  4.9014108169914e-06
3.68  -0.012652641978811965  4.209892451642182e-06
3.7  -0.01267886589019852  3.5439749475728722e-06
3.72  -0.012698633346326647  2.912050682813891e-06
3.74  -0.012711678628100371  2.3215319094024357e-06
3.7600000000000002  -0.012717851413828389  1.7788196592761845e-06
3.7800000000000002  -0.012717112990556206  1.2892863995282462e-06
3.8000000000000003  -0.01270953115555681  8.572712810371802e-07
3.8200000000000003  -0.01269527393436632  4.860866661943034e-07
3.84  -0.012674602251861448  1.7803465340290653e-07
3.86  -0.012647861700887577  -6.556714857316147e-08
3.88  -0.012615473558854517  -2.443507108047913e-07
3.9  -0.012577925206116104  -3.588530383400509e-07
3.92  -0.01253576010088979  -4.104613891903132e-07
3.94  -0.012489567464163595  -4.0134833321527064e-07
3.96  -0.01243997182457278  -3.343976381623608e-07
3.98  -0.012387622568271021  -2.1312296204559471e-07
4.0  -0.012333183632408717  -4.158164634122073e-08
4.0200000000000005  -0.012277323473062322  1.757141822301641e-07
4.04  -0.012220705429502713  4.3388756235628045e-07
4.0600000000000005  -0.012163978596378869  7.27786527029658e-07
4.08  -0.012107769303856677  1.0520729249518601e-06
4.1  -0.012052673293257512  1.4013094237569574e-06
4.12  -0.011999248662373988  1.7700436178074504e-06
4.14  -0.011948009640973662  2.1528879294035086e-06
4.16  -0.011899421243229154  2.544593807604753e-06
4.18  -0.011853894830265017  2.9401188539784125e-06
4.2  -0.011811784602900686  3.3346857974503145e-06
4.22  -0.011773385031801423  3.7238327639819773e-06
4.24  -0.011738929219876591  4.1034547088485205e-06
4.26  -0.011708588179672241  4.469836249450384e-06
4.28  -0.011682470997095339  4.819676347979287e-06
4.3  -0.011660625842078057  5.1501053569927594e-06
4.32  -0.011643041776956617  5.4586949563933365e-06
4.34  -0.011629651304654934  5.7434615073713295e-06
4.36  -0.011620333591138109  6.002863269084107e-06
4.38  -0.01161491829023396  6.23579193694126e-06
4.4  -0.011613189893795096  6.44155898697898e-06
4.42  -0.011614892526249539  6.619877227898312e-06
4.44  -0.011619735099959345  6.7708380940157005e-06
4.46  -0.011627396746333512  6.8948852128197856e-06
4.48  -0.011637532437406964  6.992784857949509e-06
4.5  -0.011649778713505358  7.065593938832416e-06
4.5200000000000005  -0.01166375943469752  7.114626025847494e-06
4.54  -0.011679091476753958  7.141415716848591e-06
4.5600000000000005  -0.011695390296153196  7.147681649762613e-06
4.58  -0.011712275293372286  7.135288824259287e-06
4.6000000000000005  -0.011729374909247255  7.106211282628379e-06
4.62  -0.011746331395538316  7.062496287431406e-06
4.64  -0.011762805207619617  7.006231031079786e-06
4.66  -0.011778478974380124  6.939512696060759e-06
4.68  -0.011793061007791787  6.86442259252004e-06
4.7  -0.011806288322168807  6.783004951977148e-06
4.72  -0.011817929140732155  6.697250905691413e-06
4.74  -0.011827784874872752  6.609088014605075e-06
4.76  -0.01183569156940532  6.520375585848811e-06
4.78  -0.0118415208151888  6.432905329058908e-06
4.8  -0.01184518013826579  6.348405750369055e-06
4.82  -0.01184661288148147  6.2685471439422155e-06
4.84  -0.0118457976001646  6.194943230757933e-06
4.86  -0.011842746998030545  6.129146065756504e-06
4.88  -0.011837506433901562  6.0726327358937146e-06
4.9  -0.011830152034601003  6.026784544779036e-06
4.92  -0.011820788454146403  5.992860926824751e-06
4.94  -0.011809546323675084  5.971970886271079e-06
4.96  -0.01179657943962285  5.965044629888355e-06
4.98  -0.011782061739587096  5.972807647999345e-06
5.0  -0.011766184116021042  5.9957589757624595e-06
5.0200000000000005  -0.011749151117932885  6.034154842807606e-06
5.04  -0.011731177589995995  6.087998445774027e-06
5.0600000000000005  -0.011712485297285937  6.157036152062208e-06
5.08  -0.011693299582057615  6.240760105073956e-06
5.1000000000000005  -0.011673846096732431  6.338416897854772e-06
5.12  -0.011654347654540046  6.449021820216104e-06
5.14  -0.011635021236156996  6.571377951983216e-06
5.16  -0.011616075187141472  6.704099386044325e-06
5.18  -0.011597706637115422  6.845637733193246e-06
5.2  -0.011580099167539286  6.994311117990658e-06
5.22  -0.011563420750548233  7.148334883061392e-06
5.24  -0.011547821976850586  7.305853242622429e-06
5.26  -0.01153343458610744  7.46497122514311e-06
5.28  -0.011520370308594262  7.623786254783128e-06
5.3  -0.011508720022433964  7.780418821771193e-06
5.32  -0.01149855322621308  7.933041755182977e-06
5.34  -0.011489917822541239  8.079907643147627e-06
5.36  -0.01148284020405383  8.219374059473294e-06
5.38  -0.011477325629553408  8.349926254645897e-06
5.4  -0.011473358874536927  8.47019710092272e-06
5.42  -0.011470905137178015  8.578984040359856e-06
5.44  -0.01146991117811564  8.675262936740286e-06
5.46  -0.011470306670003327  8.758198715292742e-06
5.48  -0.011472005730861993  8.827152763985749e-06
5.5  -0.011474908613733884  8.881687094227893e-06
5.5200000000000005  -0.011478903524064426  8.921565321479792e-06
5.54  -0.011483868535559025  8.946750573271686e-06
5.5600000000000005  -0.011489673575043137  8.957400468024765e-06
5.58  -0.011496182446983146  8.953859351011379e-06
5.6000000000000005  -0.011503254868930828  8.936647974279509e-06
5.62  -0.011510748490039677  8.90645086762832e-06
5.64  -0.011518520866127115  8.864101608992028e-06
5.66  -0.011526431366295845  8.810566268461204e-06
5.68  -0.01153434298800098  8.746925265408088e-06
5.7  -0.011542124059527637  8.674353971120934e-06
5.72  -0.011549649811043523  8.594102381288674e-06
5.74  -0.011556803797816392  8.507474290694655e-06
5.76  -0.011563479161663389  8.415806393815444e-06
5.78  -0.011569579719318178  8.320447742884193e-06
5.8  -0.01157502086911006  8.222739942664978e-06
5.82  -0.011579730310098655  8.123998375402658e-06
5.84  -0.011583648570677788  8.025494716370563e-06
5.86  -0.011586729346363647  7.92844093034029e-06
5.88  -0.01158893964923298  7.833974887947283e-06
5.9  -0.0115902597739809  7.743147734646074e-06
5.92  -0.011590683087924596  7.656913043393044e-06
5.94  -0.011590215654391767  7.576117803239626e-06
5.96  -0.01158887570080682  7.501495227372329e-06
5.98  -0.011586692944422139  7.433659350701419e-06
6.0  -0.011583707790023226  7.373101391318219e-06
6.0200000000000005  -0.011579970415049627  7.320187823583514e-06
6.04  -0.01157553975849367  7.275160088731985e-06
6.0600000000000005  -0.011570482430570168  7.238135940736655e-06
6.08  -0.011564871560558123  7.209112302448907e-06
6.1000000000000005  -0.011558785600401408  7.1879696117791835e-06
6.12  -0.011552307101550474  7.174477551024369e-06
6.140000000000001  -0.011545521482276807  7.16830206862277e-06
6.16  -0.011538515802130434  7.16901357799421e-06
6.18  -0.011531377559510354  7.176096214610566e-06
6.2  -0.011524193527415554  7.188957979877648e-06
6.22  -0.011517048641327889  7.206941646385322e-06
6.24  -0.011510024951988999  7.229336215317558e-06
6.26  -0.011503200654456001  7.255388788773268e-06
6.28  -0.011496649203359735  7.2843166613672464e-06
6.3  -0.011490438522771347  7.315319468829463e-06
6.32  -0.011484630317482881  7.347591219568307e-06
6.34  -0.011479279490906947  7.380332054182897e-06
6.36  -0.011474433673169724  7.4127595615351314e-06
6.38  -0.011470132861377741  7.4441195232043274e-06
6.4  -0.01146640917250875  7.473695917072749e-06
6.42  -0.01146328670787735  7.5008200866334956e-06
6.44  -0.011460781526743314  7.524878938901009e-06
6.46  -0.011458901725297736  7.545322107688148e-06
6.48  -0.011457647616074481  7.561668002189863e-06
6.5  -0.01145701200169405  7.573508701309189e-06
6.5200000000000005  -0.011456980535847728  7.580513676717243e-06
6.54  -0.011457532163538932  7.58243231269455e-06
6.5600000000000005  -0.011458639631865995  7.579095214564711e-06
6.58  -0.011460270061986464  7.5704143342101e-06
6.6000000000000005  -0.01146238557250279  7.556381887509605e-06
6.62  -0.011464943944154714  7.5370681488271364e-06
6.640000000000001  -0.011467899315585697  7.512618146363298e-06
6.66  -0.01147120289993191  7.483247362360165e-06
6.68  -0.011474803712093532  7.449236526135242e-06
6.7  -0.011478649296829912  7.410925633610462e-06
6.72  -0.011482686448179274  7.368707310466979e-06
6.74  -0.01148686191118644  7.323019669804357e-06
6.76  -0.011491123057512459  7.27433882490887e-06
6.78  -0.011495418527161828  7.2231711982579305e-06
6.8  -0.01149969882930551  7.170045777016483e-06
6.82  -0.011503916895977667  7.115506459193352e-06
6.84  -0.011508028583294994  7.06010460208771e-06
6.86  -0.01151199311570128  7.004391857605029e-06
6.88  -0.011515773469719551  6.94891336420003e-06
6.9  -0.011519336694587028  6.894201311147296e-06
6.92  -0.011522654168119803  6.840768843483381e-06
6.94  -0.011525701787103475  6.7891042923805506e-06
6.96  -0.01152846009245964  6.739665713553799e-06
6.98  -0.011530914330258006  6.6928758297347284e-06
7.0  -0.011533054450512436  6.649117574427093e-06
7.0200000000000005  -0.011534875046288407  6.6087306893918745e-06
7.04  -0.011536375236261352  6.572009746641635e-06
7.0600000000000005  -0.011537558494311147  6.5392039681526565e-06
7.08  -0.011538432430223941  6.510518721211808e-06
7.1000000000000005  -0.011539008526094782  6.4861183048359715e-06
7.12  -0.011539301833443878  6.466129361490055e-06
7.140000000000001  -0.011539330636454698  6.450644405652612e-06
7.16  -0.011539116086994157  6.439725153766093e-06
7.18  -0.011538681817169969  6.433405610508855e-06
7.2  -0.011538053535279372  6.431695003937424e-06
7.22  -0.011537258611000883  6.4345806820288146e-06
7.24  -0.01153632565561519  6.44203105855997e-06
7.26  -0.011535284102893513  6.4539986312265e-06
7.28  -0.011534163796103676  6.4704230845948215e-06
7.3  -0.011532994586254798  6.491234459775016e-06
7.32  -0.01153180594636648  6.516356368893193e-06
7.34  -0.011530626606132771  6.545709260196689e-06
7.36  -0.011529484210887423  6.579213702576515e-06
7.38  -0.011528405008318457  6.616793674923884e-06
7.4  -0.011527413565826958  6.658379832886921e-06
7.42  -0.011526532520965384  6.703912690037581e-06
7.44  -0.01152578236679281  6.753345652473191e-06
7.46  -0.01152518127348879  6.806647829815497e-06
7.48  -0.011524744947041098  6.8638065337511e-06
7.5  -0.011524486525269346  6.924829353088704e-06
7.5200000000000005  -0.011524416510990579  6.989745752822014e-06
7.54  -0.01152454274162877  7.058608087606038e-06
7.5600000000000005  -0.011524870394111  7.131491962301907e-06
7.58  -0.01152540202353234  7.208495911821186e-06
7.6000000000000005  -0.011526137633639317  7.289740341423533e-06
7.62  -0.011527074776886002  7.375365747374393e-06
7.640000000000001  -0.011528208681534076  7.465530220732727e-06
7.66  -0.011529532403002637  7.560406272878826e-06
7.68  -0.01153103699651622  7.660177060728592e-06
7.7  -0.01153271170791666  7.765032093637607e-06
7.72  -0.011534544179440363  7.875162521662267e-06
7.74  -0.011536520667170045  7.990756147778543e-06
7.76  -0.0115386262668919  8.111992258512976e-06
7.78  -0.011540845145089811  8.239036433291768e-06
7.8  -0.011543160771900169  8.372035447081882e-06
7.82  -0.01154555615293119  8.511112369277186e-06
7.84  -0.011548014057043275  8.656362005263446e-06
7.86  -0.011550517237301772  8.807846741808341e-06
7.88  -0.011553048642512286  8.965592901876622e-06
7.9  -0.011555591617015084  9.129587640293495e-06
7.92  -0.011558130086714878  9.299776440921587e-06
7.94  -0.011560648729628226  9.476061181118022e-06
7.96  -0.011563133129641152  9.658298785669337e-06
7.98  -0.011565569912297284  9.84630044259348e-06
8.0  -0.011567946861735547  1.0039831406087303e-05
8.02  -0.011570253018078416  1.0238611381285312e-05
8.040000000000001  -0.011572478754888437  1.0442315472910374e-05
8.06  -0.011574615836595432  1.0650575651763468e-05
8.08  -0.011576657456070172  1.0862982729122029e-05
8.1  -0.011578598252787405  1.1079088787234502e-05
8.120000000000001  -0.011580434312216928  1.1298410035176195e-05
8.14  -0.011582163147337128  1.1520430054866282e-05
8.16  -0.011583783663299116  1.1744603441227056e-05
8.18  -0.01158529610647174  1.1970359765788648e-05
8.2  -0.011586701999208228  1.2197107896197922e-05
8.22  -0.011588004061809543  1.2424240624088392e-05
8.24  -0.011589206123220341  1.2651139600759038e-05
8.26  -0.011590313022069839  1.2877180568661157e-05
8.28  -0.011591330499715639  1.3101738844496769e-05
8.3  -0.011592265086935448  1.332419506567742e-05
8.32  -0.011593123985939015  1.3543941109934424e-05
8.34  -0.011593914949313545  1.3760386162095441e-05
8.36  -0.01159464615751235  1.3972962833517946e-05
8.38  -0.01159532609641864  1.418113325827794e-05
8.4  -0.011595963436425761  1.438439503129098e-05
8.42  -0.011596566914457183  1.4582286888672232e-05
8.44  -0.011597145220199574  1.4774393977278323e-05
8.46  -0.011597706887746282  1.4960352578027815e-05
8.48  -0.011598260193753679  1.5139854147241927e-05
8.5  -0.0115988130630809  1.5312648553600437e-05
8.52  -0.011599372982766518  1.547854638273184e-05
8.540000000000001  -0.011599946925071929  1.5637420238325624e-05
8.56  -0.01160054128018774  1.5789204969943952e-05
8.58  -0.011601161799067233  1.593389682011994e-05
8.6  -0.011601813546694695  1.6071551479728734e-05
8.620000000000001  -0.01160250086599033  1.6202281146853674e-05
8.64  -0.011603227352366978  1.6326250668163085e-05
8.66  -0.011603995838865948  1.6443672908288652e-05
8.68  -0.011604808391625723  1.6554803519570058e-05
8.700000000000001  -0.011605666315320616  1.6659935313513357e-05
8.72  -0.01160657016810181  1.6759392399402285e-05
8.74  -0.011607519785430821  1.68535242753266e-05
8.76  -0.011608514312131946  1.6942699987867408e-05
8.78  -0.01160955224187124  1.7027302411335582e-05
8.8  -0.011610631463235727  1.7107722657981616e-05
8.82  -0.011611749311509746  1.7184354592795343e-05
8.84  -0.011612902625206506  1.7257589395550338e-05
8.86  -0.011614087806430907  1.7327810163094576e-05
8.88  -0.011615300884095308  1.739538654958408e-05
8.9  -0.01161653757906513  1.746066947127373e-05
8.92  -0.01161779337030893  1.7523985984831082e-05
8.94  -0.011619063561158372  1.758563439205877e-05
8.96  -0.011620343344832878  1.7645879684805954e-05
8.98  -0.011621627868438837  1.7704949408769e-05
9.0  -0.011622912294711418  1.776303001743099e-05
9.02  -0.011624191860811775  1.7820263787870008e-05
9.040000000000001  -0.011625461933615272  1.7876746364583367e-05
9.06  -0.011626718060945495  1.7932524944715914e-05
9.08  -0.011627956018328549  1.798759715626266e-05
9.1  -0.01162917185089837  1.804191063008837e-05
9.120000000000001  -0.011630361910173673  1.8095363271116945e-05
9.14  -0.011631522885505969  1.8147804192106558e-05
9.16  -0.011632651830056014  1.8199035299789994e-05
9.18  -0.01163374618125532  1.8248813452186746e-05
9.200000000000001  -0.011634803775757239  1.829685315549547e-05
9.22  -0.011635822858944943  1.8342829709877648e-05
9.24  -0.011636802089130652  1.8386382761346716e-05
9.26  -0.011637740536621475  1.842712019937097e-05
9.28  -0.011638637677865375  1.846462236308402e-05
9.3  -0.011639493384934932  1.849844656959536e-05
9.32  -0.011640307910622427  1.8528131942679245e-05
9.34  -0.011641081869457892  1.855320459765423e-05
9.36  -0.011641816214975325  1.857318320136513e-05
9.38  -0.011642512213595378  1.8587584961019703e-05
9.4  -0.011643171415530458  1.8595932055362355e-05
9.42  -0.011643795623139299  1.8597758561088697e-05
9.44  -0.011644386857245916  1.8592617919297545e-05
9.46  -0.011644947321832822  1.8580090975608803e-05
9.48  -0.011645479367519914  1.8559794567704678e-05
9.5  -0.01164598545404811  1.8531390446183322e-05
9.52  -0.011646468111900052  1.8494594073202987e-05
9.540000000000001  -0.011646929903250457  1.8449182546372684e-05
9.56  -0.011647373382785327  1.839500087219342e-05
9.58  -0.011647801059283577  1.8331966105974908e-05
9.6  -0.0116482153591344  1.826006933722756e-05
9.620000000000001  -0.01164861859291353  1.8179375920304708e-05
9.64  -0.011649012925755835  1.8090024472441337e-05
9.66  -0.011649400351892835  1.799222505800526e-05
9.68  -0.011649782673426111  1.7886256745695502e-05
9.700000000000001  -0.011650161483247061  1.777246454871378e-05
9.72  -0.011650538152026296  1.7651255711701743e-05
9.74  -0.011650913819171363  1.7523095248408527e-05
9.76  -0.01165128938764113  1.7388500754403997e-05
9.78  -0.011651665522556648  1.7248036489991782e-05
9.8  -0.011652042653430745  1.710230682481855e-05
9.82  -0.011652420979854758  1.695194915310184e-05
9.84  -0.01165280048040722  1.6797626393730487e-05
9.86  -0.011653180924525153  1.6640019212385267e-05
9.88  -0.011653561887037867  1.6479818090006887e-05
9.9  -0.011653942765019796  1.631771538429202e-05
9.92  -0.011654322796637286  1.6154397500497356e-05
9.94  -0.011654701081590429  1.5990537280594487e-05
9.96  -0.01165507660280905  1.5826786752349664e-05
9.98  -0.011655448249014724  1.5663770307673024e-05
10.0  -0.011655814837761992  1.5502078426139147e-05
10.02  -0.011656175138615308  1.534226201568747e-05
10.040000000000001  -0.011656527896106888  1.5184827426977421e-05
10.06  -0.011656871852118188  1.5030232238728977e-05
10.08  -0.011657205767416117  1.4878881806507387e-05
10.1  -0.011657528442010495  1.4731126639659945e-05
10.120000000000001  -0.01165783873410851  1.4587260612627007e-05
10.14  -0.011658135577421208  1.4447520013131682e-05
10.16  -0.011658417996636508  1.4312083410782345e-05
10.18  -0.011658685120891826  1.4181072340208468e-05
10.200000000000001  -0.011658936195131961  1.4054552735921484e-05
10.22  -0.011659170589256036  1.3932537094919566e-05
10.24  -0.011659387805009795  1.3814987289356999e-05
10.26  -0.011659587480596947  1.3701817987906654e-05
10.28  -0.011659769393039964  1.3592900581780416e-05
10.3  -0.01165993345833087  1.3488067555290115e-05
10.32  -0.011660079729453822  1.3387117204455897e-05
10.34  -0.011660208392396195  1.3289818627857926e-05
10.36  -0.01166031976027113  1.319591688580331e-05
10.38  -0.011660414265718934  1.3105138246980775e-05
10.4  -0.011660492451763637  1.3017195436104082e-05
10.42  -0.011660554961309678  1.2931792787689814e-05
10.44  -0.011660602525485387  1.2848631246841673e-05
10.46  -0.011660635951060948  1.2767413122631002e-05
10.48  -0.011660656107150908  1.2687846533411995e-05
10.5  -0.011660663911418625  1.2609649495731246e-05
10.52  -0.011660660316027178  1.2532553595941218e-05
10.540000000000001  -0.011660646293530523  1.2456307215283802e-05
10.56  -0.011660622822938121  1.2380678256638503e-05
10.58  -0.011660590876132273  1.23054563889125e-05
10.6  -0.01166055140485342  1.2230454768672708e-05
10.620000000000001  -0.011660505328402418  1.2155511250548916e-05
10.64  -0.011660453522242731  1.2080489111059793e-05
10.66  -0.011660396807612786  1.200527727073181e-05
10.68  -0.01166033594229135  1.1929790083195415e-05
10.700000000000001  -0.011660271612601594  1.1853966679848782e-05
10.72  -0.011660204426731022  1.1777769952886204e-05
10.74  -0.011660134909418314  1.1701185184326995e-05
10.76  -0.011660063498041485  1.1624218375639304e-05
10.78  -0.01165999054010752  1.1546894343180108e-05
10.8  -0.011659916292151368  1.1469254609006521e-05
10.82  -0.0116598409199904  1.1391355146723472e-05
10.84  -0.011659764500287651  1.1313264025603401e-05
10.86  -0.011659687023372157  1.1235059009683163e-05
10.88  -0.011659608397207425  1.1156825151460844e-05
10.9  -0.011659528452437692  1.1078652417876103e-05
10.92  -0.011659446948377401  1.1000633396476866e-05
10.94  -0.011659363579844163  1.0922861112488459e-05
10.96  -0.0116592779847117  1.08454269875169e-05
10.98  -0.011659189752034008  1.0768418959009388e-05
11.0  -0.011659098430628014  1.0691919792259565e-05
11.02  -0.011659003537970683  1.0616005593950509e-05
11.040000000000001  -0.01165890456926413  1.0540744549380392e-05
11.06  -0.01165880100656687  1.0466195877478616e-05
11.08  -0.01165869232783928  1.0392409019686357e-05
11.1  -0.011658578015784756  1.0319423065486785e-05
11.120000000000001  -0.01165845756637841  1.0247266396819384e-05
11.14  -0.011658330496975917  1.0175956566646006e-05
11.16  -0.011658196353896064  1.0105500376165956e-05
11.18  -0.011658054719406081  1.0035894166900714e-05
11.200000000000001  -0.011657905218021805  9.967124289177686e-06
11.22  -0.01165774752207482  9.899167745023283e-06
11.24  -0.011657581356464834  9.83199297851855e-06
11.26  -0.011657406502610674  9.765560799206673e-06
11.28  -0.011657222801517958  9.69982540761959e-06
11.3  -0.011657030156000427  9.634735518588428e-06
11.32  -0.011656828532011733  9.570235534099797e-06
11.34  -0.01165661795913242  9.506266773185953e-06
11.36  -0.011656398530216919  9.442768715035713e-06
11.38  -0.011656170400230596  9.379680244415544e-06
11.4  -0.011655933784329376  9.316940860436642e-06
11.42  -0.011655688955233057  9.254491867764553e-06
11.44  -0.011655436239930522  9.192277497065246e-06
11.46  -0.01165517601580834  9.130245953225982e-06
11.48  -0.011654908706252867  9.068350371273053e-06
11.5  -0.01165463477580863  9.006549681713275e-06
11.52  -0.011654354724970742  8.944809358296625e-06
11.540000000000001  -0.011654069084684908  8.883102052530708e-06
11.56  -0.011653778410639873  8.82140809608812e-06
11.58  -0.011653483277429967  8.75971589075949e-06
11.6  -0.011653184272675504  8.698022156283336e-06
11.620000000000001  -0.011652881991150993  8.63633206244185e-06
11.64  -0.011652577029034508  8.574659219020534e-06
11.66  -0.011652269978315428  8.513025567734376e-06
11.68  -0.011651961421435379  8.451461139879785e-06
11.700000000000001  -0.011651651926229462  8.390003721784483e-06
11.72  -0.011651342041205166  8.328698410668862e-06
11.74  -0.011651032291225574  8.267597094242275e-06
11.76  -0.011650723173622982  8.206757840479033e-06
11.78  -0.011650415154786268  8.146244236161893e-06
11.8  -0.01165010866722946  8.086124667624778e-06
11.82  -0.011649804107189077  8.026471554398564e-06
11.84  -0.01164950183274542  7.96736056097447e-06
11.86  -0.011649202162462263  7.908869800710345e-06
11.88  -0.011648905374571323  7.85107902073561e-06
11.9  -0.011648611706666315  7.794068806702076e-06
11.92  -0.011648321355902793  7.737919806571523e-06
11.94  -0.01164803447968367  7.682711976786838e-06
11.96  -0.011647751196806087  7.6285238758876865e-06
11.98  -0.011647471589026404  7.575431998176009e-06
12.0  -0.011647195703023633  7.52351016469684e-06
12.02  -0.01164692355271163  7.472828975195087e-06
12.040000000000001  -0.011646655121861714  7.423455325273308e-06
12.06  -0.011646390366998025  7.375451987737117e-06
12.08  -0.011646129220498968  7.328877272406596e-06
12.1  -0.011645871593883295  7.283784753065012e-06
12.120000000000001  -0.01164561738122279  7.240223067426826e-06
12.14  -0.011645366462619664  7.198235789460908e-06
12.16  -0.011645118707727673  7.157861372549825e-06
12.18  -0.011644873979254863  7.11913315890305e-06
12.200000000000001  -0.011644632136403012  7.082079450169423e-06
12.22  -0.011644393038217031  7.046723641103989e-06
12.24  -0.01164415654679259  7.013084402319276e-06
12.26  -0.01164392253030757  6.9811759156019975e-06
12.280000000000001  -0.01164369086585669  6.951008146061457e-06
12.3  -0.011643461442042646  6.922587158527933e-06
12.32  -0.01164323416132513  6.8959154543974895e-06
12.34  -0.011643008942074212  6.8709923386396665e-06
12.36  -0.01164278572035037  6.847814305246697e-06
12.38  -0.011642564451364917  6.826375424625502e-06
12.4  -0.01164234511063395  6.806667745488286e-06
12.42  -0.011642127694815627  6.788681689857859e-06
12.44  -0.011641912222238437  6.772406437739254e-06
12.46  -0.011641698733111749  6.75783030901927e-06
12.48  -0.011641487289443558  6.744941125831389e-06
12.5  -0.011641277974652496  6.73372654990778e-06
12.52  -0.011641070892921997  6.724174393606705e-06
12.540000000000001  -0.011640866168284568  6.71627291068302e-06
12.56  -0.011640663943470311  6.710011051435315e-06
12.58  -0.011640464378541018  6.705378676693759e-06
12.6  -0.01164026764932747  6.7023667453779134e-06
12.620000000000001  -0.011640073945699065  6.700967456368652e-06
12.64  -0.011639883469697715  6.7011743561102405e-06
12.66  -0.011639696433545756  6.702982398907264e-06
12.68  -0.011639513057572127  6.706387975283505e-06
12.700000000000001  -0.011639333568080723  6.7113888872675055e-06
12.72  -0.01163915819517709  6.717984308685337e-06
12.74  -0.011638987170608569  6.726174687534108e-06
12.76  -0.011638820725602447  6.7359616446120946e-06
12.780000000000001  -0.011638659088772105  6.7473478317536155e-06
12.8  -0.011638502484096959  6.760336786395345e-06
12.82  -0.011638351128987017  6.774932783438895e-06
12.84  -0.01163820523248978  6.791140687061796e-06
12.86  -0.011638064993621858  6.808965815498181e-06
12.88  -0.011637930599873614  6.828413825753839e-06
12.9  -0.011637802225878947  6.849490628908989e-06
12.92  -0.011637680032291067  6.872202324143982e-06
12.94  -0.011637564164830042  6.8965551695933445e-06
12.96  -0.011637454753558478  6.922555571925622e-06
12.98  -0.011637351912352704  6.950210115845058e-06
13.0  -0.011637255738576968  6.979525585842103e-06
13.02  -0.011637166312970501  7.010509030806278e-06
13.040000000000001  -0.011637083699725851  7.043167815665966e-06
13.06  -0.011637007946757268  7.07750967752081e-06
13.08  -0.011636939086142863  7.113542776083029e-06
13.1  -0.011636877134737524  7.151275740996334e-06
13.120000000000001  -0.011636822094933823  7.190717691922131e-06
13.14  -0.011636773955547308  7.231878247136486e-06
13.16  -0.011636732692820825  7.274767517897909e-06
13.18  -0.011636698271538579  7.3193960719181985e-06
13.200000000000001  -0.011636670646196817  7.365774880750881e-06
13.22  -0.011636649762247299  7.413915250588864e-06
13.24  -0.011636635557378016  7.463828729478196e-06
13.26  -0.011636627962818065  7.5155270093181146e-06
13.280000000000001  -0.011636626904641983  7.569021804263495e-06
13.3  -0.011636632305076972  7.624324723274386e-06
13.32  -0.011636644083769118  7.68144714258153e-06
13.34  -0.011636662159028298  7.740400061120411e-06
13.36  -0.01163668644899558  7.801193964137329e-06
13.38  -0.011636716872763167  7.86383868675068e-06
13.4  -0.011636753351405182  7.928343262144657e-06
13.42  -0.011636795808916495  7.994715790391686e-06
13.44  -0.011636844173062754  8.0629633033424e-06
13.46  -0.011636898376113109  8.133091621243807e-06
13.48  -0.01163695835546957  8.205105238379487e-06
13.5  -0.011637024054186592  8.279007191966566e-06
13.52  -0.011637095421356134  8.354798954898139e-06
13.540000000000001  -0.011637172412401649  8.432480332149926e-06
13.56  -0.01163725498924333  8.512049376254674e-06
13.58  -0.011637343120346602  8.59350231129254e-06
13.6  -0.01163743678067643  8.67683348180744e-06
13.620000000000001  -0.011637535951527974  8.762035315285413e-06
13.64  -0.01163764062027019  8.849098309554734e-06
13.66  -0.01163775077998451  8.938011036539034e-06
13.68  -0.011637866429021065  9.028760169300617e-06
13.700000000000001  -0.011637987570471253  9.121330516201332e-06
13.72  -0.011638114211566302  9.215705076678058e-06
13.74  -0.011638246363015624  9.311865091531958e-06
13.76  -0.011638384038296923  9.40979008858412e-06
13.780000000000001  -0.011638527252914744  9.509457928672839e-06
13.8  -0.011638676023632919  9.610844816341569e-06
13.82  -0.01163883036771229  9.713925305849201e-06
13.84  -0.011638990302157853  9.818672264181043e-06
13.86  -0.01163915584299299  9.925056834618213e-06
13.88  -0.011639327004563133  1.0033048346999964e-05
13.9  -0.011639503798892226  1.0142614244236731e-05
13.92  -0.011639686235079657  1.0253719976619933e-05
13.94  -0.011639874318752148  1.0366328899268377e-05
13.96  -0.0116400680515517  1.048040218363448e-05
13.98  -0.01164026743067581  1.0595898726313763e-05
14.0  -0.01164047244845488  1.0712775091556437e-05
14.02  -0.011640683091962086  1.0830985457367973e-05
14.040000000000001  -0.011640899342650786  1.0950481601571091e-05
14.06  -0.011641121176026864  1.1071212910606764e-05
14.08  -0.01164134856134705  1.1193126420667391e-05
14.1  -0.011641581461339688  1.1316166882104311e-05
14.120000000000001  -0.011641819831961556  1.1440276865668886e-05
14.14  -0.01164206362217246  1.156539688168301e-05
14.16  -0.01164231277375708  1.1691465537614026e-05
14.18  -0.011642567221168746  1.181841972067079e-05
14.200000000000001  -0.01164282689142618  1.1946194792686576e-05
14.22  -0.011643091704050501  1.207472481820946e-05
14.24  -0.011643361571045396  1.2203942794918813e-05
14.26  -0.01164363639693532  1.2333780914301924e-05
14.280000000000001  -0.011643916078857862  1.2464170828988116e-05
14.3  -0.011644200506706351  1.2595043919559732e-05
14.32  -0.011644489563341756  1.272633158618772e-05
14.34  -0.011644783124851885  1.2857965528516692e-05
14.36  -0.011645081060875938  1.2989878031072254e-05
14.38  -0.0116453832349858  1.3122002252952884e-05
14.4  -0.011645689505116106  1.3254272509462023e-05
14.42  -0.01164599972404954  1.3386624536970313e-05
14.44  -0.01164631373995301  1.3518995764109963e-05
14.46  -0.011646631396941684  1.3651325560576431e-05
14.48  -0.011646952535692524  1.3783555474234873e-05
14.5  -0.011647276994080788  1.3915629444694586e-05
14.52  -0.011647604607833744  1.4047494009421311e-05
14.540000000000001  -0.01164793521121369  1.4179098475526684e-05
14.56  -0.01164826863769347  1.4310395075851988e-05
14.58  -0.01164860472063231  1.4441339096255923e-05
14.6  -0.011648943293960044  1.4571888980716358e-05
14.620000000000001  -0.011649284192826343  1.4702006400914259e-05
14.64  -0.011649627254237148  1.4831656304190336e-05
14.66  -0.01164997231765965  1.4960806927851909e-05
14.68  -0.011650319225589182  1.5089429789556027e-05
14.700000000000001  -0.011650667824078108  1.5217499640220297e-05
14.72  -0.011651017963210249  1.534499439417847e-05
14.74  -0.011651369497532921  1.5471895030417593e-05
14.76  -0.0116517222864235  1.5598185466091346e-05
14.780000000000001  -0.011652076194400724  1.5723852397042583e-05
14.8  -0.011652431091375402  1.584888512944836e-05
14.82  -0.011652786852837119  1.5973275378217047e-05
14.84  -0.011653143359972305  1.6097017040855616e-05
14.86  -0.011653500499728072  1.6220105973559793e-05
14.88  -0.011653858164804739  1.6342539727806367e-05
14.9  -0.011654216253590474  1.6464317294494657e-05
14.92  -0.011654574670038574  1.6585438832827286e-05
14.94  -0.011654933323488033  1.670590539621568e-05
14.96  -0.011655292128432544  1.682571864818018e-05
14.98  -0.01165565100424696  1.6944880593340562e-05
15.0  -0.011656009874868315  1.706339330672063e-05
15.02  -0.011656368668444408  1.71812586706434e-05
15.040000000000001  -0.011656727316949698  1.729847812751155e-05
15.06  -0.011657085755788915  1.7415052452036375e-05
15.08  -0.011657443923366859  1.7530981526985424e-05
15.1  -0.011657801760665958  1.764626416316873e-05
15.120000000000001  -0.011658159210815809  1.7760897926276918e-05
15.14  -0.011658516218659692  1.7874878995091474e-05
15.16  -0.011658872730341736  1.7988202057967503e-05
15.18  -0.01165922869291093  1.81008602232145e-05
15.200000000000001  -0.011659584053931017  1.821284497732068e-05
15.22  -0.011659938761142918  1.8324146166664285e-05
15.24  -0.011660292762141818  1.8434752010639856e-05
15.26  -0.011660646004085652  1.854464915037354e-05
15.280000000000001  -0.011660998433456821  1.8653822719407018e-05
15.3  -0.01166134999585453  1.8762256453236815e-05
15.32  -0.0116617006358283  1.8869932810646785e-05
15.34  -0.01166205029674937  1.8976833116371818e-05
15.36  -0.01166239892072489  1.90829377222401e-05
15.38  -0.011662746448552795  1.918822617737783e-05
15.4  -0.01166309281968906  1.9292677396536017e-05
15.42  -0.011663437972268226  1.9396269820855412e-05
15.44  -0.011663781843117805  1.9498981570140227e-05
15.46  -0.01166412436780111  1.9600790577678452e-05
15.48  -0.011664465480652291  1.9701674691489912e-05
15.5  -0.011664805114815376  1.9801611751265973e-05
15.52  -0.011665143202247593  1.990057962370802e-05
15.540000000000001  -0.011665479673710937  1.999855619427241e-05
15.56  -0.011665814458724047  2.0095519326654627e-05
15.58  -0.01166614748546383  2.019144677219408e-05
15.6  -0.011666478680625649  2.028631606045293e-05
15.620000000000001  -0.011666807969236172  2.0380104339192523e-05
15.64  -0.011667135274417114  2.0472788223189196e-05
15.66  -0.011667460517124691  2.0564343618532216e-05
15.68  -0.01166778361586071  2.0654745561602143e-05
15.700000000000001  -0.011668104486384615  2.074396808565465e-05
15.72  -0.01166842304144594  2.0831984114496834e-05
15.74  -0.011668739190564147  2.091876540547276e-05
15.76  -0.011669052839878406  2.1004282565715757e-05
15.780000000000001  -0.011669363892069799  2.1088505100191597e-05
15.8  -0.011669672246407942  2.117140156596755e-05
15.82  -0.011669977798898105  2.125293975824261e-05
15.84  -0.011670280442536547  2.1333086983329563e-05
15.860000000000001  -0.011670580067689975  2.1411810371685434e-05
15.88  -0.011670876562557872  2.1489077242610878e-05
15.9  -0.011671169813727478  2.1564855492679422e-05
15.92  -0.011671459706777383  2.1639114010000768e-05
15.94  -0.011671746126936874  2.1711823094007932e-05
15.96  -0.011672028959771869  2.178295485511753e-05
15.98  -0.01167230809187518  2.1852483614660356e-05
16.0  -0.011672583411554386  2.192038625669859e-05
16.02  -0.011672854809506177  2.1986642562303647e-05
16.04  -0.011673122179451217  2.2051235486763264e-05
16.06  -0.011673385418736292  2.2114151385279528e-05
16.080000000000002  -0.011673644428866967  2.217538019710577e-05
16.1  -0.011673899115973253  2.223491556126449e-05
16.12  -0.011674149391191529  2.2292754865091858e-05
16.14  -0.011674395170942372  2.2348899241789752e-05
16.16  -0.01167463637712417  2.2403353495505703e-05
16.18  -0.01167487293719079  2.2456125964834554e-05
16.2  -0.011675104784132213  2.2507228344927663e-05
16.22  -0.011675331856344565  2.255667544640835e-05
16.240000000000002  -0.011675554097432143  2.260448493756126e-05
16.26  -0.011675771455905096  2.2650677040548497e-05
16.28  -0.011675983884821495  2.2695274220438713e-05
16.3  -0.01167619134136174  2.2738300875174125e-05
16.32  -0.011676393786371055  2.2779783017604267e-05
16.34  -0.01167659118385173  2.281974797658056e-05
16.36  -0.01167678350045538  2.2858224105881046e-05
16.38  -0.011676970704955682  2.2895240517739992e-05
16.4  -0.011677152767741566  2.2930826827394148e-05
16.42  -0.011677329660328575  2.296501290665774e-05
16.44  -0.01167750135492469  2.299782863754966e-05
16.46  -0.011677667824052895  2.3029303657510364e-05
16.48  -0.011677829040263352  2.3059467060459397e-05
16.5  -0.011677984975969648  2.3088347048690235e-05
16.52  -0.011678135603429087  2.3115970504000228e-05
16.54  -0.011678280894919662  2.3142362450128318e-05
16.56  -0.011678420823117944  2.3167545356799315e-05
16.580000000000002  -0.01167855536176867  2.3191538299979124e-05
16.6  -0.011678684486620267  2.3214355914074117e-05
16.62  -0.011678808176695648  2.323600715670995e-05
16.64  -0.011678926415873614  2.3256493883436625e-05
16.66  -0.011679039194757202  2.3275809295100834e-05
16.68  -0.011679146512789312  2.329393630679991e-05
16.7  -0.011679248380463735  2.33108459738871e-05
16.72  -0.011679344821532673  2.3326496103686018e-05
16.740000000000002  -0.011679435874972964  2.3340830213594652e-05
16.76  -0.011679521596563342  2.3353777026640342e-05
16.78  -0.011679602059837892  2.3365250591763666e-05
16.8  -0.011679677356282472  2.337515116638758e-05
16.82  -0.01167974759468671  2.3383366838228877e-05
16.84  -0.011679812899642348  2.3389775847543833e-05
16.86  -0.011679873409266016  2.3394249482250817e-05
16.88  -0.011679929272284176  2.3396655372139984e-05
16.9  -0.011679980644687112  2.3396860985722026e-05
16.92  -0.011680027686146304  2.339473713786625e-05
16.94  -0.011680070556394525  2.3390161362114566e-05
16.96  -0.01168010941175441  2.338302098388816e-05
16.98  -0.011680144401940061  2.3373215835758318e-05
17.0  -0.011680175667234564  2.336066054683532e-05
17.02  -0.01168020333609443  2.33452863932794e-05
17.04  -0.011680227523201057  2.332704270379505e-05
17.06  -0.011680248327965688  2.3305897843634504e-05
17.080000000000002  -0.011680265833468659  2.328183979763258e-05
17.1  -0.011680280105780934  2.325487637925861e-05
17.12  -0.011680291193654761  2.3225035111563e-05
17.14  -0.011680299128518156  2.319236278800125e-05
17.16  -0.011680303924742647  2.3156924758895036e-05
17.18  -0.011680305580148823  2.311880396050779e-05
17.2  -0.011680304076701434  2.3078099720865515e-05
17.22  -0.011680299381368029  2.3034926361707405e-05
17.240000000000002  -0.011680291447108325  2.2989411622821555e-05
17.26  -0.011680280213980328  2.294169494670734e-05
17.28  -0.01168026561033227  2.289192562486477e-05
17.3  -0.011680247554065035  2.2840260862018447e-05
17.32  -0.011680225953959334  2.2786863758520934e-05
17.34  -0.011680200711056403  2.273190126159965e-05
17.36  -0.011680171720070272  2.2675542101467335e-05
17.38  -0.011680138870846787  2.2617954733799293e-05
17.400000000000002  -0.011680102049848807  2.2559305319486014e-05
17.42  -0.011680061141669269  2.2499755782739387e-05
17.44  -0.011680016030571195  2.2439461943592664e-05
17.46  -0.011679966602046829  2.237857175986876e-05
17.48  -0.011679912744388695  2.231722370262554e-05
17.5  -0.011679854350281418  2.2255545278854075e-05
17.52  -0.011679791318392353  2.2193651700267152e-05
17.54  -0.011679723554956178  2.2131644741532185e-05
17.56  -0.011679650975351688  2.2069611777180505e-05
17.580000000000002  -0.011679573505646811  2.200762500321286e-05
17.6  -0.01167949108410156  2.1945740870609647e-05
17.62  -0.011679403662614066  2.188399970740859e-05
17.64  -0.01167931120808429  2.1822425557454627e-05
17.66  -0.011679213703669688  2.176102622838857e-05
17.68  -0.011679111149927427  2.169979352989801e-05
17.7  -0.011679003565800823  2.1638703737888532e-05
17.72  -0.011678890989439812  2.157771824867126e-05
17.740000000000002  -0.011678773478827172  2.1516784420732e-05
17.76  -0.011678651112191005  2.1455836608589673e-05
17.78  -0.01167852398819403  2.1394797365662096e-05
17.8  -0.011678392225882742  2.133357880771238e-05
17.82  -0.011678255964387875  2.1272084105096337e-05
17.84  -0.011678115362375792  2.121020911198464e-05
17.86  -0.011677970597251664  2.1147844079576477e-05
17.88  -0.011677821864119541  2.1084875446971958e-05
17.900000000000002  -0.011677669374522477  2.1021187682272583e-05
17.92  -0.011677513354955935  2.095666513727857e-05
17.94  -0.01167735404520517  2.089119390252266e-05
17.96  -0.011677191696506991  2.0824663622286154e-05
17.98  -0.011677026569575255  2.075696924931517e-05
18.0  -0.011676858932513485  2.0688012708900978e-05
18.02  -0.011676689058647256  2.0617704453911934e-05
18.04  -0.011676517224313895  2.0545964880880232e-05
18.06  -0.011676343706622828  2.0472725598229128e-05
18.080000000000002  -0.011676168781238429  2.039793051196025e-05
18.1  -0.011675992720206637  2.032153673710231e-05
18.12  -0.011675815789845875  2.0243515303050748e-05
18.14  -0.011675638248735357  2.016385166454202e-05
18.16  -0.011675460345843486  2.0082545990709284e-05
18.18  -0.011675282318774866  1.9999613258553622e-05
18.2  -0.011675104392203612  1.991508313216794e-05
18.22  -0.011674926776474494  1.982899964223943e-05
18.240000000000002  -0.011674749666408114  1.974142067483935e-05
18.26  -0.011674573240301005  1.9652417272335548e-05
18.28  -0.011674397659146154  1.956207277575492e-05
18.3  -0.011674223066075497  1.9470481807196246e-05
18.32  -0.01167404958601612  1.9377749119358397e-05
18.34  -0.011673877325571144  1.9283988337616756e-05
18.36  -0.011673706373109986  1.918932059638784e-05
18.38  -0.011673536799075675  1.909387310975114e-05
18.400000000000002  -0.01167336865649381  1.8997777678953496e-05
18.42  -0.011673201981665837  1.8901169192375917e-05
18.44  -0.011673036795043605  1.8804184091116352e-05
18.46  -0.011672873102264999  1.8706958871462706e-05
18.48  -0.01167271089533482  1.860962860434891e-05
18.5  -0.011672550153930799  1.8512325516188428e-05
18.52  -0.011672390846817524  1.8415177644160645e-05
18.54  -0.011672232933359441  1.831830757555072e-05
18.56  -0.011672076365074373  1.822183129151719e-05
18.580000000000002  -0.01167192108726068  1.8125857129375146e-05
18.6  -0.011671767040628509  1.8030484877278345e-05
18.62  -0.011671614162946162  1.7935805001867964e-05
18.64  -0.011671462390657913  1.7841898015900242e-05
18.66  -0.011671311660478701  1.774883401170805e-05
18.68  -0.01167116191091757  1.7656672330095902e-05
18.7  -0.011671013083735575  1.7565461392549477e-05
18.72  -0.011670865125317023  1.7475238679541115e-05
18.740000000000002  -0.01167071798792882  1.7386030860406935e-05
18.76  -0.011670571630861222  1.72978540650344e-05
18.78  -0.011670426021448996  1.7210714287967566e-05
18.8  -0.011670281135947973  1.7124607917169275e-05
18.82  -0.011670136960276117  1.7039522382976662e-05
18.84  -0.01166999349058917  1.695543691236385e-05
18.86  -0.011669850733714935  1.6872323369553164e-05
18.88  -0.011669708707434012  1.6790147172862364e-05
18.900000000000002  -0.011669567440602102  1.670886828529939e-05
18.92  -0.011669426973127124  1.6628442243608193e-05
18.94  -0.011669287355799291  1.654882122427789e-05
18.96  -0.011669148649975581  1.6469955136668617e-05
18.98  -0.011669010927149129  1.6391792706617564e-05
19.0  -0.011668874268376081  1.631428256116871e-05
19.02  -0.011668738763608582  1.6237374289941706e-05
19.04  -0.01166860451091795  1.6161019461733545e-05
19.06  -0.011668471615632496  1.6085172601700503e-05
19.080000000000002  -0.01166834018940643  1.6009792106952663e-05
19.1  -0.011668210349221808  1.593484108713706e-05
19.12  -0.011668082216354918  1.586028813384526e-05
19.14  -0.011667955915299729  1.5786108004470494e-05
19.16  -0.0116678315726862  1.5712282208657188e-05
19.18  -0.011667709316187602  1.563879950389511e-05
19.2  -0.011667589273443572  1.5565656290549457e-05
19.22  -0.011667471571007873  1.5492856904361413e-05
19.240000000000002  -0.011667356333333656  1.5420413811624383e-05
19.26  -0.011667243681801383  1.5348347698160617e-05
19.28  -0.01166713373382294  1.5276687471188803e-05
19.3  -0.011667026601988184  1.5205470152944694e-05
19.32  -0.01166692239331914  1.5134740696416563e-05
19.34  -0.011666821208581224  1.5064551713006677e-05
19.36  -0.011666723141704114  1.4994963122630367e-05
19.38  -0.011666628279286433  1.4926041735639534e-05
19.400000000000002  -0.011666536700199515  1.4857860775983488e-05
19.42  -0.011666448475290947  1.4790499348491524e-05
19.44  -0.011666363667188588  1.4724041861626175e-05
19.46  -0.011666282330197154  1.4658577417778218e-05
19.48  -0.011666204510289147  1.4594199181402155e-05
19.5  -0.011666130245193137  1.4531003724459462e-05
19.52  -0.011666059564561893  1.4469090368069391e-05
19.54  -0.011665992490219743  1.4408560526364732e-05
19.56  -0.011665929036490434  1.4349517050345499e-05
19.580000000000002  -0.011665869210578508  1.4292063596331819e-05
19.6  -0.011665813013024483  1.4236304005155241e-05
19.62  -0.011665760438188491  1.4182341716053085e-05
19.64  -0.01166571147480441  1.4130279203258226e-05
19.66  -0.011665666106529492  1.4080217442870107e-05
19.68  -0.011665624312550485  1.403225542087632e-05
19.7  -0.011665586068189987  1.3986489660350147e-05
19.72  -0.011665551345517446  1.3943013793941018e-05
19.740000000000002  -0.0116655201139716  1.3901918158075097e-05
19.76  -0.011665492340974117  1.3863289418321637e-05
19.78  -0.0116654679925344  1.3827210218276328e-05
19.8  -0.011665447033837942  1.3793758853457565e-05
19.82  -0.01166542942981616  1.3763008950695244e-05
19.84  -0.011665415145702527  1.3735029171324932e-05
19.86  -0.011665404147558043  1.3709882928632157e-05
19.88  -0.011665396402778251  1.368762810132748e-05
19.900000000000002  -0.011665391880563779  1.3668316764148649e-05
19.92  -0.011665390552381066  1.3651994931720719e-05
19.94  -0.011665392392374772  1.3638702299106952e-05
19.96  -0.011665397377764633  1.3628472000834209e-05
19.98  -0.011665405489194196  1.362133038910904e-05
20.0  -0.011665416711051363  1.3617296828147133e-05
