0.02  -0.03522085701330277  0.0013473565814481306
0.04  -0.07725293949571589  0.002296071578148309
0.06  -0.11412405828072719  0.002677151355231108
0.08  -0.14667162105938525  0.002715477868289304
0.1  -0.1754282601283947  0.002555901287518973
0.12  -0.2007610423363106  0.0022895275224713947
0.14  -0.22294787005905256  0.0019722184778276095
0.16  -0.24221793321820867  0.0016372902461128046
0.18  -0.2587723049577249  0.0013039733355004067
0.2  -0.27279403489988757  0.0009829399748554457
0.22  -0.28445300260351863  0.0006798173502559458
0.24  -0.29390834694755164  0.000397377962351317
0.26  -0.3013099002650155  0.00013685015740742574
0.28  -0.30679927909170707  -0.00010132165448977539
0.3  -0.3105108779759811  -0.0003170714486877623
0.32  -0.312572830804563  -0.0005105061497673144
0.34  -0.31310792813389626  -0.0006818149807039956
0.36  -0.3122344483009582  -0.000831250308244084
0.38  -0.31006686205161865  -0.0009591350070846131
0.4  -0.30671639056082206  -0.00106588069941284
0.42  -0.302291406852821  -0.0011520067258614728
0.44  -0.2968976787312515  -0.0012181559393983844
0.46  -0.29063846899367274  -0.0012650996001688133
0.48  -0.2836145116638937  -0.0012937377939379597
0.5  -0.2759238827213929  -0.0013050938373125342
0.52  -0.26766179102661  -0.001300301871443988
0.54  -0.2589203156275005  -0.0012805917366154464
0.56  -0.2497881013550949  -0.0012472699977159178
0.58  -0.24035003761406237  -0.0012017019867648665
0.6  -0.23068694260135061  -0.0011452921300219607
0.62  -0.22087525873350305  -0.0010794638619196532
0.64  -0.21098677455651907  -0.0010056417163799747
0.66  -0.20108838488106273  -0.0009252341895693804
0.68  -0.1912418930683143  -0.000839618193733899
0.7000000000000001  -0.18150386028759832  -0.000750124480222753
0.72  -0.1719255049453764  -0.0006580241450305788
0.74  -0.16255265182335948  -0.0005645181814267681
0.76  -0.15342573432813597  -0.00047073141720461645
0.78  -0.1445798487211599  -0.0003777064981695356
0.8  -0.13604485397633703  -0.00028639729731107255
0.8200000000000001  -0.12784551475089495  -0.00019766515023295693
0.84  -0.12000168522942756  -0.0001122771172262881
0.86  -0.11252852934397384  -3.090522426488221e-05
0.88  -0.10543677169758486  4.587378216707434e-05
0.9  -0.09873297418770081  0.00011757692099806372
0.92  -0.0924198341444975  0.0001838122687140118
0.9400000000000001  -0.08649649898400891  0.00024427604655049325
0.96  -0.08095889303020326  0.00029874944456959474
0.98  -0.07580005080102001  0.0003470943976102895
1.0  -0.07101045114397368  0.00038924797223704826
1.02  -0.06657835089223973  0.00042521705262222947
1.04  -0.062490113746052935  0.00045507335508174066
1.06  -0.058730529737948116  0.000478948024902681
1.08  -0.05528312270277154  0.0004970257646047289
1.1  -0.052130443221252515  0.0005095389592893395
1.12  -0.04925434473676548  0.000516761830880565
1.1400000000000001  -0.04663624110392796  0.0005190043575484957
1.16  -0.04425734409942892  0.0005166059828465949
1.18  -0.04209887994927571  0.0005099294888979338
1.2  -0.04014228424190784  0.0004993553760814264
1.22  -0.03836937468460323  0.0004852766198040807
1.24  -0.03676250150284203  0.00046809362076985435
1.26  -0.03530467571388845  0.0004482093778501123
1.28  -0.033979675911498884  0.0004260249539547389
1.3  -0.03277213436459453  0.000401935301405782
1.32  -0.03166760328740782  0.00037632548498608
1.34  -0.030652602373931016  0.0003495672760315284
1.36  -0.02971464907956938  0.00032201611320172024
1.3800000000000001  -0.028842272945434348  0.0002940084918659464
1.4000000000000001  -0.028025015300928366  0.0002658597188624041
1.42  -0.027253416261427056  0.0002378619407775204
1.44  -0.02651899063442198  0.000210282564445135
1.46  -0.025814194267349804  0.00018336311764851173
1.48  -0.025132382420215933  0.00015731850533442826
1.5  -0.024467761513348323  0.00013233669481989974
1.52  -0.02381533565186692  0.00010857898224832485
1.54  -0.023170849535168413  8.61806427223726e-05
1.56  -0.02253072924036129  6.525151873260863e-05
1.58  -0.02189202204322919  4.587658915724695e-05
1.6  -0.021252336281519506  2.811683294207172e-05
1.62  -0.020609782212100802  1.2010447978213568e-05
1.6400000000000001  -0.019962914728879705  -2.4256831828993225e-06
1.6600000000000001  -0.019310678692608788  -1.5194369508351546e-05
1.68  -0.018652357491422317  -2.6316382395521955e-05
1.7  -0.017987525313446436  -3.582865532606187e-05
1.72  -0.01731600348751802  -4.3782436122894385e-05
1.74  -0.016637821119770954  -5.0241411770718186e-05
1.76  -0.015953180111402628  -5.5279832390136186e-05
1.78  -0.015262424558463623  -5.8980662357460906e-05
1.8  -0.014566014466691365  -6.143377554112726e-05
1.82  -0.013864503611600472  -6.273421346389435e-05
1.84  -0.013158521297953007  -6.298052719494321e-05
1.86  -0.012448757715002715  -6.227322244594535e-05
1.8800000000000001  -0.011735952543183955  -6.071332305959638e-05
1.9000000000000001  -0.011020886436694225  -5.8401062901771654e-05
1.92  -0.010304374982875756  -5.543471318584641e-05
1.94  -0.009587264725796529  -5.1909550770199244e-05
1.96  -0.008870430838074523  -4.79169726812081e-05
1.98  -0.008154776032884122  -4.3543761444642364e-05
2.0  -0.007441230324915262  -3.887150378851958e-05
2.02  -0.006730751271626078  -3.3976161506512714e-05
2.04  -0.006024324352680053  -2.892778700738384e-05
2.06  -0.005322963172011477  -2.3790350844130753e-05
2.08  -0.004627709183039139  -1.8621585116045103e-05
2.1  -0.003939630635253056  -1.3472805992329297e-05
2.12  -0.003259820543446962  -8.388975184332064e-06
2.14  -0.002589393728633288  -3.4090700855784616e-06
2.16  -0.0019294828766498037  1.4335263691264656e-06
2.18  -0.0012812334648080285  6.1106823806883395e-06
2.2  -0.0006457975404149108  1.0599151293502274e-05
2.22  -2.4326413326015636e-05  1.4880164499530744e-05
2.24  0.0005820376462092147  1.893899885761568e-05
2.2600000000000002  0.0011721705875240868  2.2764537849773007e-05
2.2800000000000002  0.0017449764941882048  2.6348840779938495e-05
2.3000000000000003  0.0022993980659702417  2.9686728199383348e-05
2.32  0.002834427480390425  3.277538578677104e-05
2.34  0.0033491174308633393  3.561398380064749e-05
2.36  0.003842592129155441  3.820330715032606e-05
2.38  0.004314058056464423  4.054539480956179e-05
2.4  0.004762814249139847  4.264319608786142e-05
2.42  0.005188261910791578  4.450025959689042e-05
2.44  0.005589913152344878  4.612047154200984e-05
2.46  0.005967398675810552  4.750785259306409e-05
2.48  0.006320474236467338  4.866641329219468e-05
2.5  0.0066490257420488055  4.960006269325837e-05
2.52  0.006953072876082826  5.031256382958128e-05
2.54  0.007232771163979069  5.080752979958066e-05
2.56  0.007488412431662919  5.108845490337438e-05
2.58  0.007720423633645831  5.115877662901098e-05
2.6  0.007929364051713688  5.1021963192893064e-05
2.62  0.008115920893291623  5.0681617534252424e-05
2.64  0.008280903348143444  5.0141589663158436e-05
2.66  0.008425235187091026  4.9406093866280736e-05
2.68  0.008549946008991133  4.847982916669893e-05
2.7  0.008656161263151564  4.736810048966032e-05
2.72  0.008745091191986932  4.6076937308530417e-05
2.74  0.008818018853141298  4.4613206397288354e-05
2.7600000000000002  0.00887628739234977  4.2984714817255714e-05
2.7800000000000002  0.008921286748229012  4.120029820821775e-05
2.8000000000000003  0.008954439977241605  3.926988944088263e-05
2.82  0.008977189390615035  3.7204564171123384e-05
2.84  0.008990982694544127  3.501656138349808e-05
2.86  0.008997259320757024  3.271927795089251e-05
2.88  0.008997437127101191  3.03272366411403e-05
2.9  0.00899289963753182  2.7856027416687612e-05
2.92  0.008984983978281543  2.5322222435586645e-05
2.94  0.00897496965250704  2.2743266045124715e-05
2.96  0.008964068279574747  2.0137341757432345e-05
2.98  0.00895341440783436  1.752321868156838e-05
3.0  0.00894405749106597  1.4920079908479762e-05
3.02  0.00893695509925707  1.2347335283073829e-05
3.04  0.008932967414056327  9.824420950463688e-06
3.06  0.008932853038769693  7.370588317061333e-06
3.08  0.008937266132553967  5.004685451323327e-06
3.1  0.008946754858805629  2.7449345494482986e-06
3.12  0.008961761118999996  6.087094834800275e-07
3.14  0.00898262152565325  -1.3876822568297453e-06
3.16  0.009009569551919831  -3.229208859886518e-06
3.18  0.009042738780855927  -4.902310491661612e-06
3.2  0.009082167164753716  -6.395078595221879e-06
3.22  0.009127802194251616  -7.697414446854525e-06
3.24  0.009179506868137925  -8.801163627212541e-06
3.2600000000000002  0.00923706634795845  -9.700223471406763e-06
3.2800000000000002  0.009300195176608368  -1.0390621215362612e-05
3.3000000000000003  0.0093685449372682  -1.0870561333480846e-05
3.3200000000000003  0.009441712228331851  -1.1140441521965017e-05
3.34  0.009519246831426884  -1.1202837660383852e-05
3.36  0.009600659953308636  -1.1062458878526482e-05
3.38  0.009685432428033248  -1.072607437231475e-05
3.4  0.009773022773096305  -1.0202413946434267e-05
3.42  0.009862875001842332  -9.502044356796168e-06
3.44  0.009954426103976444  -8.637223593733296e-06
3.46  0.010047113116247255  -7.6217352208659325e-06
3.48  0.010140379716165023  -6.4707050178986186e-06
3.5  0.010233682282702083  -5.200402296066703e-06
3.52  0.01032649537939711  -3.828028626913439e-06
3.54  0.010418316626752123  -2.371497091086265e-06
3.56  0.010508670942138074  -8.49205462872388e-07
3.58  0.01059711413634009  7.201930826300235e-07
3.6  0.010683235866126696  2.3180182887897675e-06
3.62  0.01076666195189791  3.925786915420142e-06
3.64  0.010847056078406775  5.525429610240217e-06
3.66  0.01092412090464431  7.0994977717286694e-06
3.68  0.01099759861613478  8.631357786560788e-06
3.7  0.011067270959028555  1.0105370231572016e-05
3.72  0.011132958800361168  1.1507051883065562e-05
3.74  0.01119452126274553  1.282321866907625e-05
3.7600000000000002  0.011251854484493404  1.4042108043347678e-05
3.7800000000000002  0.011304890057839863  1.515347959508349e-05
3.8000000000000003  0.011353593198517486  1.6148693136249143e-05
3.8200000000000003  0.011397960699567765  1.7020763837709686e-05
3.84  0.011438018720945742  1.7764394329330448e-05
3.86  0.011473820464326727  1.8375984035165038e-05
3.88  0.011505443779605816  1.885361631335982e-05
3.9  0.011532988746030377  1.9197024266128047e-05
3.92  0.011556575266815604  1.9407536357776646e-05
3.94  0.011576340711591967  1.9488003243141663e-05
3.96  0.011592437636271775  1.9442707426087864e-05
3.98  0.011605031604947046  1.927725753912788e-05
4.0  0.011614299133481066  1.8998469235985025e-05
4.0200000000000005  0.011620425769485061  1.8614234780480778e-05
4.04  0.011623604318633051  1.8133383508533996e-05
4.0600000000000005  0.011624033222709183  1.756553537696898e-05
4.08  0.011621915090526604  1.6920949828733644e-05
4.1  0.01161745537889279  1.621037208790672e-05
4.12  0.011610861217228624  1.544487900462455e-05
4.14  0.011602340366262232  1.4635726415291727e-05
4.16  0.011592100298638788  1.379419992678701e-05
4.18  0.01158034738726526  1.2931470964727275e-05
4.2  0.011567286185922454  1.2058459822794382e-05
4.22  0.01155311878598753  1.1185707431132861e-05
4.24  0.011538044233045911  1.032325740520795e-05
4.26  0.011522257987582234  9.480549808219972e-06
4.28  0.011505951414790841  8.666327785707324e-06
4.3  0.011489311289762952  7.8885579880928e-06
4.32  0.011472519305883683  7.154365350439131e-06
4.34  0.011455751576090101  6.469982529686837e-06
4.36  0.011439178118749883  5.840714009542475e-06
4.38  0.01142296232219718  5.270914642179847e-06
4.4  0.011407260384340473  4.763982175846426e-06
4.42  0.011392220726244295  4.322363137999668e-06
4.44  0.011377983381002384  3.947571256281883e-06
4.46  0.01136467936162841  3.640217554391398e-06
4.48  0.011352430013977694  3.400051172082225e-06
4.5  0.011341346362760995  3.226009988189745e-06
4.5200000000000005  0.011331528460509842  3.1162800436687578e-06
4.54  0.011323064750703871  3.068362420946937e-06
4.5600000000000005  0.011316031457539483  3.0791460552032123e-06
4.58  0.01131049201588508  3.1449850960908634e-06
4.6000000000000005  0.01130649655548972  3.261779757568039e-06
4.62  0.011304081453681962  3.4250595746156826e-06
4.64  0.011303268970586394  3.6300677616345916e-06
4.66  0.01130406698035957  3.871845070957619e-06
4.68  0.011306468811112812  4.145311266458675e-06
4.7  0.011310453204990955  4.445342051110257e-06
4.72  0.011315984408219796  4.766839219358138e-06
4.74  0.011323012398825091  5.104792358923019e-06
4.76  0.01133147325696748  5.4543320143722726e-06
4.78  0.011341289679589805  5.810776830001937e-06
4.8  0.01135237163769882  6.1696800036085855e-06
4.82  0.01136461717200244  6.52688123270001e-06
4.84  0.011377913321259914  6.87856748917315e-06
4.86  0.01139213717752803  7.221339768741805e-06
4.88  0.0114071570623268  7.552276744442004e-06
4.9  0.011422833816370801  7.868983870215022e-06
4.92  0.011439022192550781  8.169619084387632e-06
4.94  0.011455572338142147  8.452891843994806e-06
4.96  0.011472331348767743  8.718037550825791e-06
4.98  0.0114891448742871  8.96477267117241e-06
5.0  0.01150585875550038  9.193236719690838e-06
5.0200000000000005  0.01152232067019306  9.403926757170847e-06
5.04  0.011538381767045906  9.597628923581748e-06
5.0600000000000005  0.011553898266262484  9.775350337770466e-06
5.08  0.01156873300618155  9.938253792005937e-06
5.1000000000000005  0.01158275691575846  1.0087596939849534e-05
5.12  0.011595850393535318  1.0224677183595416e-05
5.14  0.011607904574795325  1.0350783118041776e-05
5.16  0.011618822469894902  1.046715304362292e-05
5.18  0.011628519958442114  1.0574940822618661e-05
5.2  0.011636926625981356  1.0675189095194827e-05
5.22  0.011643986432114065  1.0768809645569748e-05
5.24  0.011649658201501129  1.0856570506808847e-05
5.26  0.011653915931860204  1.0939089293287674e-05
5.28  0.011656748915765397  1.1016832125065499e-05
5.3  0.011658161675796638  1.1090117521912507e-05
5.32  0.011658173715232497  1.1159124602065922e-05
5.34  0.011656819089063037  1.1223904938699372e-05
5.36  0.011654145802567455  1.1284397488073078e-05
5.38  0.011650215046990993  1.1340445950525134e-05
5.4  0.011645100284051805  1.1391818009604904e-05
5.42  0.01163888619290776  1.1438225861454872e-05
5.44  0.011631667495026903  1.147934745602809e-05
5.46  0.0116235476738383  1.1514847914371215e-05
5.48  0.011614637607330804  1.1544400570541631e-05
5.5  0.011605054132718878  1.1567707139531209e-05
5.5200000000000005  0.011594918562960958  1.1584516521892724e-05
5.54  0.011584355175303138  1.1594641840876317e-05
5.5600000000000005  0.011573489692082255  1.1597975334231691e-05
5.58  0.011562447773820466  1.1594500840274335e-05
5.6000000000000005  0.011551353544106184  1.158430367822203e-05
5.62  0.011540328165005692  1.1567577852437483e-05
5.64  0.011529488480722732  1.1544630603073716e-05
5.66  0.01151894574600253  1.1515884459119903e-05
5.68  0.011508804454363673  1.1481876977046898e-05
5.7  0.011499161279632027  1.144325840811525e-05
5.72  0.011490104142512468  1.1400787422434391e-05
5.74  0.011481711411884407  1.1355324921286493e-05
5.76  0.011474051248379715  1.1307825790019758e-05
5.78  0.011467181095459984  1.1259328341581742e-05
5.8  0.011461147320848013  1.1210941266495082e-05
5.82  0.011455985008918212  1.1163828082115046e-05
5.84  0.011451717902441812  1.1119189318400393e-05
5.86  0.01144835849013582  1.107824287211324e-05
5.88  0.011445908234584568  1.1042203124299289e-05
5.9  0.011444357933415429  1.101225938743034e-05
5.92  0.011443688204999785  1.0989554301274029e-05
5.94  0.011443870088550105  1.0975162708686946e-05
5.96  0.011444865747147735  1.0970071522509227e-05
5.98  0.011446629261161932  1.097516106395469e-05
6.0  0.011449107498572461  1.09911882725974e-05
6.0200000000000005  0.011452241048032849  1.1018772152776731e-05
6.04  0.0114559652000305  1.1058381754809718e-05
6.0600000000000005  0.011460210961308379  1.1110326910185439e-05
6.08  0.011464906087682088  1.1174751890268171e-05
6.1000000000000005  0.011469976120667164  1.125163206833668e-05
6.12  0.011475345413731066  1.134077362338696e-05
6.140000000000001  0.011480938134628062  1.144181626622215e-05
6.16  0.011486679231115543  1.1554238878612032e-05
6.18  0.011492495348296397  1.1677367958052947e-05
6.2  0.011498315686958166  1.181038866411322e-05
6.22  0.011504072793528596  1.195235822521411e-05
6.24  0.0115097032735966  1.2102221434235911e-05
6.26  0.011515148422342733  1.225882789368624e-05
6.28  0.011520354766684648  1.242095061977183e-05
6.3  0.011525274515385115  1.2587305573710046e-05
6.32  0.01152986591480347  1.275657162914018e-05
6.34  0.011534093509323048  1.2927410436926016e-05
6.36  0.011537928306749226  1.3098485680071155e-05
6.38  0.011541347850136864  1.3268481278482327e-05
6.4  0.011544336198584155  1.3436118366788401e-05
6.42  0.011546883820734134  1.3600171164948052e-05
6.44  0.011548987406043168  1.3759482133750148e-05
6.46  0.011550649600351015  1.3912976772375153e-05
6.48  0.01155187867353627  1.4059677997103578e-05
6.5  0.01155268812780295  1.4198719560385657e-05
6.5200000000000005  0.011553096255371344  1.4329357626589303e-05
6.54  0.011553125654303657  1.4450979651317694e-05
6.5600000000000005  0.011552802711040786  1.4563109976976462e-05
6.58  0.011552157058176433  1.4665411869937484e-05
6.6000000000000005  0.011551221015905715  1.475768601966914e-05
6.62  0.011550029025484054  1.4839865728092348e-05
6.640000000000001  0.01154861708284333  1.4912009130892395e-05
6.66  0.011547022180171944  1.4974288869597414e-05
6.68  0.011545281762837003  1.5026979674382377e-05
6.7  0.011543433208519648  1.5070444341446995e-05
6.72  0.01154151333479048  1.5105118582134304e-05
6.74  0.011539557940662276  1.5131495223583862e-05
6.76  0.01153760138693293  1.5150108182951057e-05
6.78  0.011535676219317025  1.5161516668083018e-05
6.8  0.011533812837565511  1.516628995853564e-05
6.82  0.011532039212919655  1.516499312498792e-05
6.84  0.011530380655440643  1.5158173967836698e-05
6.86  0.011528859631907609  1.5146351438213282e-05
6.88  0.011527495634212757  1.5130005750098557e-05
6.9  0.01152630509741965  1.5109570331320603e-05
6.92  0.011525301365943375  1.5085425738149401e-05
6.94  0.011524494705679556  1.5057895598140207e-05
6.96  0.011523892359321202  1.5027244595062713e-05
6.98  0.011523498641610952  1.4993678479374446e-05
7.0  0.011523315070833878  1.4957346034383723e-05
7.0200000000000005  0.011523340532512765  1.491834288068635e-05
7.04  0.011523571471003915  1.4876716967608151e-05
7.0600000000000005  0.011524002104476466  1.4832475534926808e-05
7.08  0.011524624658682214  1.4785593335513712e-05
7.1000000000000005  0.011525429614868347  1.4736021834536731e-05
7.12  0.011526405967198144  1.4683699068848309e-05
7.140000000000001  0.011527541485202328  1.4628559893467997e-05
7.16  0.011528822976914103  1.4570546272283204e-05
7.18  0.011530236548580161  1.4509617313358152e-05
7.2  0.011531767857123884  1.4445758769392073e-05
7.22  0.011533402351873986  1.4378991723804318e-05
7.24  0.011535125502411231  1.4309380235309223e-05
7.26  0.011536923009825287  1.4237037722183456e-05
7.28  0.011538780999023763  1.416213194305524e-05
7.3  0.011540686190249432  1.4084888392999013e-05
7.32  0.011542626048329601  1.4005592059595888e-05
7.34  0.011544588908648913  1.392458745062521e-05
7.36  0.011546564079281273  1.3842276885006534e-05
7.38  0.011548541919104677  1.3759117069102312e-05
7.4  0.01155051389215648  1.3675614018890793e-05
7.42  0.01155247259886047  1.359231643611455e-05
7.44  0.011554411785094663  1.3509807673475012e-05
7.46  0.01155632633043844  1.3428696456635751e-05
7.48  0.011558212217194493  1.3349606590604037e-05
7.5  0.011560066482037654  1.3273165852746311e-05
7.5200000000000005  0.011561887152397698  1.319999433418474e-05
7.54  0.011563673169804797  1.3130692488712563e-05
7.5600000000000005  0.011565424302565644  1.3065829161376912e-05
7.58  0.011567141050221299  1.3005929856522687e-05
7.6000000000000005  0.011568824542221  1.2951465495997792e-05
7.62  0.011570476433241484  1.2902841935159143e-05
7.640000000000001  0.011572098797465544  1.2860390448605151e-05
7.66  0.011573694024007281  1.2824359372820386e-05
7.68  0.011575264715492525  1.2794907092664111e-05
7.7  0.011576813591593838  1.2772096504427908e-05
7.72  0.011578343399084047  1.2755891067437266e-05
7.74  0.011579856829733483  1.2746152517336491e-05
7.76  0.011581356447091736  1.2742640296418745e-05
7.78  0.011582844623006723  1.274501271991685e-05
7.8  0.01158432348441093  1.2752829868962708e-05
7.82  0.011585794870726359  1.276555816732527e-05
7.84  0.011587260301989541  1.2782576580708173e-05
7.86  0.011588720957594185  1.2803184332619134e-05
7.88  0.011590177665361278  1.2826610004309776e-05
7.9  0.011591630900466431  1.2852021875366852e-05
7.92  0.011593080793595716  1.287853929894954e-05
7.94  0.011594527147583257  1.2905244926010963e-05
7.96  0.01159596946163764  1.2931197541894452e-05
7.98  0.01159740696218519  1.2955445289389983e-05
8.0  0.01159883863928948  1.2977039042940276e-05
8.02  0.011600263287498622  1.2995045699709933e-05
8.040000000000001  0.011601679550018108  1.3008561194367244e-05
8.06  0.011603085965014798  1.3016722995234128e-05
8.08  0.011604481012948475  1.3018721923180906e-05
8.1  0.011605863163800197  1.3013813103441598e-05
8.120000000000001  0.011607230923139592  1.3001325910916154e-05
8.14  0.011608582876064437  1.2980672774565497e-05
8.16  0.011609917728108628  1.2951356741822747e-05
8.18  0.011611234342306681  1.291297773029057e-05
8.2  0.01161253177176854  1.2865237413128795e-05
8.22  0.011613809287172875  1.2807942711741882e-05
8.24  0.011615066398760017  1.2741007899975032e-05
8.26  0.011616302872519774  1.2664455327407735e-05
8.28  0.011617518740409925  1.2578414808805808e-05
8.3  0.01161871430454606  1.2483121726264955e-05
8.32  0.011619890135463978  1.237891391059966e-05
8.34  0.011621047064639931  1.2266227375530819e-05
8.36  0.01162218617158068  1.2145591001481288e-05
8.38  0.01162330876588244  1.2017620240491959e-05
8.4  0.011624416364756224  1.1883009953215682e-05
8.42  0.011625510666545403  1.1742526465640583e-05
8.44  0.011626593520896171  1.159699895281473e-05
8.46  0.011627666896193486  1.1447310248017585e-05
8.48  0.011628732844981702  1.129438719466979e-05
8.5  0.01162979346805319  1.1139190654431766e-05
8.52  0.011630850877924103  1.0982705289207717e-05
8.540000000000001  0.011631907162402779  1.0825929260628955e-05
8.56  0.011632964348928364  1.0669863974116902e-05
8.58  0.011634024370337094  1.0515504012551208e-05
8.6  0.011635089032661219  1.0363827389978303e-05
8.620000000000001  0.01163615998552573  1.0215786252315909e-05
8.64  0.011637238695631248  1.0072298123643632e-05
8.66  0.011638326423771248  9.934237781829942e-06
8.68  0.011639424205730739  9.802429827717037e-06
8.700000000000001  0.011640532837315563  9.677641965341599e-06
8.72  0.01164165286364011  9.560579005270741e-06
8.74  0.011642784572659153  9.451877621226832e-06
8.76  0.011643927992856289  9.352101889610045e-06
8.78  0.011645082894940227  9.261739650838886e-06
8.8  0.011646248797345701  9.181199730658965e-06
8.82  0.011647424975311177  9.110810060422819e-06
8.84  0.011648610473256046  9.050816694130485e-06
8.86  0.01164980412013825  9.001383716746437e-06
8.88  0.01165100454743227  8.962594023889756e-06
8.9  0.011652210209342883  8.934450925103022e-06
8.92  0.011653419404808267  8.916880517431734e-06
8.94  0.011654630300897481  8.909734786992785e-06
8.96  0.011655840957128535  8.912795373007337e-06
8.98  0.011657049350309829  8.92577793137325e-06
9.0  0.0116582533994596  8.948337037259534e-06
9.02  0.011659450990437019  8.980071572036342e-06
9.040000000000001  0.011660639999910294  9.020530520657182e-06
9.06  0.011661818318351195  9.069219148449608e-06
9.08  0.01166298387175423  9.125605481136818e-06
9.1  0.011664134641871111  9.189127053516142e-06
9.120000000000001  0.011665268684742115  9.259197877209532e-06
9.14  0.011666384147407042  9.335215579201535e-06
9.16  0.011667479282687972  9.416568669065985e-06
9.18  0.011668552461987341  9.502643894770827e-06
9.200000000000001  0.01166960218611426  9.592833624879845e-06
9.22  0.011670627094126133  9.686543216224893e-06
9.24  0.011671625970278161  9.783198296323234e-06
9.26  0.011672597749112557  9.882251906881e-06
9.28  0.01167354151880607  9.983191429851872e-06
9.3  0.011674456522852228  1.0085545215185183e-05
9.32  0.01167534216019536  1.0188888844684762e-05
9.34  0.011676197983907448  1.0292850931267197e-05
9.36  0.011677023698500665  1.0397118315082492e-05
9.38  0.01167781915599423  1.0501440513053931e-05
9.4  0.011678584350863785  1.0605633293314881e-05
9.42  0.011679319414014726  1.070958124371605e-05
9.44  0.011680024605930327  1.0813239262524323e-05
9.46  0.011680700309120497  1.0916632912724212e-05
9.48  0.01168134701998944  1.1019857603786242e-05
9.5  0.011681965340254116  1.1123076617437202e-05
9.52  0.011682555968037625  1.122651805935364e-05
9.540000000000001  0.011683119688707548  1.1330470779279751e-05
9.56  0.011683657365552276  1.143527932044835e-05
9.58  0.011684169930310294  1.1541337898250128e-05
9.6  0.011684658373620505  1.1649083428352032e-05
9.620000000000001  0.011685123735401664  1.175898764595477e-05
9.64  0.011685567095203783  1.187154844022319e-05
9.66  0.01168598956256057  1.1987280555928457e-05
9.68  0.011686392267389045  1.2106705869270487e-05
9.700000000000001  0.011686776350426063  1.2230343444498816e-05
9.72  0.011687142953780157  1.2358699558777354e-05
9.74  0.011687493211623672  1.2492257877645143e-05
9.76  0.011687828241089167  1.2631469961151302e-05
9.78  0.011688149133440802  1.277674621596558e-05
9.8  0.01168845694559927  1.2928447449665314e-05
9.82  0.011688752692099826  1.3086877127381242e-05
9.84  0.011689037337562078  1.325227444373857e-05
9.86  0.011689311789749848  1.3424808291457528e-05
9.88  0.011689576893282795  1.3604572223035517e-05
9.9  0.011689833424082738  1.3791580439364139e-05
9.92  0.011690082084587881  1.3985764884335552e-05
9.94  0.011690323499794795  1.4186973475405228e-05
9.96  0.011690558214159093  1.4394969483191031e-05
9.98  0.011690786689388173  1.4609432093736071e-05
10.0  0.011691009303120607  1.482995812127053e-05
10.02  0.011691226348517644  1.5056064869962212e-05
10.040000000000001  0.011691438034745816  1.5287194118798135e-05
10.06  0.0116916444883524  1.5522717155138136e-05
10.08  0.011691845755488147  1.5761940831432117e-05
10.1  0.011692041804949574  1.600411454207132e-05
10.120000000000001  0.011692232532007234  1.624843806327642e-05
10.14  0.011692417762942584  1.6494070124536205e-05
10.16  0.011692597260251503  1.674013763866989e-05
10.18  0.011692770728431053  1.6985745437906295e-05
10.200000000000001  0.011692937820277603  1.7229986407939657e-05
10.22  0.011693098143616344  1.7471951880004095e-05
10.24  0.011693251268372624  1.7710742126204556e-05
10.26  0.011693396733902572  1.7945476837776355e-05
10.28  0.01169353405647849  1.817530542583723e-05
10.3  0.011693662736848461  1.8399417004268082e-05
10.32  0.011693782267775628  1.861704991557798e-05
10.34  0.011693892141458544  1.882750067427495e-05
10.36  0.011693991856753263  1.9030132190654215e-05
10.38  0.011694080926107176  1.922438116256297e-05
10.4  0.01169415888213584  1.9409764539193093e-05
10.42  0.011694225283749162  1.958588495876146e-05
10.44  0.011694279721790015  1.9752435089296944e-05
10.46  0.011694321824109266  1.9909200805269956e-05
10.48  0.01169435126003187  2.0056063173952627e-05
10.5  0.011694367744191416  2.0192999212461076e-05
10.52  0.011694371039675446  2.032008141801008e-05
10.540000000000001  0.011694360960490698  2.043747607302632e-05
10.56  0.01169433737332094  2.0545440366751108e-05
10.58  0.011694300198587741  2.0644318365523452e-05
10.6  0.011694249410823993  2.073453591086669e-05
10.620000000000001  0.011694185038375837  2.0816594496806166e-05
10.64  0.01169410716246827  2.0891064254468107e-05
10.66  0.01169401591566964  2.095857611190678e-05
10.68  0.011693911479803655  2.101981328140771e-05
10.700000000000001  0.011693794083350528  2.1075502175622223e-05
10.72  0.01169366399841023  2.1126402890894367e-05
10.74  0.011693521537272052  2.1173299410873897e-05
10.76  0.01169336704866992  2.1216989650310765e-05
10.78  0.011693200913783966  2.125827549634456e-05
10.8  0.01169302354205106  2.1297952976797013e-05
10.82  0.011692835366861042  2.1336802699187013e-05
10.84  0.011692636841199503  2.1375580676181365e-05
10.86  0.01169242843329612  2.141500967141552e-05
10.88  0.011692210622350187  2.145577116389422e-05
10.9  0.011691983894375474  2.1498498042880107e-05
10.92  0.011691748738217642  2.154376810479722e-05
10.94  0.011691505641784105  2.159209843767535e-05
10.96  0.011691255088520511  2.164394074700228e-05
10.98  0.011690997554159668  2.1699677660245488e-05
11.0  0.01169073350376476  2.175962005161752e-05
11.02  0.011690463389065821  2.182400537764596e-05
11.040000000000001  0.01169018764612001  2.1892997040445078e-05
11.06  0.011689906693266899  2.1966684737698508e-05
11.08  0.0116896209294076  2.204508578724574e-05
11.1  0.011689330732575158  2.2128147356689407e-05
11.120000000000001  0.011689036458792209  2.2215749558687976e-05
11.14  0.011688738441213077  2.2307709324401626e-05
11.16  0.011688436989524771  2.2403784985889925e-05
11.18  0.01168813238959191  2.2503681478417044e-05
11.200000000000001  0.011687824903335128  2.260705606581617e-05
11.22  0.011687514768809089  2.2713524490317765e-05
11.24  0.011687202200487707  2.282266745163219e-05
11.26  0.01168688738971132  2.2934037301391855e-05
11.28  0.011686570505295816  2.30471648645041e-05
11.3  0.0116862516942857  2.316156627752325e-05
11.32  0.011685931082824964  2.3276749739325282e-05
11.34  0.011685608777142618  2.3392222099623044e-05
11.36  0.011685284864641484  2.350749517911774e-05
11.38  0.011684959415065987  2.3622091752435346e-05
11.4  0.01168463248174587  2.3735551120129448e-05
11.42  0.011684304102906972  2.3847434199467847e-05
11.44  0.011683974303036995  2.3957328083571068e-05
11.46  0.011683643094302233  2.4064850028336258e-05
11.48  0.011683310478003472  2.4169650832798833e-05
11.5  0.011682976446059676  2.4271417581610538e-05
11.52  0.011682640982527841  2.43698757410656e-05
11.540000000000001  0.011682304065138961  2.4464790620329596e-05
11.56  0.01168196566683859  2.4555968177941354e-05
11.58  0.011681625757346822  2.464325521126144e-05
11.6  0.011681284304702895  2.4726538949832225e-05
11.620000000000001  0.011680941276810033  2.4805746083324167e-05
11.64  0.011680596642951666  2.4880841265213164e-05
11.66  0.011680250375285339  2.4951825148045105e-05
11.68  0.011679902450296946  2.501873198310897e-05
11.700000000000001  0.011679552850203074  2.5081626871896012e-05
11.72  0.011679201564299926  2.514060269216071e-05
11.74  0.011678848590235151  2.519577679438201e-05
11.76  0.011678493935204369  2.5247287512812058e-05
11.78  0.011678137617051127  2.5295290556373714e-05
11.8  0.011677779665262851  2.533995534761892e-05
11.82  0.011677420121850628  2.5381461362821854e-05
11.84  0.011677059042109231  2.5419994530790887e-05
11.86  0.0116766964952386  2.5455743756610952e-05
11.88  0.011676332564831077  2.548889759393494e-05
11.9  0.011675967349192587  2.5519641132935476e-05
11.92  0.01167560096152659  2.554815313353349e-05
11.94  0.011675233529950445  2.5574603435676965e-05
11.96  0.01167486519735228  2.559915066942416e-05
11.98  0.011674496121085466  2.562194029955136e-05
12.0  0.01167412647250667  2.5643103002303462e-05
12.02  0.011673756436357315  2.566275338517274e-05
12.040000000000001  0.011673386209989044  2.568098906493107e-05
12.06  0.011673016002453924  2.5697890074199547e-05
12.08  0.011672646033458137  2.5713518619800496e-05
12.1  0.011672276532196667  2.5727919139733203e-05
12.120000000000001  0.011671907736075357  2.5741118680389812e-05
12.14  0.011671539889348681  2.5753127526770877e-05
12.16  0.011671173241673634  2.576394010409016e-05
12.18  0.011670808046608583  2.577353608172961e-05
12.200000000000001  0.011670444560068702  2.5781881677527918e-05
12.22  0.011670083038765551  2.5788931103294243e-05
12.24  0.011669723738641568  2.579462814144461e-05
12.26  0.011669366913320179  2.579890780460021e-05
12.280000000000001  0.011669012812598224  2.5801698042229046e-05
12.3  0.011668661680986077  2.580292146943489e-05
12.32  0.011668313756335221  2.5802497081816092e-05
12.34  0.011667969268538398  2.580034193061997e-05
12.36  0.011667628438351195  2.579637271951196e-05
12.38  0.011667291476322193  2.5790507313665776e-05
12.4  0.01166695858185848  2.578266612979018e-05
12.42  0.011666629942431443  2.5772773391823643e-05
12.44  0.011666305732932987  2.5760758238666567e-05
12.46  0.01166598611518143  2.574655566933362e-05
12.48  0.01166567123758398  2.573010732736928e-05
12.5  0.011665361234961768  2.5711362107811494e-05
12.52  0.011665056228531971  2.5690276599483802e-05
12.540000000000001  0.01166475632603306  2.5666815362931667e-05
12.56  0.011664461622010985  2.5640951047517003e-05
12.58  0.011664172198245788  2.561266436611865e-05
12.6  0.011663888124312693  2.55819439343467e-05
12.620000000000001  0.011663609458271215  2.5548785992519083e-05
12.64  0.01166333624748269  2.551319402697489e-05
12.66  0.011663068529531664  2.547517830034878e-05
12.68  0.011662806333265894  2.5434755307746537e-05
12.700000000000001  0.011662549679921358  2.5391947176514075e-05
12.72  0.011662298584343339  2.534678101492508e-05
12.74  0.011662053056268858  2.529928820460607e-05
12.76  0.011661813101674681  2.52495036630334e-05
12.780000000000001  0.011661578724142661  2.5197465072703137e-05
12.8  0.011661349926226337  2.514321208494215e-05
12.82  0.011661126710778704  2.5086785525556504e-05
12.84  0.01166090908220297  2.5028226599556086e-05
12.86  0.011660697047584384  2.4967576159593647e-05
12.88  0.011660490617669474  2.490487402015103e-05
12.9  0.011660289807666223  2.4840158396132513e-05
12.92  0.011660094637846247  2.4773465437150425e-05
12.94  0.011659905133935038  2.4704828918206657e-05
12.96  0.011659721327294894  2.4634280069963526e-05
12.98  0.011659543254911532  2.4561847553207343e-05
13.0  0.011659370959202449  2.4487557582573006e-05
13.02  0.011659204487664377  2.4411434148862647e-05
13.040000000000001  0.011659043892372711  2.4333499371378476e-05
13.06  0.011658889229383716  2.4253773907268036e-05
13.08  0.011658740558040979  2.41722774312745e-05
13.1  0.011658597940214132  2.4089029143704627e-05
13.120000000000001  0.011658461439494335  2.400404828399198e-05
13.14  0.011658331120360266  2.3917354643768598e-05
13.16  0.01165820704733982  2.382896904268273e-05
13.18  0.011658089284172222  2.373891376409703e-05
13.200000000000001  0.011657977892989509  2.3647212933933194e-05
13.22  0.011657872933538573  2.3553892833071903e-05
13.24  0.01165777446242722  2.3458982128211838e-05
13.26  0.01165768253243683  2.336251203049176e-05
13.280000000000001  0.011657597191885895  2.3264516372179336e-05
13.3  0.011657518484055867  2.3165031602069824e-05
13.32  0.011657446446695575  2.306409669403282e-05
13.34  0.011657381111600931  2.2961752994416602e-05
13.36  0.01165732250426995  2.285804399744057e-05
13.38  0.011657270643638407  2.2753015058439552e-05
13.4  0.011657225541913212  2.2646713057244462e-05
13.42  0.011657187204482342  2.2539186021909433e-05
13.44  0.011657155629911015  2.24304827153707e-05
13.46  0.011657130810030104  2.2320652199830752e-05
13.48  0.011657112730104722  2.220974339151873e-05
13.5  0.011657101369087926  2.2097804606234506e-05
13.52  0.01165709669994551  2.198488310870022e-05
13.540000000000001  0.011657098690059594  2.1871024671315847e-05
13.56  0.01165710730169937  2.1756273144514005e-05
13.58  0.011657122492545217  2.164067005507199e-05
13.6  0.011657144216264253  2.1524254222984873e-05
13.620000000000001  0.011657172423128947  2.14070613947024e-05
13.64  0.011657207060645956  2.1289123926567e-05
13.66  0.01165724807421153  2.117047047777023e-05
13.68  0.01165729540774817  2.105112574858262e-05
13.700000000000001  0.011657349004309408  2.093111026360946e-05
13.72  0.01165740880664727  2.081044018942946e-05
13.74  0.01165747475770753  2.0689127221369078e-05
13.76  0.011657546801053997  2.0567178517073717e-05
13.780000000000001  0.011657624881192732  2.0444596711312844e-05
13.8  0.011657708943830329  2.0321379990282415e-05
13.82  0.011657798936048902  2.019752226254919e-05
13.84  0.011657894806419239  2.0073013402104468e-05
13.86  0.011657996505066884  1.9947839583800138e-05
13.88  0.011658103983698289  1.9821983723798437e-05
13.9  0.011658217195579685  1.9695425992772165e-05
13.92  0.011658336095484098  1.9568144417622853e-05
13.94  0.011658460639593235  1.944011554632979e-05
13.96  0.011658590785359007  1.9311315166437915e-05
13.98  0.011658726491320954  1.9181719056609182e-05
14.0  0.011658867716874018  1.9051303750020922e-05
14.02  0.011659014422012311  1.892004731003004e-05
14.040000000000001  0.011659166567015242  1.8787930084148677e-05
14.06  0.011659324112117469  1.8654935440090895e-05
14.08  0.011659487017140112  1.852105044825394e-05
14.1  0.011659655241116364  1.8386266519948807e-05
14.120000000000001  0.011659828741890742  1.8250579986153488e-05
14.14  0.011660007475722857  1.811399259244107e-05
14.16  0.011660191396892927  1.7976511919272115e-05
14.18  0.0116603804573189  1.7838151709368213e-05
14.200000000000001  0.011660574606182509  1.769893211741241e-05
14.22  0.011660773789596072  1.7558879838073583e-05
14.24  0.011660977950287947  1.7418028160222853e-05
14.26  0.011661187027321922  1.727641690951222e-05
14.280000000000001  0.011661400955870573  1.7134092298235978e-05
14.3  0.011661619667015698  1.6991106685772034e-05
14.32  0.011661843087607017  1.6847518250360713e-05
14.34  0.011662071140167866  1.6703390578754797e-05
14.36  0.011662303742840881  1.655879218846908e-05
14.38  0.01166254080939892  1.6413795981838012e-05
14.4  0.011662782249285353  1.6268478651392502e-05
14.42  0.011663027967713627  1.612292004345389e-05
14.44  0.011663277865803581  1.5977202489540245e-05
14.46  0.011663531840756509  1.5831410120299705e-05
14.48  0.01166378978607087  1.5685628171451687e-05
14.5  0.01166405159177802  1.5539942294124525e-05
14.52  0.011664317144713825  1.539443788798581e-05
14.540000000000001  0.011664586328797407  1.5249199448579616e-05
14.56  0.011664859025336805  1.5104309961086525e-05
14.58  0.011665135113332196  1.4959850339286605e-05
14.6  0.011665414469781137  1.4815898909465472e-05
14.620000000000001  0.01166569696998938  1.4672530963613921e-05
14.64  0.011665982487860882  1.4529818371032232e-05
14.66  0.011666270896182104  1.4387829259112207e-05
14.68  0.011666562066887397  1.4246627766117395e-05
14.700000000000001  0.01166685587130066  1.4106273869677428e-05
14.72  0.011667152180356674  1.3966823279531267e-05
14.74  0.011667450864790287  1.3828327399938395e-05
14.76  0.011667751795298737  1.3690833363662759e-05
14.780000000000001  0.011668054842677873  1.355438411938597e-05
14.8  0.011668359877927675  1.3419018586563415e-05
14.82  0.01166866677232514  1.3284771844204182e-05
14.84  0.011668975397475412  1.3151675371916578e-05
14.86  0.011669285625331711  1.3019757321002206e-05
14.88  0.011669597328193951  1.288904281425532e-05
14.9  0.011669910378690605  1.2759554254169678e-05
14.92  0.011670224649738718  1.2631311650718939e-05
14.94  0.011670540014493087  1.250433293682198e-05
14.96  0.011670856346290233  1.237863428966415e-05
14.98  0.01167117351857818  1.225423041667582e-05
15.0  0.011671491404859676  1.2131134832342471e-05
15.02  0.011671809878628257  1.2009360102751654e-05
15.040000000000001  0.011672128813321976  1.1888918055325492e-05
15.06  0.011672448082287092  1.1769819941262092e-05
15.08  0.011672767558755043  1.1652076567635332e-05
15.1  0.011673087115852836  1.1535698384399266e-05
15.120000000000001  0.011673406626626165  1.1420695514128382e-05
15.14  0.01167372596409646  1.130707775489541e-05
15.16  0.011674045001342436  1.1194854532556547e-05
15.18  0.011674363611625417  1.1084034816949526e-05
15.200000000000001  0.011674681668531677  1.0974626995722994e-05
15.22  0.011674999046156018  1.0866638729692998e-05
15.24  0.011675315619322477  1.076007678055171e-05
15.26  0.011675631263824655  1.0654946816852809e-05
15.280000000000001  0.011675945856706409  1.0551253214063298e-05
15.3  0.011676259276569012  1.04489988499507e-05
15.32  0.011676571403893573  1.0348184907874145e-05
15.34  0.011676882121393381  1.02488106875874e-05
15.36  0.01167719131437933  1.0150873441728615e-05
15.38  0.011677498871140448  1.0054368235022345e-05
15.4  0.011677804683327377  9.9592878385222e-06
15.42  0.011678108646344422  9.865622664117601e-06
15.44  0.01167841065973755  9.77336075102587e-06
15.46  0.011678710627576461  9.682487789786651e-06
15.48  0.01167900845882638  9.592987210348244e-06
15.5  0.011679304067703934  9.504840324229386e-06
15.52  0.011679597374015277  9.41802651708033e-06
15.540000000000001  0.011679888303465707  9.332523507291145e-06
15.56  0.011680176787943052  9.248307658511843e-06
15.58  0.011680462765765764  9.165354339471337e-06
15.6  0.011680746181883321  9.083638337466172e-06
15.620000000000001  0.011681026988042754  9.003134313402138e-06
15.64  0.011681305142886747  8.923817286774155e-06
15.66  0.011681580612002338  8.84566314497833e-06
15.68  0.011681853367888686  8.768649162012483e-06
15.700000000000001  0.011682123389854446  8.692754528691294e-06
15.72  0.011682390663834474  8.617960853983227e-06
15.74  0.011682655182106233  8.544252641249478e-06
15.76  0.011682916942923312  8.471617730649694e-06
15.780000000000001  0.011683175950042073  8.400047670334627e-06
15.8  0.01168343221216158  8.329538032588e-06
15.82  0.011683685742267632  8.26008863983338e-06
15.84  0.0116839365568943  8.191703699560486e-06
15.860000000000001  0.011684184675304896  8.124391849845844e-06
15.88  0.0116844301186181  8.058166095025019e-06
15.9  0.011684672908869622  7.993043654093337e-06
15.92  0.011684913068053774  7.929045690709623e-06
15.94  0.011685150617127828  7.866196973116565e-06
15.96  0.011685385575020558  7.804525431319095e-06
15.98  0.011685617957648282  7.744061649765275e-06
16.0  0.011685847776953449  7.6848383006362e-06
16.02  0.01168607503998709  7.6268895235122466e-06
16.04  0.011686299748039902  7.570250284382992e-06
16.06  0.01168652189585214  7.5149557116433656e-06
16.080000000000002  0.011686741470897582  7.4610404418932715e-06
16.1  0.011686958452765727  7.408537974395589e-06
16.12  0.011687172812652564  7.357480060182461e-06
16.14  0.011687384512972358  7.307896130771927e-06
16.16  0.011687593507095785  7.259812781976616e-06
16.18  0.011687799739227315  7.213253317941602e-06
16.2  0.011688003144426105  7.1682373558643975e-06
16.22  0.011688203648768814  7.124780510217501e-06
16.240000000000002  0.011688401169666553  7.082894141375521e-06
16.26  0.011688595616322819  7.04258518228096e-06
16.28  0.011688786890335673  7.003856036071727e-06
16.3  0.011688974886430836  6.966704550035027e-06
16.32  0.011689159493322991  6.931124056222928e-06
16.34  0.011689340594682553  6.897103469427591e-06
16.36  0.011689518070199115  6.864627462878782e-06
16.38  0.011689691796731294  6.833676699136214e-06
16.4  0.011689861649508141  6.804228108515432e-06
16.42  0.011690027503381767  6.776255229837811e-06
16.44  0.011690189234096848  6.749728591189238e-06
16.46  0.011690346719570028  6.724616128838106e-06
16.48  0.011690499841162098  6.700883652826584e-06
16.5  0.01169064848491012  6.678495325943598e-06
16.52  0.011690792542736595  6.657414174008106e-06
16.54  0.011690931913594618  6.637602598684911e-06
16.56  0.011691066504559932  6.619022887324494e-06
16.580000000000002  0.01169119623185382  6.6016377190771035e-06
16.6  0.011691321021801562  6.585410633345448e-06
16.62  0.0116914408117113  6.57030645482621e-06
16.64  0.011691555550674979  6.556291663475553e-06
16.66  0.01169166520028427  6.543334684931809e-06
16.68  0.011691769735239489  6.531406090750649e-06
16.7  0.011691869143838046  6.5204786953400795e-06
16.72  0.0116919634283062  6.510527540858264e-06
16.740000000000002  0.011692052604945127  6.5015297837391875e-06
16.76  0.011692136704053537  6.493464469905076e-06
16.78  0.011692215769582643  6.486312233317643e-06
16.8  0.011692289858502855  6.480054935082747e-06
16.82  0.011692359039858198  6.474675272874855e-06
16.84  0.011692423393527277  6.470156395854232e-06
16.86  0.011692483008701546  6.466481563535036e-06
16.88  0.011692537982126047  6.463633857404507e-06
16.9  0.011692588416171112  6.4615959944115155e-06
16.92  0.011692634416786264  6.4603502302063975e-06
16.94  0.011692676091420079  6.459878375754836e-06
16.96  0.01169271354696743  6.460161914709846e-06
16.98  0.011692746887815249  6.461182235764651e-06
17.0  0.01169277621403066  6.462920940400105e-06
17.02  0.011692801619759491  6.465360249631924e-06
17.04  0.01169282319183892  6.4684834601484134e-06
17.06  0.01169284100868621  6.4722754547571365e-06
17.080000000000002  0.011692855139463488  6.4767232355641535e-06
17.1  0.011692865643523603  6.481816476444527e-06
17.12  0.011692872570155832  6.487548047972842e-06
17.14  0.011692875958605842  6.493914512721078e-06
17.16  0.011692875838376018  6.500916575205812e-06
17.18  0.011692872229768225  6.508559449516782e-06
17.2  0.011692865144658057  6.516853140829497e-06
17.22  0.011692854587466397  6.5258126289572446e-06
17.240000000000002  0.011692840556299156  6.5354579337139566e-06
17.26  0.01169282304421609  6.545814076148451e-06
17.28  0.011692802040593041  6.556910900822825e-06
17.3  0.011692777532541174  6.568782794511539e-06
17.32  0.011692749506360699  6.581468286729838e-06
17.34  0.01169271794895691  6.595009538423735e-06
17.36  0.011692682849230255  6.609451745755743e-06
17.38  0.011692644199380195  6.624842462190446e-06
17.400000000000002  0.011692601996102675  6.641230842159725e-06
17.42  0.011692556241666447  6.6586668515588796e-06
17.44  0.011692506944832174  6.677200436358609e-06
17.46  0.011692454121621102  6.696880678236654e-06
17.48  0.011692397795903718  6.717754953539405e-06
17.5  0.011692337999810575  6.739868108060769e-06
17.52  0.0116922747739754  6.763261656571372e-06
17.54  0.011692208167581285  6.787973046390439e-06
17.56  0.011692138238257722  6.814034962120716e-06
17.580000000000002  0.011692065051808337  6.841474703512336e-06
17.6  0.01169198868178906  6.8703136428399105e-06
17.62  0.011691909208960634  6.900566754528892e-06
17.64  0.011691826720632398  6.932242240734925e-06
17.66  0.01169174130989709  6.965341250107977e-06
17.68  0.011691653074805648  6.999857681334149e-06
17.7  0.011691562117477499  7.035778081068884e-06
17.72  0.011691468543180863  7.07308164496289e-06
17.740000000000002  0.011691372459392103  7.111740295720091e-06
17.76  0.01169127397486392  7.151718857798591e-06
17.78  0.011691173198707314  7.192975315209774e-06
17.8  0.011691070239509303  7.235461141400857e-06
17.82  0.011690965204503283  7.279121709538128e-06
17.84  0.011690858198793543  7.323896760179404e-06
17.86  0.011690749324657645  7.369720932063088e-06
17.88  0.0116906386809217  7.416524333694354e-06
17.900000000000002  0.011690526362425758  7.464233163436199e-06
17.92  0.0116904124595809  7.512770346854115e-06
17.94  0.011690297058017503  7.562056197599491e-06
17.96  0.011690180238331658  7.612009088246155e-06
17.98  0.01169006207593146  7.66254612129773e-06
18.0  0.011689942640977245  7.713583777258371e-06
18.02  0.011689821998416974  7.76503856317627e-06
18.04  0.011689700208107577  7.816827620511953e-06
18.06  0.011689577325032521  7.868869300762355e-06
18.080000000000002  0.01168945339959002  7.921083704937873e-06
18.1  0.011689328477968042  7.973393179111271e-06
18.12  0.011689202602570722  8.025722758228638e-06
18.14  0.011689075812518292  8.078000560510364e-06
18.16  0.011688948144194772  8.130158134698443e-06
18.18  0.011688819631825791  8.182130745345944e-06
18.2  0.011688690308105477  8.233857615060037e-06
18.22  0.011688560204833349  8.285282109244296e-06
18.240000000000002  0.011688429353567417  8.336351875486874e-06
18.26  0.011688297786274789  8.387018932018604e-06
18.28  0.011688165535981624  8.43723971318054e-06
18.3  0.011688032637391377  8.486975069817409e-06
18.32  0.011687899127492508  8.536190237358107e-06
18.34  0.011687765046112221  8.584854757336482e-06
18.36  0.011687630436437023  8.632942375760171e-06
18.38  0.011687495345476868  8.680430913400453e-06
18.400000000000002  0.011687359824468767  8.727302093906137e-06
18.42  0.011687223929217002  8.773541369353269e-06
18.44  0.01168708772037093  8.819137710860644e-06
18.46  0.011686951263611719  8.864083390074334e-06
18.48  0.011686814629788683  8.90837373542663e-06
18.5  0.011686677894960404  8.95200688904419e-06
18.52  0.011686541140368536  8.994983538675974e-06
18.54  0.011686404452335073  9.037306651355338e-06
18.56  0.011686267922087911  9.07898119645778e-06
18.580000000000002  0.011686131645520278  9.12001386312169e-06
18.6  0.011685995722877505  9.160412774930095e-06
18.62  0.011685860258395853  9.200187203323705e-06
18.64  0.011685725359881816  9.239347281093284e-06
18.66  0.011685591138248822  9.277903714642751e-06
18.68  0.011685457707011071  9.315867494629599e-06
18.7  0.011685325181756911  9.353249620710417e-06
18.72  0.01168519367959621  9.390060821203776e-06
18.740000000000002  0.011685063318593897  9.426311283431473e-06
18.76  0.011684934217202427  9.462010384840298e-06
18.78  0.01168480649370102  9.497166437512502e-06
18.8  0.011684680265645344  9.531786436805178e-06
18.82  0.01168455564934283  9.565875829876242e-06
18.84  0.011684432759360422  9.599438276412992e-06
18.86  0.011684311708064792  9.632475432470335e-06
18.88  0.011684192605214562  9.664986747146822e-06
18.900000000000002  0.011684075557593786  9.69696926669876e-06
18.92  0.011683960668714083  9.72841745424096e-06
18.94  0.011683848038567972  9.759323023439241e-06
18.96  0.011683737763451954  9.78967478245128e-06
18.98  0.011683629935857094  9.819458494615208e-06
19.0  0.011683524644429405  9.848656758097794e-06
19.02  0.01168342197399038  9.877248891398526e-06
19.04  0.011683322005651298  9.905210838161973e-06
19.06  0.01168322481696862  9.932515085161304e-06
19.080000000000002  0.011683130482187262  9.959130591219618e-06
19.1  0.011683039072541378  9.98502273065184e-06
19.12  0.011682950656616595  1.0010153257189512e-05
19.14  0.011682865300771793  1.0034480262435309e-05
19.16  0.011682783069609987  1.0057958155712922e-05
19.18  0.01168270402650293  1.0080537653781236e-05
19.2  0.011682628234145497  1.0102165770157806e-05
19.22  0.011682555755151309  1.0122785822889286e-05
19.240000000000002  0.011682486652678445  1.0142337429322153e-05
19.26  0.011682420991063796  1.0160756525095442e-05
19.28  0.011682358836474085  1.0177975367671119e-05
19.3  0.011682300257553709  1.0193922549833919e-05
19.32  0.011682245326074057  1.0208523003586451e-05
19.34  0.011682194117542032  1.0221698008136516e-05
19.36  0.011682146711802005  1.0233365190687432e-05
19.38  0.011682103193578864  1.0243438519664594e-05
19.400000000000002  0.011682063652969572  1.025182829545655e-05
19.42  0.011682028185863284  1.0258441134149089e-05
19.44  0.01168199689426643  1.026317994604276e-05
19.46  0.01168196988652806  1.0265943907973075e-05
19.48  0.011681947277436978  1.0266628439893806e-05
19.5  0.011681929188160719  1.0265125176751964e-05
19.52  0.011681915746022209  1.026132195457467e-05
19.54  0.011681907084061378  1.025510280861625e-05
19.56  0.011681903340380082  1.0246347990931098e-05
19.580000000000002  0.011681904657218203  1.0234934037338383e-05
19.6  0.011681911179750551  1.0220733863783836e-05
19.62  0.011681923054566674  1.02036169475399e-05
19.64  0.011681940427814695  1.0183449577779173e-05
19.66  0.011681963442999686  1.016009523146903e-05
19.68  0.011681992238411952  1.0133415063843707e-05
19.7  0.011682026944222927  1.0103268578443524e-05
19.72  0.01168206767924288  1.0069514467306241e-05
19.740000000000002  0.011682114547408062  1.0032011684487079e-05
19.76  0.011682167634050458  9.990620742256239e-06
19.78  0.011682227002062107  9.945205278170466e-06
19.8  0.011682292688052962  9.895633890180092e-06
19.82  0.011682364698652836  9.841782245378569e-06
19.84  0.011682443007107923  9.783535439082745e-06
19.86  0.01168252755033733  9.720790594408904e-06
19.88  0.01168261822660553  9.653459618619731e-06
19.900000000000002  0.011682714893960635  9.581472073384603e-06
19.92  0.011682817369554142  9.50477805774304e-06
19.94  0.011682925429921005  9.42335100528256e-06
19.96  0.011683038812259725  9.337190263484813e-06
19.98  0.011683157216720173  9.246323368241553e-06
20.0  0.011683280309610057  9.15080787074066e-06
