0.02  -0.03540946015425371  0.001395352530902215
0.04  -0.0773597545407474  0.0023340839655346733
0.06  -0.11414458360138723  0.002714761679440744
0.08  -0.1466071496126316  0.0027598880422877218
0.1  -0.17528493375272944  0.0026110590794549194
0.12  -0.20054833463371427  0.00235634515875483
0.14  -0.22267720385165599  0.0020492702357975813
0.16  -0.24190156023494672  0.0017215499388613894
0.18  -0.25842245006792797  0.0013914980635948873
0.2  -0.2724223075215554  0.0010694233486370894
0.22  -0.2840700281007569  0.0007610104243675544
0.24  -0.2935235581158491  0.00046938045719786006
0.26  -0.3009314380722146  0.00019629901563662523
0.28  -0.3064339698557751  -5.7147710218166e-05
0.3  -0.3101642663832135  -0.000290200063718679
0.32  -0.31224925282814997  -0.0005022656672629442
0.34  -0.3128106084620139  -0.0006928652349999254
0.36  -0.3119656087536733  -0.000861631885050775
0.38  -0.3098278389150446  -0.0010083352035749067
0.4  -0.3065077511413101  -0.001132907721041439
0.42  -0.3021130604647018  -0.0012354681765430284
0.44  -0.296748981799418  -0.0013163368848566307
0.46  -0.2905183231984795  -0.0013760398998702078
0.48  -0.28352145167651494  -0.001415303012829631
0.5  -0.2758561567139671  -0.0014350415552577436
0.52  -0.26761743104059627  -0.0014363443977295247
0.54  -0.25889719560046803  -0.0014204518216294744
0.56  -0.24978399281335886  -0.0013887303791448179
0.58  -0.24036266010020116  -0.0013426453813430122
0.6  -0.23071400418342908  -0.001283734893849765
0.62  -0.22091449175167377  -0.001213584672800295
0.64  -0.2110359664104362  -0.0011338031969912372
0.66  -0.20114540252688792  -0.0010459979979972685
0.68  -0.19130470239926167  -0.0009517546702504635
0.7000000000000001  -0.18157054140372944  -0.0008526180328771427
0.72  -0.17199426440828824  -0.0007500756015838053
0.74  -0.16262183459200327  -0.0006455436831227189
0.76  -0.1534938331202685  -0.0005403549219866857
0.78  -0.14464550878514423  -0.00043574800342212084
0.8  -0.13610687525382  -0.00033286048200571955
0.8200000000000001  -0.1279028526225165  -0.00023272320583894395
0.84  -0.12005344925605102  -0.00013625609621428596
0.86  -0.11257397941150536  -4.426630637151423e-05
0.88  -0.10547531270820498  4.255161643830187e-05
0.9  -0.09876415016667933  0.000123614758461695
0.92  -0.09244332145224109  0.00019844979013301008
0.9400000000000001  -0.08651209870313979  0.000266689517849205
0.96  -0.08096652196280543  0.00032806836915659553
0.98  -0.0757997315495104  0.0003824174088260656
1.0  -0.07100230285761025  0.00042965898503746
1.02  -0.06656257938687932  0.00046980093139601254
1.04  -0.06246700040638334  0.0005029299500712926
1.06  -0.05870042048265145  0.000529203239189617
1.08  -0.05524641772308429  0.0005488405273017787
1.1  -0.05208758733377582  0.0005621177317039179
1.12  -0.04920581834819375  0.0005693604340740082
1.1400000000000001  -0.04658255166998959  0.000570936772213807
1.16  -0.04419901789588857  0.0005672501874570746
1.18  -0.04203645412751987  0.0005587320963990151
1.2  -0.04007629919068959  0.0005458346390028392
1.22  -0.03830036681272777  0.0005290237867470067
1.24  -0.036690996618916  0.0005087729387942678
1.26  -0.035231183136763496  0.00048555697749940645
1.28  -0.03390468331367205  0.00045984677339322937
1.3  -0.032696103305422136  0.0004321041762831619
1.32  -0.03159096550009591  0.00040277752700115094
1.34  -0.03057575693391778  0.0003722976574815062
1.36  -0.02963796035639693  0.000341074320682994
1.3800000000000001  -0.028766069333791708  0.0003094930952137631
1.4000000000000001  -0.027949588896611848  0.0002779128008301453
1.42  -0.02717902322585799  0.00024666339879989983
1.44  -0.026445851984324833  0.00021604434756478634
1.46  -0.02574249696279673  0.00018632354812709917
1.48  -0.02506228060180613  0.00015773681586024715
1.5  -0.024399377929583157  0.0001304874216543958
1.52  -0.023748763542476826  0.00010474614900068464
1.54  -0.023106154915728407  8.065213825326784e-05
1.56  -0.0224679532941452  5.831400291736184e-05
1.58  -0.021831183478742452  3.781106518037765e-05
1.6  -0.021193433646939933  1.9194805536532056e-05
1.62  -0.020552796182859302  2.4905611916208547e-06
1.6400000000000001  -0.019907810372761472  -1.2300554203406881e-05
1.6600000000000001  -0.01925740769526508  -2.519956062081171e-05
1.68  -0.018600860308647896  -3.6247401277505196e-05
1.7  -0.017937733208946628  -4.5502656896547736e-05
1.72  -0.017267840404694323  -5.303922640184454e-05
1.74  -0.016591205337026925  -5.894400550618601e-05
1.76  -0.015908025678839654  -6.331458409204797e-05
1.78  -0.015218642544607489  -6.625697698748874e-05
1.8  -0.014523514020071342  -6.78834324856504e-05
1.82  -0.013823192832174949  -6.831036915343745e-05
1.84  -0.013118307922525763  -6.76564557027405e-05
1.86  -0.012409549639805935  -6.604083757979492e-05
1.8800000000000001  -0.011697658218718545  -6.358151774282252e-05
1.9000000000000001  -0.01098341517077311  -6.039390063550238e-05
1.92  -0.010267637183734097  -5.658950883798868e-05
1.94  -0.009551172113800944  -5.227487989190808e-05
1.96  -0.00883489664972697  -4.755064773519219e-05
1.98  -0.008119715228722176  -4.25108119396042e-05
2.0  -0.007406559796024012  -3.724219777918446e-05
2.02  -0.006696390031915582  -3.182410726640557e-05
2.04  -0.005990193715244432  -2.632815070888959e-05
2.06  -0.00528898692072466  -2.0818235015572788e-05
2.08  -0.0045938137547133825  -1.5350686540729777e-05
2.1  -0.003905745364060806  -9.974484978058252e-06
2.12  -0.0032258780444832658  -4.7315704860948936e-06
2.14  -0.002555330347414603  3.427846812803655e-07
2.16  -0.001895239088822863  5.219543847726773e-06
2.18  -0.0012467542086509274  9.875426757915257e-06
2.2  -0.0006110324899409533  1.4292395264439619e-05
2.22  1.0769811333362356e-05  1.84571156586749e-05
2.24  0.0006175053381259881  2.236040917323579e-05
2.2600000000000002  0.0012080448841966496  2.5996701274793308e-05
2.2800000000000002  0.0017812873746918608  2.936347947512239e-05
2.3000000000000003  0.0023361704004700454  3.2460768376756154e-05
2.32  0.002871681113941422  3.52906298218294e-05
2.34  0.003386867283520037  3.7856695054599065e-05
2.36  0.003880848298294137  4.0163734896862834e-05
2.38  0.004352825913116278  4.221727322713286e-05
2.4  0.004802094525735415  4.4023248492033125e-05
2.42  0.005228050782089014  4.558772776541356e-05
2.44  0.005630202314394006  4.6916677637046556e-05
2.46  0.006008175430247863  4.8015795400084495e-05
2.48  0.006361721589464511  4.889040219655406e-05
2.5  0.006690722528408527  4.954539621813313e-05
2.52  0.006995193918831209  4.998525975175662e-05
2.54  0.0072752874779672076  5.0214111334143325e-05
2.56  0.007531291475210402  5.0235793502188364e-05
2.58  0.0077636296064486476  5.005398528958103e-05
2.6  0.007972858234913872  4.9672330862029134e-05
2.62  0.008159662028873742  4.909458309866339e-05
2.64  0.008324848054272279  4.8324761200251845e-05
2.66  0.008469338403658207  4.736731443187879e-05
2.68  0.008594161465419716  4.622728186804028e-05
2.7  0.008700441958659624  4.4910441005734374e-05
2.72  0.008789389877690039  4.342344093160943e-05
2.74  0.008862288506243203  4.177391661550897e-05
2.7600000000000002  0.008920481675124717  3.997058083526504e-05
2.7800000000000002  0.008965360447286741  3.8023290545107706e-05
2.8000000000000003  0.00899834942004106  3.594308583460703e-05
2.82  0.009020892835873682  3.374220100086706e-05
2.84  0.009034440692449814  3.1434047641256985e-05
2.86  0.009040435039192767  2.9033169621876635e-05
2.88  0.009040296641768322  2.655516964158403e-05
2.9  0.009035412186699652  2.401660739707488e-05
2.92  0.009027122185803397  2.143487018994774e-05
2.94  0.009016709724671905  1.882801822921553e-05
2.96  0.00900539018145742  1.6214608532743257e-05
2.98  0.008994302022863537  1.3613502523923075e-05
3.0  0.008984498764334655  1.1043662707305884e-05
3.02  0.008976942161593192  8.523943201378789e-06
3.04  0.008972496680978458  6.0728779234153676e-06
3.06  0.00897192527673532  3.708469426631951e-06
3.08  0.00897588648424184  1.4479809934769502e-06
3.1  0.008984932819507758  -6.922652803892349e-07
3.12  0.00899951045725829  -2.6970814535015684e-06
3.14  0.009019960143000804  -4.552594558277347e-06
3.16  0.009046519278745087  -6.246411992632021e-06
3.18  0.009079325107915828  -7.767768390683704e-06
3.2  0.00911841891227035  -9.10765133919179e-06
3.22  0.009163751122593001  -1.0258903882142117e-05
3.24  0.009215187235688222  -1.1216302267553634e-05
3.2600000000000002  0.009272514423103582  -1.1976607889136403e-05
3.2800000000000002  0.009335448712025787  -1.2538593006335369e-05
3.3000000000000003  0.009403642615631983  -1.2903040418352457e-05
3.3200000000000003  0.009476693089144415  -1.3072717531872934e-05
3.34  0.00955414968911961  -1.3052325511580414e-05
3.36  0.009635522817088849  -1.2848424409140952e-05
3.38  0.00972029193420619  -1.2469335457586275e-05
3.4  0.009807913640701878  -1.1925022000261942e-05
3.42  0.00989782952224914  -1.1226950851155547e-05
3.44  0.009989473674555677  -1.0387936154187909e-05
3.46  0.010082279827243077  -9.421968042226745e-06
3.48  0.010175687998223135  -8.344028552124505e-06
3.5  0.010269150620421335  -7.169897474678245e-06
3.52  0.010362138093710107  -5.915951016052475e-06
3.54  0.010454143726593175  -4.598956479067633e-06
3.56  0.010544688044042978  -3.2358663371339e-06
3.58  0.010633322449569334  -1.8436150806137364e-06
3.6  0.010719632240412221  -4.3892195513605325e-07
3.62  0.010803238984605279  9.618977597799887e-07
3.64  0.010883802277501855  2.3431106703002092e-06
3.66  0.010961020903320642  3.6897304677175886e-06
3.68  0.011034633434318247  4.987668764305786e-06
3.7  0.01110441830634317  6.22387012567721e-06
3.72  0.011170193414623745  7.386430083283942e-06
3.74  0.011231815277668183  8.46469513299654e-06
3.7600000000000002  0.011289177820052763  9.44934405089484e-06
3.7800000000000002  0.011342210826663528  1.0332450148848097e-05
3.8000000000000003  0.011390878121673352  1.1107524365947799e-05
3.8200000000000003  0.011435175525267585  1.1769539368202135e-05
3.84  0.011475128640015791  1.2314935035061996e-05
3.86  0.011510790516861918  1.2741605915936869e-05
3.88  0.011542239248054337  1.3048871417536696e-05
3.9  0.011569575530909714  1.323742966421917e-05
3.92  0.01159292024213486  1.3309296112902296e-05
3.94  0.011612412057618673  1.3267728048763929e-05
3.96  0.011628205147451614  1.3117136258131666e-05
3.98  0.011640466970704252  1.2862985247212577e-05
4.0  0.011649376189369665  1.2511683662261882e-05
4.0200000000000005  0.0116551207160724  1.2070466750602074e-05
4.04  0.011657895905547866  1.1547273006295457e-05
4.0600000000000005  0.01165790289555279  1.0950617218488255e-05
4.08  0.011655347098767081  1.0289462166051492e-05
4.1  0.01165043684339372  9.573091005649818e-06
4.12  0.011643382156696927  8.810982077855228e-06
4.14  0.011634393682656619  8.012687510390907e-06
4.16  0.011623681722427347  7.1877166958811065e-06
4.18  0.011611455384378003  6.345425578568149e-06
4.2  0.011597921829137617  5.4949126166262976e-06
4.22  0.011583285594341023  4.644922395998928e-06
4.24  0.011567747983491722  3.8037578173814152e-06
4.26  0.011551506503600838  2.9792017819866407e-06
4.28  0.011534754336882003  2.1784491331680806e-06
4.3  0.011517679832810525  1.4080493915396295e-06
4.32  0.011500466008308483  6.738606072996425e-07
4.34  0.011483290045490792  -1.8985577128656506e-08
4.36  0.011466322778455523  -6.661077420927778e-07
4.38  0.011449728162774332  -1.2638876360823574e-06
4.4  0.01143366272368471  -1.8094725806819126e-06
4.42  0.011418274981434386  -2.300767919703197e-06
4.44  0.01140370485470886  -2.736420255726197e-06
4.46  0.011390083045635217  -3.1157926035643106e-06
4.48  0.01137753041225978  -3.4389326286326637e-06
4.5  0.01136615733623364  -3.7065340433263473e-06
4.5200000000000005  0.01135606309416107  -3.919889564174669e-06
4.54  0.01134733524192806  -4.080834774053811e-06
4.5600000000000005  0.011340049023956873  -4.1916864333326614e-06
4.58  0.011334266821820298  -4.255180156328866e-06
4.6000000000000005  0.011330037656978799  -4.274409341006153e-06
4.62  0.011327396761616457  -4.25276481532934e-06
4.64  0.011326365231043304  -4.193874645959004e-06
4.66  0.01132694977071469  -4.101544252350226e-06
4.68  0.01132914255016049  -3.979697331229907e-06
4.7  0.011332921174913094  -3.832318042450232e-06
4.72  0.011338248785958413  -3.6633948422267262e-06
4.74  0.011345074294441638  -3.476866316842514e-06
4.76  0.011353332757438812  -3.2765695439829668e-06
4.78  0.011362945898441869  -3.066191804242005e-06
4.8  0.011373822773550044  -2.8492266702704705e-06
4.82  0.01138586058120962  -2.6289354630596243e-06
4.84  0.01139894561002221  -2.408314890196405e-06
4.86  0.011412954316228019  -2.190071504853204e-06
4.88  0.011427754520277817  -1.976603551499627e-06
4.9  0.011443206710293193  -1.7699905577155941e-06
4.92  0.011459165438973984  -1.5719908758600031e-06
4.94  0.011475480799352428  -1.3840469762933512e-06
4.96  0.01149199996374628  -1.2072980167496012e-06
4.98  0.011508568769067728  -1.0425988065210592e-06
5.0  0.01152503333059947  -8.905439904686378e-07
5.0200000000000005  0.011541241665253223  -7.514961379535357e-07
5.04  0.011557045304536506  -6.256164004447666e-07
5.0600000000000005  0.011572300876877323  -5.128964243772036e-07
5.08  0.011586871638806095  -4.1319034179348535e-07
5.1000000000000005  0.01160062893475667  -3.2624580237030276e-07
5.12  0.01161345356588212  -2.5173314992872793e-07
5.14  0.011625237049353997  -1.8927206775140593e-07
5.16  0.011635882751037132  -1.3845511487976065e-07
5.18  0.011645306876150943  -9.886778341259032e-08
5.2  0.011653439304532765  -7.010483516259585e-08
5.22  0.011660224259366105  -5.1782797399482165e-08
5.24  0.011665620800619149  -4.354866619149956e-08
5.26  0.011669603136983744  -4.5084918605625517e-08
5.28  0.011672160752744517  -5.611110534303916e-08
5.3  0.011673298348642733  -7.638231823371613e-08
5.32  0.011673035598507029  -1.0568491385666828e-07
5.34  0.011671406725997157  -1.4382994333506007e-07
5.36  0.011668459908356722  -1.9064471511106044e-07
5.38  0.011664256516481192  -2.4596301801695607e-07
5.4  0.011658870202819166  -3.096144349249092e-07
5.42  0.011652385850690812  -3.814132733299274e-07
5.44  0.011644898400399506  -4.6114752762325007e-07
5.46  0.011636511569099863  -5.485683117105802e-07
5.48  0.011627336482686186  -6.433801162830004e-07
5.5  0.01161749023892592  -7.452322516000257e-07
5.5200000000000005  0.011607094421846877  -8.53711737799326e-07
5.54  0.011596273587687488  -9.68337896919871e-07
5.5600000000000005  0.011585153742876744  -1.088558817831473e-06
5.58  0.011573860834249779  -1.2137498463601513e-06
5.6000000000000005  0.011562519271200597  -1.3432142223154006e-06
5.62  0.011551250498674547  -1.4761858683661464e-06
5.64  0.011540171638840763  -1.6118343646417716e-06
5.66  0.011529394217967509  -1.7492720073932259e-06
5.68  0.011519022993480788  -1.8875628110699423e-06
5.7  0.01150915489443569  -2.0257332078083327e-06
5.72  0.011499878086689492  -2.1627841218314816e-06
5.74  0.011491271172022071  -2.297704049530598e-06
5.76  0.011483402528331882  -2.429482701800812e-06
5.78  0.011476329795916049  -2.557124837308984e-06
5.8  0.011470099512805167  -2.6796638590185443e-06
5.82  0.011464746900120122  -2.796174876087303e-06
5.84  0.011460295796418534  -2.9057869668387953e-06
5.86  0.011456758738142402  -3.007694458470134e-06
5.88  0.011454137181325291  -3.10116714197971e-06
5.9  0.011452421857925006  -3.185559308807931e-06
5.92  0.011451593258340984  -3.2603175658992966e-06
5.94  0.011451622230124706  -3.3249873385337637e-06
5.96  0.011452470681380132  -3.379217991415415e-06
5.98  0.011454092376177658  -3.4227664738666302e-06
6.0  0.011456433808305955  -3.4554994074264644e-06
6.0200000000000005  0.011459435138992391  -3.477393532523728e-06
6.04  0.011463031183726272  -3.488534495584353e-06
6.0600000000000005  0.011467152433152807  -3.4891138998532196e-06
6.08  0.011471726092994136  -3.479424687994324e-06
6.1000000000000005  0.011476677128224812  -3.459854857966948e-06
6.12  0.011481929297187936  -3.430879593555882e-06
6.140000000000001  0.011487406161973319  -3.3930519121857313e-06
6.16  0.011493032062231689  -3.346991951758843e-06
6.18  0.011498733040560932  -3.2933750355911484e-06
6.2  0.011504437708724592  -3.232918715232564e-06
6.22  0.01151007804520236  -3.1663689404066303e-06
6.24  0.011515590115918415  -3.0944856229424473e-06
6.26  0.011520914711347075  -3.018027794823115e-06
6.28  0.011525997894705637  -2.937738626652953e-06
6.3  0.011530791457392133  -2.854330569941805e-06
6.32  0.011535253279304237  -2.7684708774931366e-06
6.34  0.011539347593158212  -2.680767780548416e-06
6.36  0.011543045153311934  -2.5917576028040346e-06
6.38  0.011546323310955193  -2.5018930981701476e-06
6.4  0.011549165998759263  -2.411533370884529e-06
6.42  0.011551563629240149  -2.3209356924172564e-06
6.44  0.011553512912056882  -2.230249614792524e-06
6.46  0.011555016596393974  -2.1395137029606636e-06
6.48  0.011556083145286989  -2.048655201084893e-06
6.5  0.011556726349387054  -1.9574928434606172e-06
6.5200000000000005  0.01155696488815958  -1.8657428769777978e-06
6.54  0.011556821846861534  -1.7730282944226298e-06
6.5600000000000005  0.011556324197858767  -1.6788911045176693e-06
6.58  0.011555502254982968  -1.5828073814215114e-06
6.6000000000000005  0.011554389109572462  -1.4842047496338613e-06
6.62  0.011553020056754851  -1.3824818176986077e-06
6.640000000000001  0.011551432020275691  -1.277029084648855e-06
6.66  0.01154966298382655  -1.1672507173423924e-06
6.68  0.011547751436428161  -1.052586610285225e-06
6.7  0.011545735838853613  -9.325340850473846e-07
6.72  0.0115436541175064  -8.06668638420082e-07
6.74  0.011541543191502447  -6.746631295438308e-07
6.76  0.011539438537933652  -5.363048626749636e-07
6.78  0.011537373799576933  -3.9151008359735286e-07
6.8  0.011535380438473884  -2.4033546093782084e-07
6.82  0.011533487437985006  -8.298620331436942e-08
6.84  0.011531721055121439  8.017943847244855e-08
6.86  0.01153010462413465  2.4864946845070107e-07
6.88  0.011528658411542884  4.2176133990275795e-07
6.9  0.011527399522062283  5.987090595703732e-07
6.92  0.011526341854187955  7.785541151324659e-07
6.94  0.011525496103553346  9.602400758072067e-07
6.96  0.011524869811602726  1.1426105431008686e-06
6.98  0.011524467456581158  1.3244300011778696e-06
7.0  0.011524290583282613  1.5044068415510535e-06
7.0200000000000005  0.011524337967539634  1.6812177577101516e-06
7.04  0.011524605810911227  1.8535325575985088e-06
7.0600000000000005  0.0115250879607631  2.020038628666222e-06
7.08  0.011525776150793844  2.179464585706271e-06
7.1000000000000005  0.011526660257107777  2.3306028877890486e-06
7.12  0.011527728565121718  2.472331396563619e-06
7.140000000000001  0.011528968042686123  2.6036337408755347e-06
7.16  0.011530364614930918  2.723618202207193e-06
7.18  0.011531903436502781  2.8315346734575407e-06
7.2  0.011533569157045485  2.9267892083212994e-06
7.22  0.011535346176118608  3.008955752204737e-06
7.24  0.011537218884116872  3.077784722983084e-06
7.26  0.011539171886217826  3.1332082483499324e-06
7.28  0.011541190206806976  3.1753419550462113e-06
7.3  0.011543259472366365  3.2044832990168874e-06
7.32  0.011545366071211436  3.2211064896297517e-06
7.34  0.011547497288999927  3.225854168325355e-06
7.36  0.011549641419367544  3.2195260128023233e-06
7.38  0.011551787849514588  3.2030645549059253e-06
7.4  0.011553927121013587  3.177538519449235e-06
7.42  0.01155605096648707  3.1441240476673296e-06
7.44  0.01155815232321213  3.104084206489088e-06
7.46  0.011560225325042247  3.0587472022570008e-06
7.48  0.011562265274281959  3.0094837509668537e-06
7.5  0.011564268595464224  2.9576840137599046e-06
7.5200000000000005  0.011566232773119953  2.904734572092469e-06
7.54  0.011568156275786255  2.8519958466641953e-06
7.5600000000000005  0.011570038468642064  2.8007803663543406e-06
7.58  0.011571879517162837  2.752332286721918e-06
7.6000000000000005  0.01157368028424098  2.70780850087027e-06
7.62  0.011575442223189436  2.668261675273242e-06
7.640000000000001  0.011577167268972016  2.634625487363078e-06
7.66  0.011578857729906626  2.607702282819799e-06
7.68  0.01158051618195037  2.588153340707356e-06
7.7  0.011582145367516047  2.576491855660432e-06
7.72  0.011583748100516229  2.573078671110334e-06
7.74  0.011585327179194516  2.5781207856570717e-06
7.76  0.011586885307935517  2.591672512750813e-06
7.78  0.011588425029092752  2.6136391972862434e-06
7.8  0.011589948665530644  2.643783300798608e-06
7.82  0.011591458274372296  2.6817326092199085e-06
7.84  0.011592955612133117  2.726990327308102e-06
7.86  0.011594442111237956  2.778946756883333e-06
7.88  0.011595918867645136  2.836892253716425e-06
7.9  0.011597386639042103  2.9000311202526585e-06
7.92  0.011598845852811585  2.96749614191042e-06
7.94  0.011600296622853983  3.0383634366740056e-06
7.96  0.01160173877418718  3.1116674270275225e-06
7.98  0.01160317187434146  3.1864156799152592e-06
8.0  0.011604595270416681  3.2616033799108763e-06
8.02  0.011606008130623246  3.3362271925717725e-06
8.040000000000001  0.011607409489020008  3.4092982761862556e-06
8.06  0.011608798292175437  3.479854235785649e-06
8.08  0.01161017344650125  3.5469698839498418e-06
8.1  0.011611533865053515  3.6097666938020453e-06
8.120000000000001  0.01161287851268776  3.667420867366027e-06
8.14  0.01161420644853464  3.7191699926607995e-06
8.16  0.01161551686486666  3.7643183222649365e-06
8.18  0.011616809121547608  3.802240648388439e-06
8.2  0.01161808277539697  3.832384906917428e-06
8.22  0.011619337603900258  3.854273555087457e-06
8.24  0.011620573622909955  3.86750386115436e-06
8.26  0.011621791098053062  3.87174722838563e-06
8.28  0.011622990549761823  3.866747685373406e-06
8.3  0.011624172751978735  3.852319721531141e-06
8.32  0.011625338724711646  3.8283455782847295e-06
8.34  0.011626489720762478  3.7947721719510524e-06
8.36  0.01162762720706724  3.751607736058552e-06
8.38  0.011628752841181096  3.698918329239913e-06
8.4  0.011629868443565505  3.636824261761334e-06
8.42  0.011630975966337855  3.5654965190195e-06
8.44  0.011632077459279487  3.485153191312186e-06
8.46  0.01163317503385719  3.3960559353408515e-06
8.48  0.01163427082606595  3.298506431606335e-06
8.5  0.011635366958866692  3.192842811758649e-06
8.52  0.01163646550499529  3.0794359947712807e-06
8.540000000000001  0.011637568450843246  2.9586858784554928e-06
8.56  0.011638677662082424  2.8310173361645818e-06
8.58  0.011639794851615589  2.6968759500264373e-06
8.6  0.011640921550390971  2.556723465547365e-06
8.620000000000001  0.01164205908152969  2.4110329404118604e-06
8.64  0.01164320853813235  2.260283588493043e-06
8.66  0.011644370765063923  2.1049553573468946e-06
8.68  0.011645546344968147  1.945523294519095e-06
8.700000000000001  0.011646735588663991  1.7824518142674e-06
8.72  0.011647938530021803  1.6161889703459557e-06
8.74  0.011649154925371621  1.447160905361641e-06
8.76  0.01165038425737424  1.2757666221818774e-06
8.78  0.011651625743226741  1.1023731695400862e-06
8.8  0.011652878346966898  9.273113328533912e-07
8.82  0.011654140795546584  7.508718606188481e-07
8.84  0.011655411598275399  5.733022195528463e-07
8.86  0.01165668906916525  3.948039125942866e-07
8.88  0.0116579713516859  2.1553036269519182e-07
8.9  0.011659256445420332  3.558538913235945e-08
8.92  0.011660542234116802  -1.4497764407392236e-07
8.94  0.01166182651464971  -3.261559748725948e-07
8.96  0.011663107026428896  -5.079968184425274e-07
8.98  0.011664381480797969  -6.905959424989843e-07
9.0  0.011665647590000256  -8.740954264087916e-07
9.02  0.01166690309531815  -1.0586805992289007e-06
9.040000000000001  0.011668145793979729  -1.24457618448778e-06
9.06  0.011669373564509661  -1.4320416916517e-06
9.08  0.011670584390168406  -1.6213661101235986e-06
9.1  0.011671776380190874  -1.8128619628020402e-06
9.120000000000001  0.011672947788554931  -2.0068588124881733e-06
9.14  0.011674097030038168  -2.2036962904944924e-06
9.16  0.01167522269336623  -2.403716746264713e-06
9.18  0.011676323551281757  -2.607257603839258e-06
9.200000000000001  0.011677398567417126  -2.814643541076674e-06
9.22  0.0116784468999119  -3.0261785591719458e-06
9.24  0.011679467901749258  -3.242138080773629e-06
9.26  0.011680461117903829  -3.4627611394883796e-06
9.28  0.011681426279415114  -3.6882427861031344e-06
9.3  0.011682363294637864  -3.918726805549229e-06
9.32  0.011683272237965562  -4.15429885097904e-06
9.34  0.011684153336409268  -4.394980119571453e-06
9.36  0.011685006954462791  -4.640721679891773e-06
9.38  0.011685833577700606  -4.891399558856898e-06
9.4  0.011686633795566675  -5.146810688255981e-06
9.42  0.011687408283780105  -5.4066697283391475e-06
9.44  0.011688157786749403  -5.670606712675046e-06
9.46  0.011688883100450891  -5.938165428073458e-06
9.48  0.01168958505617317  -6.208802452983787e-06
9.5  0.011690264505618848  -6.481886980207511e-06
9.52  0.011690922307785536  -6.756701858871166e-06
9.540000000000001  0.011691559317852153  -7.0324466017292545e-06
9.56  0.011692176377983442  -7.308243037410813e-06
9.58  0.011692774309726626  -7.583143792231077e-06
9.6  0.011693353907668484  -7.856143127896729e-06
9.620000000000001  0.011693915934117838  -8.126189192983284e-06
9.64  0.011694461114861806  -8.392196736578875e-06
9.66  0.011694990136141673  -8.653059664776226e-06
9.68  0.011695503642905603  -8.90766319048441e-06
9.700000000000001  0.011696002238334963  -9.154895639945442e-06
9.72  0.01169648648448908  -9.393660014841672e-06
9.74  0.011696956903818154  -9.622885470536558e-06
9.76  0.011697413981319637  -9.841538704041244e-06
9.78  0.011697858167027793  -1.0048635269569502e-05
9.8  0.011698289878647537  -1.0243250709884063e-05
9.82  0.01169870950412085  -1.0424531378711195e-05
9.84  0.011699117403980028  -1.059170483716504e-05
9.86  0.011699513913388051  -1.0744089645510447e-05
9.88  0.01169989934375978  -1.0881104402596072e-05
9.9  0.011700273983944732  -1.1002275874592295e-05
9.92  0.01170063810091702  -1.1107246055992368e-05
9.94  0.011700991939990012  -1.1195778063164818e-05
9.96  0.011701335724559888  -1.1267760681337444e-05
9.98  0.011701669655405193  -1.1323211515758833e-05
10.0  0.011701993909610263  -1.1362278645414689e-05
10.02  0.011702308639170881  -1.1385240723803779e-05
10.040000000000001  0.011702613969338612  -1.1392505512157675e-05
10.06  0.011702909996834668  -1.1384606815097653e-05
10.08  0.0117031967879734  -1.136219986370518e-05
10.1  0.011703474376838982  -1.132605517395821e-05
10.120000000000001  0.01170374276358585  -1.1277050957092462e-05
10.14  0.011704001912971072  -1.1216164168135719e-05
10.16  0.011704251753206035  -1.1144460311693697e-05
10.18  0.011704492175222453  -1.1063082127212758e-05
10.200000000000001  0.011704723032408198  -1.097323731501183e-05
10.22  0.011704944140898642  -1.0876185457607546e-05
10.24  0.011705155280452635  -1.0773224322682283e-05
10.26  0.01170535619596167  -1.0665675715674909e-05
10.28  0.011705546599598458  -1.0554871094374063e-05
10.3  0.011705726173623268  -1.0442137125389974e-05
10.32  0.011705894573819169  -1.0328781382153737e-05
10.34  0.011706051433530339  -1.0216078366543247e-05
10.36  0.011706196368279645  -1.0105256050757635e-05
10.38  0.01170632898087778  -9.997483102667875e-06
10.4  0.011706448866980537  -9.893856958611679e-06
10.42  0.011706555620997896  -9.795392904823853e-06
10.44  0.01170664884228586  -9.70301427767015e-06
10.46  0.011706728141507982  -9.61754391289179e-06
10.48  0.011706793147062805  -9.539696946122157e-06
10.5  0.011706843511497846  -9.470075011166145e-06
10.52  0.011706878917779894  -9.409161919356332e-06
10.540000000000001  0.011706899085329379  -9.3573208243882e-06
10.56  0.011706903775720971  -9.314792914740769e-06
10.58  0.01170689279794829  -9.281697583068222e-06
10.6  0.011706866013169892  -9.258034074052985e-06
10.620000000000001  0.011706823338861614  -9.243684545775567e-06
10.64  0.011706764752280167  -9.23841846722735e-06
10.66  0.011706690293225741  -9.241898289619882e-06
10.68  0.011706600066003624  -9.253686260703132e-06
10.700000000000001  0.011706494240585688  -9.273252303918227e-06
10.72  0.011706373052928222  -9.299982802356147e-06
10.74  0.011706236804447375  -9.333190175010546e-06
10.76  0.011706085860648769  -9.372123104287782e-06
10.78  0.011705920648934307  -9.415977254933529e-06
10.8  0.011705741655602609  -9.463906339474799e-06
10.82  0.011705549422097077  -9.51503338165972e-06
10.84  0.01170534454055612  -9.568462028015185e-06
10.86  0.011705127648708128  -9.623287757628272e-06
10.88  0.011704899424211684  -9.678608843177424e-06
10.9  0.011704660578495778  -9.733536946855464e-06
10.92  0.01170441185020434  -9.787207213267737e-06
10.94  0.011704153998323436  -9.838787737779381e-06
10.96  0.011703887795085311  -9.8874883189309e-06
10.98  0.011703614018762753  -9.93256840075955e-06
11.0  0.011703333446428862  -9.97334411738279e-06
11.02  0.011703046846803908  -1.0009194385369622e-05
11.040000000000001  0.011702754973274984  -1.0039565980933605e-05
11.06  0.01170245855718164  -1.0063977577178646e-05
11.08  0.01170215830145616  -1.0082022720297394e-05
11.1  0.01170185487471755  -1.0093371728376406e-05
11.120000000000001  0.011701548905876713  -1.0097772544977028e-05
11.14  0.011701240979336298  -1.0095050540485321e-05
11.16  0.011700931630832967  -1.0085107341785751e-05
11.18  0.011700621343983343  -1.0067918702086082e-05
11.200000000000001  0.011700310547558403  -1.0043531500962923e-05
11.22  0.011699999613521504  -1.001205994182727e-05
11.24  0.011699688855851594  -9.973681025938531e-06
11.26  0.011699378530135526  -9.928629404958576e-06
11.28  0.011699068833944722  -9.87719169923205e-06
11.3  0.011698759907957122  -9.819700386034375e-06
11.32  0.011698451837818827  -9.756527370592867e-06
11.34  0.011698144656676346  -9.688077326836062e-06
11.36  0.011697838348363947  -9.614780930381091e-06
11.38  0.011697532851159907  -9.537088067391108e-06
11.4  0.01169722806207067  -9.45546114304081e-06
11.42  0.011696923841555882  -9.370368547533827e-06
11.44  0.011696620018634373  -9.28227839070415e-06
11.46  0.01169631639628125  -9.191652569205569e-06
11.48  0.011696012757035006  -9.098941254396934e-06
11.5  0.01169570886874998  -9.004577831281206e-06
11.52  0.011695404490377218  -8.908974367717658e-06
11.540000000000001  0.011695099377727579  -8.812517633048427e-06
11.56  0.011694793289122655  -8.715565713021743e-06
11.58  0.011694485990848047  -8.618445224359663e-06
11.6  0.011694177262356994  -8.521449147634932e-06
11.620000000000001  0.011693866901150426  -8.42483527305508e-06
11.64  0.01169355472726315  -8.328825258062508e-06
11.66  0.011693240587323996  -8.233604257372722e-06
11.68  0.011692924358126546  -8.139321125385992e-06
11.700000000000001  0.011692605949681955  -8.046089120952694e-06
11.72  0.011692285307725831  -7.95398711739986e-06
11.74  0.011691962415658657  -7.863061224690888e-06
11.76  0.011691637295894288  -7.773326811925702e-06
11.78  0.011691310010637213  -7.684770848555224e-06
11.8  0.011690980662076203  -7.5973545130376616e-06
11.82  0.011690649392013681  -7.511016033248815e-06
11.84  0.011690316380946066  -7.4256736623651265e-06
11.86  0.011689981846634613  -7.341228759420162e-06
11.88  0.01168964604219271  -7.257568911615939e-06
11.9  0.011689309253724446  -7.174571048640052e-06
11.92  0.011688971797575658  -7.0921044780320125e-06
11.94  0.011688634017237182  -7.010033831705831e-06
11.96  0.011688296279948392  -6.928221846181249e-06
11.98  0.011687958973067236  -6.84653196490379e-06
12.0  0.011687622500264446  -6.7648307115609325e-06
12.02  0.011687287277587697  -6.682989830383227e-06
12.040000000000001  0.011686953729465543  -6.600888146921673e-06
12.06  0.011686622284701197  -6.518413164443475e-06
12.08  0.011686293372521335  -6.435462358499958e-06
12.1  0.011685967418723164  -6.351944194015976e-06
12.120000000000001  0.01168564484196112  -6.267778844385699e-06
12.14  0.011685326050251365  -6.182898637042359e-06
12.16  0.011685011437699525  -6.0972482252563145e-06
12.18  0.011684701381502833  -6.0107845147328856e-06
12.200000000000001  0.011684396239271498  -5.923476350681628e-06
12.22  0.011684096346667859  -5.835304006052036e-06
12.24  0.01168380201540942  -5.7462584754562574e-06
12.26  0.011683513531632942  -5.656340624464549e-06
12.280000000000001  0.011683231154639736  -5.565560203667761e-06
12.3  0.011682955116014828  -5.473934776645121e-06
12.32  0.011682685619126169  -5.381488564281691e-06
12.34  0.011682422838994995  -5.288251266058355e-06
12.36  0.011682166922518009  -5.1942568577123234e-06
12.38  0.011681917989030378  -5.099542418286827e-06
12.4  0.01168167613118748  -5.004146982537708e-06
12.42  0.011681441416137204  -4.908110466479091e-06
12.44  0.011681213886949456  -4.81147267974107e-06
12.46  0.01168099356428826  -4.7142724170997925e-06
12.48  0.01168078044827241  -4.616546676152952e-06
12.5  0.0116805745205058  -4.518329998344582e-06
12.52  0.011680375746231968  -4.419653934583105e-06
12.540000000000001  0.01168018407658127  -4.3205466400276626e-06
12.56  0.011679999450868742  -4.221032603288232e-06
12.58  0.01167982179891619  -4.121132511014473e-06
12.6  0.01167965104335049  -4.020863228977644e-06
12.620000000000001  0.01167948710185094  -3.920237900417332e-06
12.64  0.011679329889315884  -3.81926615117739e-06
12.66  0.011679179319902911  -3.717954386879888e-06
12.68  0.011679035308930424  -3.6163061750126035e-06
12.700000000000001  0.011678897774599555  -3.514322703339779e-06
12.72  0.01167876663951092  -3.412003276230145e-06
12.74  0.01167864183196574  -3.3093458864824382e-06
12.76  0.011678523287033374  -3.2063478028936457e-06
12.780000000000001  0.01167841094736122  -3.103006201268625e-06
12.8  0.011678304763743794  -2.9993188098485866e-06
12.82  0.011678204695451663  -2.8952845716230394e-06
12.84  0.011678110710323361  -2.7909042965297668e-06
12.86  0.011678022784665036  -2.686181315005281e-06
12.88  0.011677940902962083  -2.5811220853959728e-06
12.9  0.011677865057439538  -2.47573676264199e-06
12.92  0.011677795247505042  -2.3700396870695683e-06
12.94  0.011677731479106446  -2.264049790638386e-06
12.96  0.011677673764011198  -2.1577908892419823e-06
12.98  0.011677622119036904  -2.051291848410169e-06
13.0  0.011677576565268093  -1.944586638483593e-06
13.02  0.011677537127247829  -1.837714228126704e-06
13.040000000000001  0.011677503832163462  -1.73071836474353e-06
13.06  0.011677476709053872  -1.6236472317941687e-06
13.08  0.011677455788025485  -1.5165529907715182e-06
13.1  0.011677441099493079  -1.4094912248690627e-06
13.120000000000001  0.011677432673461509  -1.3025203163037234e-06
13.14  0.011677430538850914  -1.195700764202584e-06
13.16  0.011677434722867407  -1.0890944506634524e-06
13.18  0.011677445250427678  -9.82763906710849e-07
13.200000000000001  0.011677462143652213  -8.76771564261344e-07
13.22  0.011677485421418641  -7.711790254355858e-07
13.24  0.011677515098983876  -6.660463538151785e-07
13.26  0.011677551187679915  -5.614314053893274e-07
13.280000000000001  0.011677593694681004  -4.5738920516200836e-07
13.3  0.011677642622840765  -3.5397137968185216e-07
13.32  0.011677697970605867  -2.512256359966979e-07
13.34  0.011677759731993382  -1.4919532449129665e-07
13.36  0.011677827896635518  -4.791905268045722e-08
13.38  0.011677902449882108  5.2569625683758416e-08
13.4  0.011677983372958885  1.5224244474907212e-07
13.42  0.011678070643177624  2.5107659004956415e-07
13.44  0.011678164234168665  3.49054787335875e-07
13.46  0.011678264116168883  4.4616531015329074e-07
13.48  0.0116783702563143  5.424019270998609e-07
13.5  0.01167848261895827  6.377637597038111e-07
13.52  0.011678601166014173  7.322550878476335e-07
13.540000000000001  0.011678725857277101  8.258850827329951e-07
13.56  0.011678856650772193  9.186674888819637e-07
13.58  0.011678993503082331  1.010620245261854e-06
13.6  0.011679136369665426  1.1017650674505696e-06
13.620000000000001  0.011679285205164775  1.1921269949925501e-06
13.64  0.011679439963692105  1.2817339040472925e-06
13.66  0.011679600599083654  1.3706160029326319e-06
13.68  0.011679767065128499  1.4588053204409469e-06
13.700000000000001  0.011679939315741978  1.5463351860555623e-06
13.72  0.011680117305096464  1.6332397199744645e-06
13.74  0.011680300987677769  1.719553332823207e-06
13.76  0.011680490318258092  1.8053102368485946e-06
13.780000000000001  0.011680685251783653  1.8905439970871743e-06
13.8  0.011680885743150158  1.975287091245505e-06
13.82  0.011681091746887834  2.0595705270803335e-06
13.84  0.011681303216730492  2.143423478884361e-06
13.86  0.011681520105107198  2.2268730118578752e-06
13.88  0.011681742362564267  2.309943834123251e-06
13.9  0.01168196993713148  2.392658139565456e-06
13.92  0.011682202773682232  2.4750355060850437e-06
13.94  0.01168244081329367  2.557092858517028e-06
13.96  0.011682683992656212  2.6388445121850205e-06
13.98  0.011682932243533088  2.7203022482487284e-06
14.0  0.011683185492304283  2.8014754575270574e-06
14.02  0.011683443659616027  2.8823712986746986e-06
14.040000000000001  0.011683706660120006  2.9629948967584184e-06
14.06  0.01168397440232458  3.0433495559661406e-06
14.08  0.011684246788559838  3.1234369741982033e-06
14.1  0.011684523715047867  3.203257464843624e-06
14.120000000000001  0.011684805072060718  3.282810168220773e-06
14.14  0.011685090744190087  3.362093250595423e-06
14.16  0.011685380610680519  3.441104086153565e-06
14.18  0.011685674545856034  3.519839423220012e-06
14.200000000000001  0.011685972419599214  3.598295524485798e-06
14.22  0.011686274097880828  3.676468277018707e-06
14.24  0.011686579443345686  3.7543532854518013e-06
14.26  0.011686888315918586  3.831945929082443e-06
14.280000000000001  0.011687200573432246  3.909241403545827e-06
14.3  0.011687516072275372  3.986234716854011e-06
14.32  0.011687834668029275  4.062920681227643e-06
14.34  0.011688156216100247  4.139293862418674e-06
14.36  0.011688480572335857  4.215348522339799e-06
14.38  0.011688807593607247  4.2910785292438886e-06
14.4  0.011689137138351728  4.366477261209616e-06
14.42  0.011689469067086284  4.4415374923477695e-06
14.44  0.011689803242848443  4.516251269333067e-06
14.46  0.011690139531600134  4.590609789797116e-06
14.48  0.011690477802551762  4.664603273325481e-06
14.5  0.011690817928433492  4.738220834720039e-06
14.52  0.011691159785694766  4.8114503806649645e-06
14.540000000000001  0.011691503254628775  4.884278498675052e-06
14.56  0.01169184821943027  4.956690380876082e-06
14.58  0.011692194568188919  5.028669761107977e-06
14.6  0.011692542192808604  5.100198877292688e-06
14.620000000000001  0.011692890988866764  5.171258462521779e-06
14.64  0.011693240855414986  5.241827765073241e-06
14.66  0.011693591694727522  5.311884604757911e-06
14.68  0.011693943411999908  5.381405464260306e-06
14.700000000000001  0.011694295915012407  5.450365600735013e-06
14.72  0.01169464911375791  5.5187392104698915e-06
14.74  0.01169500292004715  5.586499612072603e-06
14.76  0.011695357247105905  5.6536194702985114e-06
14.780000000000001  0.011695712009152067  5.720071035892303e-06
14.8  0.011696067120987563  5.7858264270360844e-06
14.82  0.011696422497598818  5.850857913000359e-06
14.84  0.01169677805377341  5.915138221069735e-06
14.86  0.01169713370374327  5.978640863288831e-06
14.88  0.01169748936086298  6.041340450265451e-06
14.9  0.011697844937327586  6.1032130117950846e-06
14.92  0.011698200343933405  6.164236314384528e-06
14.94  0.0116985554898873  6.224390155568809e-06
14.96  0.011698910282672136  6.28365663931388e-06
14.98  0.0116992646279579  6.342020425422639e-06
15.0  0.011699618429572931  6.3994689441488435e-06
15.02  0.01169997158953177  6.455992575851201e-06
15.040000000000001  0.011700324008110795  6.511584780876506e-06
15.06  0.011700675583974154  6.566242180785305e-06
15.08  0.011701026214360527  6.619964597674168e-06
15.1  0.011701375795295689  6.672755031870352e-06
15.120000000000001  0.011701724221852176  6.7246195802095105e-06
15.14  0.011702071388452289  6.775567304968615e-06
15.16  0.011702417189175321  6.825610049303191e-06
15.18  0.011702761518108482  6.874762186718825e-06
15.200000000000001  0.011703104269698074  6.923040329531586e-06
15.22  0.011703445339108606  6.97046298892527e-06
15.24  0.011703784622578137  7.017050182546111e-06
15.26  0.011704122017780587  7.062823015494251e-06
15.280000000000001  0.011704457424147281  7.107803222035987e-06
15.3  0.011704790743183903  7.152012691246615e-06
15.32  0.011705121878752833  7.195472974710166e-06
15.34  0.011705450737310257  7.238204777873817e-06
15.36  0.01170577722811746  7.280227470583356e-06
15.38  0.011706101263383476  7.321558603787758e-06
15.4  0.0117064227583739  7.362213442258566e-06
15.42  0.01170674163144935  7.402204530056352e-06
15.44  0.01170705780404657  7.441541297578333e-06
15.46  0.01170737120059931  7.480229718276061e-06
15.48  0.011707681748389534  7.518272014210776e-06
15.5  0.011707989377331258  7.555666427847983e-06
15.52  0.011708294019704187  7.592407058619726e-06
15.540000000000001  0.011708595609808924  7.628483768620244e-06
15.56  0.011708894083572379  7.663882160905777e-06
15.58  0.011709189378115246  7.69858363081587e-06
15.6  0.011709481431272258  7.732565503092853e-06
15.620000000000001  0.01170977018109214  7.765801209150584e-06
15.64  0.011710055565334294  7.798260573101557e-06
15.66  0.01171033752097957  7.82991013799101e-06
15.68  0.011710615983766815  7.860713559023876e-06
15.700000000000001  0.011710890887797702  7.890632060542123e-06
15.72  0.011711162165218501  7.919624943054124e-06
15.74  0.011711429745988669  7.947650134975596e-06
15.76  0.011711693557781412  7.97466479974504e-06
15.780000000000001  0.011711953526000993  8.000625955501494e-06
15.8  0.01171220957392781  8.025491151831057e-06
15.82  0.011712461622996856  8.049219141805224e-06
15.84  0.0117127095932014  8.071770582723673e-06
15.860000000000001  0.01171295340359398  8.093108725427728e-06
15.88  0.011713192972875226  8.113200101231126e-06
15.9  0.011713428220045511  8.132015175947571e-06
15.92  0.011713659065107494  8.14952897637436e-06
15.94  0.01171388542977702  8.165721676966424e-06
15.96  0.011714107238210546  8.180579105738128e-06
15.98  0.011714324417716974  8.194093207814781e-06
16.0  0.011714536899454193  8.206262412119238e-06
16.02  0.011714744619103802  8.217091915568668e-06
16.04  0.011714947517504888  8.226593873343038e-06
16.06  0.011715145541262295  8.234787475723928e-06
16.080000000000002  0.011715338643304572  8.241698931728335e-06
16.1  0.011715526783382852  8.24736134192206e-06
16.12  0.011715709928522257  8.251814463909157e-06
16.14  0.011715888053399435  8.255104380381218e-06
16.16  0.011716061140641084  8.257283071869289e-06
16.18  0.011716229181050385  8.258407892726351e-06
16.2  0.011716392173751486  8.258540983509483e-06
16.22  0.011716550126259467  8.257748600944484e-06
16.240000000000002  0.0117167030544649  8.256100405428868e-06
16.26  0.011716850982557704  8.253668692268553e-06
16.28  0.011716993942874617  8.250527591822075e-06
16.3  0.011717131975699055  8.246752260117752e-06
16.32  0.011717265128991957  8.242418052920291e-06
16.34  0.011717393458093936  8.237599710768373e-06
16.36  0.01171751702537234  8.232370559657393e-06
16.38  0.011717635899844765  8.22680174265405e-06
16.4  0.011717750156758957  8.220961491589985e-06
16.42  0.0117178598771597  8.214914447961458e-06
16.44  0.011717965147422606  8.208721040926998e-06
16.46  0.01171806605876943  8.202436935171435e-06
16.48  0.011718162706766339  8.196112547475382e-06
16.5  0.011718255190796778  8.189792640754328e-06
16.52  0.011718343613510438  8.183516003957539e-06
16.54  0.011718428080241004  8.177315212254139e-06
16.56  0.011718508698399206  8.17121646686864e-06
16.580000000000002  0.011718585576788754  8.16523953688184e-06
16.6  0.011718658824878856  8.159397758865003e-06
16.62  0.011718728551962812  8.153698122076154e-06
16.64  0.011718794866196773  8.14814141922868e-06
16.66  0.01171885787347898  8.142722453944532e-06
16.68  0.011718917676132697  8.137430298052473e-06
16.7  0.011718974371354312  8.13224858861925e-06
16.72  0.01171902804941  8.12715587044429e-06
16.740000000000002  0.011719078791580906  8.122125991921433e-06
16.76  0.011719126667874696  8.117128579505906e-06
16.78  0.01171917173456367  8.11212960933049e-06
16.8  0.011719214031657977  8.107092143458644e-06
16.82  0.011719253580444943  8.101977251494025e-06
16.84  0.011719290381258848  8.09674515873086e-06
16.86  0.01171932441165672  8.091356647385074e-06
16.88  0.011719355625164385  8.085774679658056e-06
16.9  0.011719383950716037  8.079966212066927e-06
16.92  0.011719409292897973  8.073904112442128e-06
16.94  0.011719431533020686  8.067569100181967e-06
16.96  0.011719450531004216  8.060951571650036e-06
16.98  0.011719466128004032  8.05405321991227e-06
17.0  0.011719478149675267  8.046888329498337e-06
17.02  0.011719486409929786  8.039484670471666e-06
17.04  0.011719490715028983  8.031883930504562e-06
17.06  0.01171949086785111  8.024141645139441e-06
17.080000000000002  0.011719486672167679  8.016326628681526e-06
17.1  0.011719477936814441  8.008519914109264e-06
17.12  0.01171946447959101  8.000813258529995e-06
17.14  0.011719446130824051  7.993307256487698e-06
17.16  0.011719422736493727  7.986109139483178e-06
17.18  0.011719394160876275  7.979330347279343e-06
17.2  0.011719360288655823  7.973083940089891e-06
17.22  0.011719321026511006  7.967481952729407e-06
17.240000000000002  0.0117192763041684  7.962632762208274e-06
17.26  0.01171922607493823  7.958638557661413e-06
17.28  0.011719170315772416  7.955592970835602e-06
17.3  0.011719109026878595  7.95357894091967e-06
17.32  0.01171904223094551  7.952666860373543e-06
17.34  0.011718969972020998  7.952913058562711e-06
17.36  0.011718892314112921  7.954358630176187e-06
17.38  0.01171880933957033  7.957028660510494e-06
17.400000000000002  0.011718721147281296  7.960931827592679e-06
17.42  0.011718627850775393  7.966060411419829e-06
17.44  0.011718529576258421  7.972390680021074e-06
17.46  0.011718426460645751  7.979883638999671e-06
17.48  0.011718318649629977  7.988486125855504e-06
17.5  0.01171820629582928  7.998132209829619e-06
17.52  0.011718089557050164  8.008744845521356e-06
17.54  0.011717968594692324  8.02023776274712e-06
17.56  0.01171784357231958  8.03251752380435e-06
17.580000000000002  0.0117177146544188  8.045485694924636e-06
17.6  0.011717582005346129  8.059041104843364e-06
17.62  0.011717445788478133  8.073082108364638e-06
17.64  0.011717306165555112  8.087508817813016e-06
17.66  0.011717163296220587  8.102225271324935e-06
17.68  0.011717017337732429  8.117141456301673e-06
17.7  0.011716868444842835  8.132175178869399e-06
17.72  0.011716716769813933  8.147253736042175e-06
17.740000000000002  0.011716562462557334  8.162315342856408e-06
17.76  0.011716405670868978  8.177310313206771e-06
17.78  0.011716246540737163  8.192201964655685e-06
17.8  0.011716085216688928  8.206967236847821e-06
17.82  0.011715921842160821  8.221597003203642e-06
17.84  0.011715756559863039  8.23609611260085e-06
17.86  0.011715589512123573  8.250483124003921e-06
17.88  0.011715420841182357  8.264789769575544e-06
17.900000000000002  0.01171525068942185  8.27906015606159e-06
17.92  0.011715079199536686  8.293349725121458e-06
17.94  0.01171490651459993  8.307723994343413e-06
17.96  0.011714732778044641  8.322257109869046e-06
17.98  0.011714558133553772  8.33703023752746e-06
18.0  0.011714382724841214  8.352129825887065e-06
18.02  0.011714206695345633  8.367645775860584e-06
18.04  0.011714030187825197  8.383669548367694e-06
18.06  0.01171385334387796  8.400292249823558e-06
18.080000000000002  0.011713676303370373  8.417602721905355e-06
18.1  0.011713499203818319  8.435685684005177e-06
18.12  0.011713322179704899  8.454619935435313e-06
18.14  0.011713145361773276  8.47447668794125e-06
18.16  0.011712968876276457  8.495318009359208e-06
18.18  0.011712792844239725  8.517195441769038e-06
18.2  0.011712617380722478  8.540148798300636e-06
18.22  0.011712442594113432  8.564205162821649e-06
18.240000000000002  0.011712268585455134  8.58937810785371e-06
18.26  0.011712095447836239  8.61566713541333e-06
18.28  0.01171192326585222  8.64305736523411e-06
18.3  0.011711752115143668  8.671519454925931e-06
18.32  0.011711582062035306  8.70100975899576e-06
18.34  0.01171141316328169  8.73147073274824e-06
18.36  0.011711245465925595  8.7628315525724e-06
18.38  0.011711079007268897  8.795008955090385e-06
18.400000000000002  0.011710913814980437  8.827908269080703e-06
18.42  0.011710749907313288  8.86142464476199e-06
18.44  0.011710587293458304  8.895444422976964e-06
18.46  0.011710425974015337  8.929846650506345e-06
18.48  0.011710265941576151  8.964504704479521e-06
18.5  0.011710107181421705  8.99928799414165e-06
18.52  0.011709949672316105  9.034063724095874e-06
18.54  0.01170979338738394  9.068698679872138e-06
18.56  0.011709638295074612  9.103061005000907e-06
18.580000000000002  0.011709484360174237  9.137021952638862e-06
18.6  0.011709331544871936  9.170457578332452e-06
18.62  0.011709179809851901  9.203250337140015e-06
18.64  0.011709029115401063  9.235290576170129e-06
18.66  0.011708879422504103  9.266477894743867e-06
18.68  0.011708730693933155  9.2967223428361e-06
18.7  0.011708582895289709  9.32594545990955e-06
18.72  0.011708435995996863  9.354081114683755e-06
18.740000000000002  0.011708289970224323  9.381076157065338e-06
18.76  0.011708144797738587  9.406890864703836e-06
18.78  0.011708000464655702  9.431499184157238e-06
18.8  0.011707856964091027  9.454888747800771e-06
18.82  0.011707714296702396  9.477060707728318e-06
18.84  0.011707572471112912  9.498029352126018e-06
18.86  0.01170743150421832  9.517821540111179e-06
18.88  0.011707291421360028  9.53647595120687e-06
18.900000000000002  0.011707152256374417  9.554042182954338e-06
18.92  0.011707014051524562  9.570579686033961e-06
18.94  0.011706876857300513  9.586156592397645e-06
18.96  0.011706740732113462  9.600848419832723e-06
18.98  0.011706605741869294  9.61473670355918e-06
19.0  0.011706471959450671  9.627907558464478e-06
19.02  0.011706339464095859  9.640450221144324e-06
19.04  0.011706208340708325  9.652455553689791e-06
19.06  0.0117060786790848  9.664014578227237e-06
19.080000000000002  0.011705950573090759  9.675217034855641e-06
19.1  0.011705824119794945  9.686149990831836e-06
19.12  0.011705699418559642  9.696896524739602e-06
19.14  0.011705576570128943  9.70753450674314e-06
19.16  0.011705455675698435  9.718135478689062e-06
19.18  0.011705336835998302  9.728763661044366e-06
19.2  0.011705220150396623  9.739475089548142e-06
19.22  0.011705105716029954  9.750316902436523e-06
19.240000000000002  0.011704993626975638  9.761326764622417e-06
19.26  0.01170488397348154  9.772532453128694e-06
19.28  0.011704776841237089  9.783951601526552e-06
19.3  0.011704672310741213  9.79559158375507e-06
19.32  0.011704570456700415  9.807449561455306e-06
19.34  0.011704471347540893  9.819512670229235e-06
19.36  0.011704375044972855  9.831758336462223e-06
19.38  0.011704281603641165  9.84415472623948e-06
19.400000000000002  0.011704191070863132  9.856661301809355e-06
19.42  0.011704103486427935  9.86922948302191e-06
19.44  0.011704018882480577  9.881803382522612e-06
19.46  0.011703937283470526  9.894320618194466e-06
19.48  0.011703858706169344  9.906713172449491e-06
19.5  0.011703783159733971  9.918908283385443e-06
19.52  0.01170371064583347  9.930829350254225e-06
19.54  0.011703641158810557  9.942396837986714e-06
19.56  0.011703574685870452  9.953529160807502e-06
19.580000000000002  0.011703511207300973  9.964143523833336e-06
19.6  0.011703450696701524  9.974156723672664e-06
19.62  0.011703393121210897  9.983485862055642e-06
19.64  0.011703338441728016  9.992048997018799e-06
19.66  0.011703286613122083  9.999765687665463e-06
19.68  0.011703237584403697  1.0006557439203587e-05
19.7  0.01170319129886407  1.0012348037003295e-05
19.72  0.01170314769417179  1.0017063767972913e-05
19.740000000000002  0.01170310670241535  1.0020633517035288e-05
19.76  0.011703068250083486  1.0022988749984008e-05
19.78  0.011703032257991224  1.0024063377898386e-05
19.8  0.011702998641144826  1.0023793523669363e-05
19.82  0.011702967308541066  1.0022117177725036e-05
19.84  0.011702938162916034  1.0018973780222783e-05
19.86  0.011702911100445761  1.0014303738434662e-05
19.88  0.011702886010416427  1.0008047892762066e-05
19.900000000000002  0.011702862774880637  1.0000146963111466e-05
19.92  0.011702841268306077  9.990541009874518e-06
19.94  0.011702821357268314  9.979168912398683e-06
19.96  0.011702802900192709  9.96596791090563e-06
19.98  0.011702785747187985  9.950873250136967e-06
20.0  0.011702769739997582  9.933817933856389e-06
